4 0.230469 0.433594 0.074219 0.058594
4 0.262695 0.380859 0.060547 0.058594
4 0.315430 0.333984 0.052734 0.046875
4 0.375000 0.383789 0.058594 0.044922
4 0.319336 0.430664 0.060547 0.056641
4 0.269531 0.483398 0.062500 0.052734
4 0.395508 0.485352 0.060547 0.060547
4 0.348633 0.541992 0.064453 0.056641
4 0.451172 0.531250 0.058594 0.062500
4 0.403320 0.588867 0.064453 0.064453
4 0.510742 0.579102 0.056641 0.056641
4 0.459961 0.635742 0.064453 0.052734
4 0.350586 0.177734 0.056641 0.058594
4 0.311523 0.232422 0.072266 0.054688
4 0.412109 0.220703 0.062500 0.054688
4 0.367188 0.278320 0.070312 0.064453
4 0.476562 0.270508 0.074219 0.056641
4 0.422852 0.322266 0.076172 0.058594
4 0.553711 0.330078 0.083984 0.058594
4 0.500977 0.381836 0.083984 0.060547
4 0.594727 0.376953 0.060547 0.054688
4 0.549805 0.432617 0.060547 0.052734
4 0.655273 0.425781 0.060547 0.054688
4 0.612305 0.476562 0.060547 0.054688
4 0.596680 0.248047 0.044922 0.046875
4 0.632812 0.206055 0.046875 0.048828
4 0.680664 0.245117 0.044922 0.044922
4 0.639648 0.282227 0.044922 0.044922
4 0.717773 0.273438 0.044922 0.042969
4 0.683594 0.315430 0.046875 0.048828
4 0.339844 0.065430 0.042969 0.044922
4 0.369141 0.035156 0.039062 0.035156
4 0.398438 0.011719 0.039062 0.019531
