2 0.119141 0.129883 0.062500 0.072266
2 0.369141 0.125000 0.078125 0.082031
2 0.622070 0.125977 0.076172 0.072266
2 0.870117 0.121094 0.072266 0.050781
2 0.113281 0.370117 0.082031 0.052734
2 0.368164 0.374023 0.080078 0.048828
2 0.618164 0.376953 0.080078 0.046875
2 0.871094 0.371094 0.078125 0.031250
2 0.118164 0.622070 0.076172 0.037109
2 0.369141 0.624023 0.074219 0.044922
2 0.615234 0.623047 0.078125 0.054688
2 0.871094 0.625000 0.085938 0.070312
2 0.120117 0.874023 0.087891 0.080078
2 0.372070 0.874023 0.076172 0.080078
2 0.622070 0.875977 0.076172 0.083984
2 0.870117 0.875977 0.076172 0.087891
