0 0.111328 0.042969 0.027344 0.039062
0 0.142578 0.019531 0.027344 0.031250
0 0.171875 0.044922 0.031250 0.035156
0 0.197266 0.015625 0.035156 0.023438
0 0.226562 0.046875 0.039062 0.046875
0 0.261719 0.021484 0.031250 0.035156
0 0.287109 0.052734 0.035156 0.050781
0 0.320312 0.021484 0.031250 0.042969
0 0.345703 0.054688 0.035156 0.046875
0 0.378906 0.021484 0.031250 0.042969
0 0.404297 0.060547 0.035156 0.035156
0 0.101562 0.185547 0.031250 0.042969
0 0.132812 0.148438 0.039062 0.039062
0 0.160156 0.181641 0.046875 0.035156
0 0.191406 0.154297 0.031250 0.035156
0 0.218750 0.185547 0.031250 0.035156
0 0.250000 0.156250 0.031250 0.031250
0 0.271484 0.193359 0.035156 0.042969
0 0.306641 0.156250 0.035156 0.046875
0 0.332031 0.191406 0.039062 0.039062
0 0.365234 0.160156 0.035156 0.039062
0 0.388672 0.199219 0.042969 0.039062
0 0.421875 0.164062 0.039062 0.046875
0 0.097656 0.312500 0.039062 0.031250
0 0.126953 0.283203 0.042969 0.035156
0 0.158203 0.318359 0.035156 0.035156
0 0.181641 0.285156 0.035156 0.039062
0 0.210938 0.332031 0.039062 0.046875
0 0.242188 0.294922 0.039062 0.042969
0 0.277344 0.330078 0.039062 0.042969
0 0.300781 0.296875 0.039062 0.046875
0 0.332031 0.335938 0.046875 0.046875
0 0.355469 0.296875 0.039062 0.046875
0 0.388672 0.333984 0.042969 0.035156
0 0.416016 0.292969 0.042969 0.039062
0 0.089844 0.457031 0.031250 0.039062
0 0.123047 0.421875 0.027344 0.039062
0 0.150391 0.458984 0.027344 0.042969
0 0.181641 0.421875 0.027344 0.039062
0 0.208984 0.460938 0.027344 0.039062
0 0.238281 0.427734 0.031250 0.035156
0 0.265625 0.464844 0.031250 0.039062
0 0.298828 0.427734 0.027344 0.042969
0 0.347656 0.433594 0.046875 0.039062
0 0.322266 0.468750 0.035156 0.039062
0 0.378906 0.474609 0.031250 0.042969
0 0.412109 0.439453 0.042969 0.035156
0 0.082031 0.589844 0.031250 0.039062
0 0.113281 0.568359 0.031250 0.050781
0 0.167969 0.560547 0.039062 0.042969
0 0.142578 0.595703 0.027344 0.035156
0 0.201172 0.595703 0.027344 0.035156
0 0.228516 0.566406 0.027344 0.039062
0 0.255859 0.595703 0.035156 0.042969
0 0.289062 0.572266 0.031250 0.042969
0 0.318359 0.603516 0.027344 0.042969
