4 0.564453 0.933594 0.082031 0.085938
4 0.494141 0.865234 0.089844 0.097656
4 0.531250 0.763672 0.078125 0.105469
4 0.615234 0.830078 0.082031 0.097656
4 0.679688 0.728516 0.093750 0.105469
4 0.593750 0.650391 0.109375 0.097656
4 0.437500 0.607422 0.117188 0.121094
4 0.466797 0.263672 0.105469 0.128906
4 0.414062 0.396484 0.125000 0.136719
4 0.515625 0.484375 0.117188 0.117188
4 0.585938 0.343750 0.109375 0.140625
4 0.701172 0.513672 0.121094 0.136719
4 0.769531 0.369141 0.101562 0.128906
4 0.878906 0.480469 0.093750 0.125000
4 0.841797 0.236328 0.097656 0.128906
4 0.955078 0.341797 0.089844 0.136719
