2 0.500977 0.500000 0.107422 0.078125
2 0.243164 0.418945 0.111328 0.150391
2 0.294922 0.354492 0.093750 0.130859
2 0.341797 0.296875 0.093750 0.132812
2 0.429688 0.157227 0.101562 0.119141
2 0.495117 0.111328 0.080078 0.113281
2 0.547852 0.437500 0.107422 0.082031
2 0.664062 0.271484 0.101562 0.066406
2 0.713867 0.207031 0.150391 0.101562
2 0.763672 0.148438 0.128906 0.089844
2 0.810547 0.093750 0.113281 0.074219
2 0.840820 0.037109 0.103516 0.066406
2 0.609375 0.633789 0.097656 0.123047
2 0.665039 0.588867 0.087891 0.115234
2 0.704102 0.517578 0.083984 0.109375
2 0.748047 0.461914 0.093750 0.126953
2 0.784180 0.390625 0.080078 0.105469
2 0.833984 0.340820 0.078125 0.111328
2 0.885742 0.303711 0.064453 0.099609
2 0.925781 0.222656 0.078125 0.121094
2 0.891602 0.699219 0.099609 0.078125
2 0.841797 0.747070 0.089844 0.064453
2 0.817383 0.812500 0.095703 0.074219
2 0.767578 0.869141 0.105469 0.070312
2 0.949219 0.864258 0.097656 0.068359
2 0.904297 0.921875 0.105469 0.070312
