2 0.500977 0.500000 0.111328 0.054688
2 0.536133 0.412109 0.095703 0.054688
2 0.506836 0.622070 0.169922 0.064453
2 0.484375 0.682617 0.113281 0.052734
2 0.466797 0.740234 0.117188 0.050781
2 0.496094 0.793945 0.117188 0.048828
2 0.517578 0.852539 0.093750 0.064453
2 0.846680 0.974609 0.107422 0.046875
2 0.845703 0.917969 0.121094 0.050781
2 0.833984 0.862305 0.128906 0.052734
2 0.821289 0.801758 0.146484 0.052734
2 0.834961 0.734375 0.130859 0.054688
2 0.830078 0.678711 0.136719 0.048828
2 0.834961 0.615234 0.123047 0.050781
2 0.839844 0.555664 0.113281 0.060547
2 0.843750 0.476562 0.109375 0.054688
2 0.920898 0.362305 0.119141 0.052734
