2 0.108398 0.126953 0.095703 0.050781
2 0.368164 0.128906 0.076172 0.050781
2 0.621094 0.127930 0.074219 0.060547
2 0.871094 0.127930 0.074219 0.060547
2 0.120117 0.376953 0.076172 0.066406
2 0.371094 0.380859 0.074219 0.070312
2 0.622070 0.379883 0.056641 0.056641
2 0.878906 0.382812 0.058594 0.058594
2 0.127930 0.635742 0.056641 0.056641
2 0.380859 0.632812 0.050781 0.054688
2 0.623047 0.618164 0.078125 0.072266
2 0.872070 0.620117 0.068359 0.068359
2 0.124023 0.870117 0.068359 0.072266
2 0.374023 0.875000 0.060547 0.070312
2 0.625000 0.877930 0.054688 0.068359
2 0.874023 0.877930 0.048828 0.064453
