2 0.125977 0.126953 0.060547 0.066406
2 0.369141 0.133789 0.054688 0.072266
2 0.622070 0.135742 0.064453 0.072266
2 0.872070 0.134766 0.072266 0.078125
2 0.125000 0.381836 0.074219 0.083984
2 0.376953 0.381836 0.082031 0.083984
2 0.624023 0.383789 0.076172 0.068359
2 0.873047 0.382812 0.074219 0.058594
2 0.120117 0.633789 0.072266 0.052734
2 0.373047 0.629883 0.085938 0.052734
2 0.623047 0.630859 0.082031 0.050781
2 0.873047 0.632812 0.085938 0.046875
2 0.123047 0.884766 0.074219 0.035156
2 0.370117 0.876953 0.072266 0.035156
2 0.619141 0.876953 0.078125 0.039062
2 0.866211 0.874023 0.080078 0.041016
