0 0.111607 0.647321 0.080357 0.080357
0 0.116071 0.524554 0.080357 0.066964
0 0.111607 0.395089 0.080357 0.075893
0 0.116071 0.263393 0.080357 0.080357
0 0.118304 0.140625 0.075893 0.075893
0 0.113839 0.026786 0.084821 0.053571
0 0.464286 0.040179 0.062500 0.053571
0 0.392857 0.087054 0.062500 0.049107
0 0.453125 0.138393 0.058036 0.044643
0 0.397321 0.191964 0.062500 0.053571
0 0.457589 0.245536 0.058036 0.053571
0 0.395089 0.303571 0.058036 0.053571
0 0.453125 0.354911 0.058036 0.049107
0 0.395089 0.404018 0.066964 0.058036
0 0.457589 0.459821 0.058036 0.044643
0 0.395089 0.515625 0.066964 0.058036
0 0.453125 0.564732 0.058036 0.058036
0 0.390625 0.618304 0.075893 0.049107
0 0.457589 0.662946 0.058036 0.058036
0 0.705357 0.866071 0.071429 0.044643
0 0.700893 0.767857 0.071429 0.044643
0 0.698661 0.660714 0.058036 0.035714
0 0.698661 0.560268 0.066964 0.049107
0 0.691964 0.457589 0.062500 0.049107
0 0.691964 0.357143 0.062500 0.053571
0 0.680804 0.256696 0.058036 0.049107
0 0.678571 0.160714 0.071429 0.053571
0 0.674107 0.058036 0.071429 0.044643
0 0.986607 0.055804 0.026786 0.040179
0 0.982143 0.127232 0.035714 0.040179
0 0.982143 0.191964 0.035714 0.044643
0 0.984375 0.263393 0.031250 0.044643
0 0.982143 0.332589 0.035714 0.040179
0 0.982143 0.401786 0.035714 0.044643
0 0.979911 0.473214 0.040179 0.044643
0 0.979911 0.540179 0.040179 0.044643
0 0.973214 0.607143 0.044643 0.044643
