4 0.804688 0.029297 0.031250 0.027344
4 0.587891 0.880859 0.027344 0.019531
4 0.566406 0.890625 0.015625 0.015625
4 0.566406 0.871094 0.015625 0.007812
4 0.617188 0.888672 0.031250 0.019531
4 0.591797 0.906250 0.027344 0.015625
4 0.617188 0.912109 0.023438 0.019531
4 0.515625 0.773438 0.023438 0.015625
4 0.519531 0.824219 0.023438 0.015625
4 0.544922 0.832031 0.019531 0.015625
4 0.505859 0.867188 0.027344 0.015625
4 0.546875 0.867188 0.015625 0.015625
4 0.523438 0.853516 0.023438 0.019531
4 0.572266 0.847656 0.019531 0.015625
4 0.523438 0.800781 0.015625 0.015625
4 0.539062 0.802734 0.015625 0.011719
4 0.554688 0.810547 0.015625 0.019531
3 0.890625 0.083984 0.093750 0.027344
3 0.871094 0.195312 0.085938 0.039062
