1 0.728125 0.933750 0.046250 0.010000
1 0.754375 0.926250 0.008750 0.012500
1 0.723125 0.453125 0.048750 0.031250
1 0.752500 0.960625 0.007500 0.011250
1 0.646250 0.648750 0.015000 0.022500
1 0.716250 0.960000 0.010000 0.017500
1 0.680625 0.711875 0.016250 0.031250
1 0.556250 0.356250 0.010000 0.025000
1 0.881250 0.780625 0.025000 0.033750
1 0.560000 0.418750 0.010000 0.020000
1 0.658125 0.796250 0.036250 0.015000
1 0.563750 0.276875 0.017500 0.028750
1 0.687500 0.805625 0.022500 0.013750
1 0.621875 0.201250 0.036250 0.067500
1 0.585625 0.161250 0.013750 0.027500
1 0.832500 0.465625 0.020000 0.041250
1 0.940625 0.772500 0.018750 0.020000
