1 0.032000 0.142000 0.062000 0.056000
1 0.194500 0.139500 0.037000 0.117000
1 0.651000 0.358500 0.062000 0.091000
1 0.287000 0.311500 0.036000 0.081000
1 0.330500 0.438500 0.039000 0.057000
1 0.188000 0.420500 0.028000 0.065000
1 0.063500 0.385000 0.065000 0.050000
1 0.077000 0.552000 0.046000 0.072000
1 0.176000 0.584000 0.030000 0.102000
1 0.443000 0.531000 0.026000 0.098000
1 0.354500 0.603500 0.045000 0.083000
1 0.118000 0.779000 0.052000 0.068000
1 0.355000 0.817500 0.044000 0.077000
1 0.656500 0.806000 0.053000 0.088000
1 0.469500 0.894000 0.049000 0.070000
1 0.237000 0.941500 0.066000 0.075000
1 0.087500 0.941500 0.067000 0.053000
