4 0.429688 0.945312 0.070312 0.078125
4 0.449219 0.876953 0.078125 0.082031
4 0.451172 0.791016 0.089844 0.097656
4 0.482422 0.695312 0.097656 0.085938
4 0.494141 0.603516 0.082031 0.089844
4 0.460938 0.066406 0.070312 0.078125
4 0.421875 0.138672 0.078125 0.074219
4 0.523438 0.107422 0.062500 0.074219
4 0.492188 0.185547 0.078125 0.066406
4 0.585938 0.156250 0.062500 0.070312
4 0.552734 0.228516 0.066406 0.066406
4 0.373047 0.224609 0.074219 0.066406
4 0.345703 0.306641 0.066406 0.089844
4 0.437500 0.275391 0.070312 0.074219
4 0.404297 0.353516 0.058594 0.074219
4 0.500000 0.318359 0.054688 0.066406
4 0.457031 0.388672 0.046875 0.066406
4 0.517578 0.433594 0.042969 0.062500
4 0.560547 0.458984 0.050781 0.066406
4 0.408203 0.550781 0.074219 0.085938
4 0.402344 0.646484 0.070312 0.082031
