4 0.062500 0.869141 0.085938 0.089844
4 0.173828 0.882812 0.105469 0.085938
4 0.302734 0.953125 0.113281 0.093750
4 0.423828 0.908203 0.121094 0.105469
4 0.603516 0.386719 0.105469 0.117188
4 0.742188 0.443359 0.117188 0.121094
4 0.880859 0.500000 0.121094 0.109375
4 0.818359 0.628906 0.121094 0.117188
4 0.687500 0.574219 0.109375 0.117188
4 0.562500 0.507812 0.140625 0.117188
4 0.494141 0.640625 0.144531 0.109375
4 0.373047 0.679688 0.121094 0.093750
4 0.531250 0.785156 0.109375 0.101562
4 0.587891 0.679688 0.089844 0.117188
4 0.710938 0.736328 0.117188 0.105469
4 0.640625 0.826172 0.117188 0.097656
4 0.492188 0.083984 0.117188 0.121094
4 0.625000 0.140625 0.125000 0.101562
4 0.822266 0.074219 0.113281 0.125000
4 0.759766 0.205078 0.121094 0.121094
4 0.962891 0.144531 0.074219 0.117188
4 0.923828 0.273438 0.105469 0.109375
