1 0.183594 0.050781 0.062500 0.070312
1 0.062500 0.138672 0.054688 0.074219
1 0.023438 0.330078 0.046875 0.113281
1 0.013672 0.445312 0.027344 0.078125
1 0.048828 0.583984 0.058594 0.074219
1 0.087891 0.757812 0.058594 0.125000
1 0.179688 0.888672 0.054688 0.089844
1 0.265625 0.648438 0.054688 0.109375
1 0.396484 0.710938 0.066406 0.093750
1 0.482422 0.882812 0.074219 0.101562
1 0.693359 0.867188 0.058594 0.117188
1 0.296875 0.451172 0.085938 0.121094
1 0.128906 0.341797 0.062500 0.082031
1 0.152344 0.228516 0.054688 0.097656
1 0.287109 0.294922 0.050781 0.058594
1 0.345703 0.162109 0.058594 0.066406
1 0.291016 0.083984 0.066406 0.066406
1 0.406250 0.058594 0.054688 0.078125
