4 0.232422 0.134766 0.105469 0.113281
4 0.294922 0.263672 0.089844 0.121094
4 0.048828 0.316406 0.089844 0.125000
4 0.048828 0.498047 0.089844 0.121094
4 0.146484 0.414062 0.105469 0.132812
4 0.257812 0.542969 0.125000 0.117188
4 0.361328 0.396484 0.121094 0.128906
4 0.525391 0.501953 0.089844 0.089844
4 0.609375 0.560547 0.062500 0.074219
4 0.839844 0.240234 0.070312 0.074219
4 0.787109 0.337891 0.074219 0.074219
4 0.796875 0.445312 0.070312 0.078125
4 0.857422 0.505859 0.074219 0.082031
4 0.835938 0.603516 0.078125 0.089844
4 0.904297 0.179688 0.074219 0.078125
