4 0.117188 0.361328 0.078125 0.074219
4 0.203125 0.343750 0.070312 0.070312
4 0.279297 0.322266 0.058594 0.074219
4 0.378906 0.298828 0.070312 0.074219
4 0.400391 0.392578 0.058594 0.082031
4 0.310547 0.406250 0.082031 0.078125
4 0.218750 0.435547 0.070312 0.074219
4 0.136719 0.455078 0.070312 0.082031
4 0.064453 0.466797 0.042969 0.042969
4 0.152344 0.550781 0.070312 0.078125
4 0.228516 0.529297 0.058594 0.074219
4 0.333984 0.507812 0.082031 0.078125
4 0.417969 0.486328 0.062500 0.074219
4 0.083984 0.595703 0.050781 0.050781
4 0.505859 0.962891 0.074219 0.074219
4 0.582031 0.962891 0.070312 0.074219
