4 0.755859 0.181641 0.035156 0.035156
4 0.824219 0.181641 0.031250 0.027344
4 0.888672 0.179688 0.035156 0.031250
4 0.960938 0.179688 0.031250 0.031250
4 0.953125 0.240234 0.031250 0.027344
4 0.886719 0.240234 0.031250 0.027344
4 0.826172 0.242188 0.035156 0.031250
4 0.753906 0.238281 0.031250 0.023438
4 0.828125 0.287109 0.031250 0.027344
4 0.757812 0.287109 0.031250 0.027344
4 0.761719 0.384766 0.031250 0.027344
4 0.750000 0.521484 0.031250 0.027344
4 0.875000 0.554688 0.031250 0.023438
4 0.820312 0.554688 0.031250 0.023438
4 0.755859 0.554688 0.027344 0.023438
4 0.820312 0.589844 0.023438 0.023438
4 0.755859 0.593750 0.027344 0.023438
4 0.824219 0.626953 0.031250 0.027344
4 0.755859 0.628906 0.027344 0.023438
3 0.703125 0.890625 0.046875 0.054688
