0 0.486328 0.042969 0.027344 0.039062
0 0.517578 0.019531 0.027344 0.031250
0 0.546875 0.044922 0.031250 0.035156
0 0.572266 0.015625 0.035156 0.023438
0 0.601562 0.046875 0.039062 0.046875
0 0.636719 0.021484 0.031250 0.035156
0 0.662109 0.052734 0.035156 0.050781
0 0.695312 0.021484 0.031250 0.042969
0 0.720703 0.054688 0.035156 0.046875
0 0.753906 0.021484 0.031250 0.042969
0 0.779297 0.060547 0.035156 0.035156
0 0.476562 0.185547 0.031250 0.042969
0 0.507812 0.148438 0.039062 0.039062
0 0.535156 0.181641 0.046875 0.035156
0 0.566406 0.154297 0.031250 0.035156
0 0.593750 0.185547 0.031250 0.035156
0 0.625000 0.156250 0.031250 0.031250
0 0.646484 0.193359 0.035156 0.042969
0 0.681641 0.156250 0.035156 0.046875
0 0.707031 0.191406 0.039062 0.039062
0 0.740234 0.160156 0.035156 0.039062
0 0.763672 0.199219 0.042969 0.039062
0 0.796875 0.164062 0.039062 0.046875
0 0.472656 0.312500 0.039062 0.031250
0 0.501953 0.283203 0.042969 0.035156
0 0.533203 0.318359 0.035156 0.035156
0 0.556641 0.285156 0.035156 0.039062
0 0.585938 0.332031 0.039062 0.046875
0 0.617188 0.294922 0.039062 0.042969
0 0.652344 0.330078 0.039062 0.042969
0 0.675781 0.296875 0.039062 0.046875
0 0.707031 0.335938 0.046875 0.046875
0 0.730469 0.296875 0.039062 0.046875
0 0.763672 0.333984 0.042969 0.035156
0 0.791016 0.292969 0.042969 0.039062
0 0.464844 0.457031 0.031250 0.039062
0 0.498047 0.421875 0.027344 0.039062
0 0.525391 0.458984 0.027344 0.042969
0 0.556641 0.421875 0.027344 0.039062
0 0.583984 0.460938 0.027344 0.039062
0 0.613281 0.427734 0.031250 0.035156
0 0.640625 0.464844 0.031250 0.039062
0 0.673828 0.427734 0.027344 0.042969
0 0.722656 0.433594 0.046875 0.039062
0 0.697266 0.468750 0.035156 0.039062
0 0.753906 0.474609 0.031250 0.042969
0 0.787109 0.439453 0.042969 0.035156
0 0.457031 0.589844 0.031250 0.039062
0 0.488281 0.568359 0.031250 0.050781
0 0.542969 0.560547 0.039062 0.042969
0 0.517578 0.595703 0.027344 0.035156
0 0.576172 0.595703 0.027344 0.035156
0 0.603516 0.566406 0.027344 0.039062
0 0.630859 0.595703 0.035156 0.042969
0 0.664062 0.572266 0.031250 0.042969
0 0.693359 0.603516 0.027344 0.042969
0 0.150391 0.662109 0.011719 0.019531
0 0.162109 0.675781 0.011719 0.023438
0 0.171875 0.664062 0.015625 0.023438
0 0.177734 0.675781 0.011719 0.023438
0 0.201172 0.664062 0.011719 0.023438
0 0.208984 0.675781 0.011719 0.023438
0 0.216797 0.662109 0.011719 0.027344
0 0.228516 0.677734 0.011719 0.027344
0 0.236328 0.664062 0.011719 0.023438
0 0.248047 0.677734 0.011719 0.019531
0 0.253906 0.666016 0.015625 0.027344
0 0.263672 0.679688 0.011719 0.023438
0 0.275391 0.667969 0.011719 0.023438
0 0.283203 0.679688 0.011719 0.023438
0 0.291016 0.667969 0.011719 0.023438
0 0.298828 0.679688 0.011719 0.023438
0 0.308594 0.666016 0.015625 0.027344
0 0.316406 0.681641 0.015625 0.019531
0 0.326172 0.666016 0.011719 0.019531
0 0.335938 0.679688 0.015625 0.023438
0 0.164062 0.613281 0.015625 0.023438
0 0.175781 0.605469 0.015625 0.023438
0 0.181641 0.617188 0.011719 0.023438
0 0.335938 0.621094 0.015625 0.023438
0 0.332031 0.607422 0.015625 0.019531
0 0.312500 0.609375 0.015625 0.023438
0 0.287109 0.621094 0.011719 0.023438
0 0.277344 0.607422 0.015625 0.027344
0 0.294922 0.607422 0.011719 0.027344
0 0.257812 0.605469 0.015625 0.023438
0 0.265625 0.619141 0.015625 0.019531
0 0.208984 0.603516 0.011719 0.019531
0 0.189453 0.601562 0.011719 0.023438
0 0.197266 0.619141 0.019531 0.027344
0 0.226562 0.605469 0.015625 0.023438
0 0.214844 0.615234 0.015625 0.019531
0 0.240234 0.605469 0.011719 0.023438
0 0.246094 0.617188 0.015625 0.023438
0 0.160156 0.537109 0.015625 0.019531
0 0.167969 0.552734 0.015625 0.019531
0 0.179688 0.539062 0.015625 0.023438
0 0.187500 0.552734 0.015625 0.019531
0 0.195312 0.542969 0.015625 0.023438
0 0.212891 0.539062 0.011719 0.023438
0 0.205078 0.550781 0.011719 0.023438
0 0.343750 0.558594 0.015625 0.023438
0 0.337891 0.546875 0.019531 0.023438
0 0.316406 0.546875 0.015625 0.023438
0 0.324219 0.556641 0.015625 0.027344
0 0.298828 0.546875 0.011719 0.023438
0 0.289062 0.558594 0.015625 0.023438
0 0.283203 0.544922 0.019531 0.019531
0 0.263672 0.546875 0.011719 0.023438
0 0.228516 0.542969 0.011719 0.023438
0 0.236328 0.552734 0.011719 0.019531
0 0.248047 0.542969 0.011719 0.023438
0 0.255859 0.554688 0.011719 0.023438
0 0.171875 0.490234 0.015625 0.027344
0 0.181641 0.478516 0.011719 0.027344
0 0.191406 0.496094 0.015625 0.031250
0 0.207031 0.496094 0.015625 0.031250
0 0.224609 0.492188 0.011719 0.023438
0 0.234375 0.480469 0.015625 0.023438
0 0.246094 0.490234 0.015625 0.019531
0 0.259766 0.492188 0.011719 0.023438
0 0.271484 0.478516 0.011719 0.019531
0 0.277344 0.496094 0.015625 0.023438
0 0.287109 0.480469 0.011719 0.023438
0 0.294922 0.498047 0.011719 0.027344
0 0.314453 0.496094 0.011719 0.023438
0 0.322266 0.482422 0.011719 0.019531
0 0.304688 0.482422 0.015625 0.027344
0 0.330078 0.498047 0.011719 0.027344
0 0.345703 0.498047 0.011719 0.027344
0 0.337891 0.482422 0.011719 0.019531
