2 0.121094 0.132812 0.046875 0.050781
2 0.376953 0.132812 0.039062 0.046875
2 0.623047 0.131836 0.062500 0.068359
2 0.875000 0.133789 0.070312 0.072266
2 0.126953 0.376953 0.066406 0.078125
2 0.383789 0.373047 0.068359 0.070312
2 0.628906 0.378906 0.082031 0.074219
2 0.870117 0.375977 0.076172 0.037109
2 0.128906 0.630859 0.062500 0.035156
2 0.369141 0.625000 0.082031 0.042969
2 0.620117 0.627930 0.076172 0.041016
2 0.874023 0.630859 0.083984 0.054688
2 0.122070 0.879883 0.076172 0.056641
2 0.366211 0.876953 0.068359 0.054688
2 0.621094 0.875977 0.082031 0.068359
2 0.870117 0.881836 0.080078 0.056641
