1 0.735000 0.798125 0.015000 0.018750
1 0.730000 0.801250 0.015000 0.020000
1 0.766250 0.845625 0.022500 0.021250
1 0.936875 0.952500 0.036250 0.067500
1 0.811875 0.885000 0.021250 0.025000
1 0.411875 0.320625 0.026250 0.036250
1 0.776250 0.840000 0.017500 0.020000
1 0.804375 0.892500 0.031250 0.032500
1 0.701875 0.747500 0.023750 0.030000
1 0.824375 0.921875 0.026250 0.031250
1 0.694375 0.751250 0.016250 0.020000
1 0.853125 0.855000 0.041250 0.047500
1 0.715000 0.771250 0.015000 0.017500
1 0.885625 0.888750 0.026250 0.032500
1 0.711250 0.775625 0.017500 0.023750
1 0.250000 0.104375 0.047500 0.066250
1 0.906875 0.919375 0.021250 0.028750
1 0.941875 0.947500 0.041250 0.072500
