2 0.125977 0.130859 0.044922 0.054688
2 0.375977 0.137695 0.037109 0.041016
2 0.623047 0.134766 0.042969 0.054688
2 0.873047 0.125977 0.046875 0.064453
2 0.124023 0.374023 0.052734 0.068359
2 0.373047 0.371094 0.054688 0.070312
2 0.624023 0.371094 0.052734 0.066406
2 0.874023 0.371094 0.064453 0.070312
2 0.121094 0.625000 0.070312 0.074219
2 0.374023 0.623047 0.060547 0.058594
2 0.625000 0.618164 0.082031 0.076172
2 0.882812 0.616211 0.097656 0.083984
2 0.125977 0.867188 0.076172 0.062500
2 0.372070 0.870117 0.068359 0.037109
2 0.624023 0.867188 0.072266 0.039062
2 0.872070 0.869141 0.080078 0.035156
