1 0.058594 0.660156 0.046875 0.023438
1 0.130859 0.656250 0.058594 0.015625
1 0.062500 0.687500 0.046875 0.023438
1 0.136719 0.679688 0.046875 0.023438
1 0.193359 0.656250 0.058594 0.031250
1 0.291016 0.679688 0.050781 0.023438
1 0.253906 0.619141 0.078125 0.019531
1 0.367188 0.638672 0.062500 0.019531
1 0.507812 0.640625 0.046875 0.015625
1 0.472656 0.671875 0.046875 0.023438
1 0.562500 0.677734 0.039062 0.019531
1 0.541016 0.619141 0.050781 0.019531
1 0.613281 0.658203 0.054688 0.019531
1 0.658203 0.644531 0.042969 0.015625
1 0.724609 0.630859 0.042969 0.027344
1 0.832031 0.619141 0.054688 0.019531
1 0.943359 0.609375 0.066406 0.023438
1 0.882812 0.443359 0.031250 0.058594
1 0.261719 0.646484 0.046875 0.027344
