0 0.015625 0.369141 0.023438 0.042969
0 0.068359 0.382812 0.035156 0.039062
0 0.041016 0.554688 0.035156 0.054688
0 0.066406 0.515625 0.031250 0.046875
0 0.095703 0.554688 0.035156 0.046875
0 0.013672 0.654297 0.019531 0.042969
0 0.025391 0.687500 0.027344 0.039062
0 0.060547 0.660156 0.027344 0.039062
0 0.089844 0.697266 0.039062 0.050781
0 0.005859 0.791016 0.003906 0.035156
0 0.023438 0.832031 0.039062 0.046875
0 0.054688 0.800781 0.039062 0.046875
0 0.082031 0.828125 0.039062 0.054688
0 0.011719 0.976562 0.023438 0.039062
0 0.042969 0.996094 0.031250 0.007812
0 0.068359 0.980469 0.027344 0.039062
