4 0.033203 0.433594 0.062500 0.058594
4 0.059570 0.380859 0.060547 0.058594
4 0.112305 0.333984 0.052734 0.046875
4 0.171875 0.383789 0.058594 0.044922
4 0.116211 0.430664 0.060547 0.056641
4 0.066406 0.483398 0.062500 0.052734
4 0.192383 0.485352 0.060547 0.060547
4 0.145508 0.541992 0.064453 0.056641
4 0.248047 0.531250 0.058594 0.062500
4 0.200195 0.588867 0.064453 0.064453
4 0.307617 0.579102 0.056641 0.056641
4 0.256836 0.635742 0.064453 0.052734
4 0.147461 0.177734 0.056641 0.058594
4 0.108398 0.232422 0.072266 0.054688
4 0.208984 0.220703 0.062500 0.054688
4 0.164062 0.278320 0.070312 0.064453
4 0.273438 0.270508 0.074219 0.056641
4 0.219727 0.322266 0.076172 0.058594
4 0.350586 0.330078 0.083984 0.058594
4 0.297852 0.381836 0.083984 0.060547
4 0.391602 0.376953 0.060547 0.054688
4 0.346680 0.432617 0.060547 0.052734
4 0.452148 0.425781 0.060547 0.054688
4 0.409180 0.476562 0.060547 0.054688
4 0.393555 0.248047 0.044922 0.046875
4 0.429688 0.206055 0.046875 0.048828
4 0.477539 0.245117 0.044922 0.044922
4 0.436523 0.282227 0.044922 0.044922
4 0.514648 0.273438 0.044922 0.042969
4 0.480469 0.315430 0.046875 0.048828
4 0.136719 0.065430 0.042969 0.044922
4 0.166016 0.035156 0.039062 0.035156
4 0.195312 0.011719 0.039062 0.019531
