4 0.156250 0.031250 0.054688 0.046875
4 0.207031 0.029297 0.031250 0.035156
4 0.244141 0.070312 0.042969 0.039062
4 0.101562 0.011719 0.039062 0.023438
4 0.041016 0.011719 0.042969 0.023438
4 0.068359 0.074219 0.042969 0.039062
4 0.128906 0.070312 0.039062 0.039062
4 0.185547 0.074219 0.042969 0.046875
4 0.056641 0.275391 0.050781 0.042969
4 0.052734 0.312500 0.042969 0.039062
4 0.101562 0.289062 0.023438 0.031250
4 0.099609 0.333984 0.027344 0.027344
4 0.214844 0.324219 0.031250 0.031250
4 0.216797 0.363281 0.035156 0.031250
4 0.216797 0.394531 0.027344 0.023438
4 0.230469 0.423828 0.023438 0.027344
4 0.123047 0.546875 0.035156 0.031250
4 0.189453 0.601562 0.035156 0.031250
4 0.117188 0.580078 0.023438 0.027344
4 0.056641 0.542969 0.035156 0.039062
4 0.023438 0.564453 0.031250 0.035156
4 0.023438 0.599609 0.031250 0.035156
4 0.054688 0.583984 0.023438 0.027344
4 0.054688 0.640625 0.039062 0.039062
4 0.107422 0.642578 0.035156 0.035156
