4 0.280273 0.026367 0.068359 0.060547
4 0.534180 0.024414 0.060547 0.056641
4 0.361328 0.048828 0.058594 0.058594
4 0.332031 0.115234 0.062500 0.058594
4 0.428711 0.079102 0.056641 0.060547
4 0.400391 0.147461 0.058594 0.060547
4 0.496094 0.109375 0.062500 0.058594
4 0.466797 0.172852 0.058594 0.056641
4 0.611328 0.080078 0.058594 0.058594
4 0.581055 0.146484 0.060547 0.058594
4 0.549805 0.208984 0.060547 0.054688
4 0.681641 0.107422 0.058594 0.058594
4 0.652344 0.172852 0.054688 0.060547
4 0.625977 0.237305 0.056641 0.056641
4 0.748047 0.210938 0.066406 0.070312
4 0.819336 0.241211 0.060547 0.060547
4 0.888672 0.267578 0.066406 0.062500
4 0.713867 0.276367 0.056641 0.064453
4 0.782227 0.302734 0.060547 0.062500
4 0.857422 0.332031 0.066406 0.062500
4 0.392578 0.264648 0.054688 0.064453
4 0.460938 0.294922 0.054688 0.062500
4 0.527344 0.321289 0.058594 0.064453
4 0.495117 0.384766 0.056641 0.062500
4 0.430664 0.358398 0.056641 0.060547
4 0.365234 0.327148 0.062500 0.060547
4 0.272461 0.409180 0.052734 0.048828
4 0.330078 0.393555 0.058594 0.052734
4 0.382812 0.415039 0.046875 0.048828
4 0.438477 0.438477 0.052734 0.052734
4 0.352539 0.459961 0.048828 0.048828
4 0.409180 0.483398 0.056641 0.052734
4 0.298828 0.524414 0.058594 0.068359
4 0.336914 0.583008 0.060547 0.060547
4 0.238281 0.551758 0.054688 0.060547
4 0.195312 0.608398 0.046875 0.048828
4 0.172852 0.653320 0.044922 0.048828
4 0.226562 0.677734 0.054688 0.050781
4 0.242188 0.626953 0.050781 0.046875
4 0.171875 0.512695 0.050781 0.052734
4 0.117188 0.503906 0.046875 0.050781
4 0.108398 0.574219 0.041016 0.050781
4 0.107422 0.630859 0.054688 0.054688
4 0.060547 0.566406 0.054688 0.042969
4 0.051758 0.619141 0.048828 0.046875
4 0.012695 0.491211 0.048828 0.056641
4 0.066406 0.499023 0.046875 0.052734
