2 0.122070 0.125977 0.091797 0.072266
2 0.372070 0.127930 0.083984 0.076172
2 0.629883 0.125977 0.072266 0.076172
2 0.875977 0.133789 0.060547 0.072266
2 0.129883 0.380859 0.060547 0.074219
2 0.376953 0.379883 0.062500 0.080078
2 0.623047 0.379883 0.035156 0.068359
2 0.871094 0.391602 0.039062 0.048828
2 0.126953 0.626953 0.058594 0.082031
2 0.375977 0.629883 0.064453 0.076172
2 0.625977 0.623047 0.076172 0.082031
2 0.875977 0.622070 0.076172 0.076172
2 0.125000 0.871094 0.078125 0.074219
2 0.372070 0.870117 0.072266 0.072266
2 0.625977 0.869141 0.083984 0.062500
2 0.874023 0.870117 0.087891 0.064453
