1 0.028000 0.910000 0.054000 0.178000
1 0.065000 0.541000 0.128000 0.372000
1 0.189000 0.745000 0.094000 0.342000
1 0.387000 0.217500 0.112000 0.169000
1 0.329000 0.471000 0.078000 0.198000
1 0.321000 0.863000 0.070000 0.272000
1 0.480500 0.887500 0.079000 0.223000
1 0.670000 0.807500 0.080000 0.317000
1 0.514500 0.335000 0.129000 0.216000
1 0.724000 0.507500 0.078000 0.277000
1 0.940500 0.649500 0.097000 0.281000
1 0.695000 0.151000 0.086000 0.236000
1 0.839500 0.197500 0.093000 0.277000
1 0.955500 0.328500 0.087000 0.245000
