2 0.120117 0.116211 0.072266 0.072266
2 0.371094 0.116211 0.074219 0.064453
2 0.620117 0.113281 0.087891 0.062500
2 0.873047 0.114258 0.082031 0.060547
2 0.135742 0.356445 0.076172 0.060547
2 0.374023 0.364258 0.095703 0.064453
2 0.620117 0.371094 0.076172 0.031250
2 0.863281 0.372070 0.066406 0.029297
2 0.125000 0.619141 0.089844 0.058594
2 0.376953 0.622070 0.082031 0.048828
2 0.631836 0.625000 0.099609 0.066406
2 0.875977 0.624023 0.080078 0.060547
2 0.124023 0.873047 0.080078 0.066406
2 0.375977 0.877930 0.080078 0.072266
2 0.625000 0.877930 0.070312 0.072266
2 0.878906 0.875977 0.070312 0.072266
