2 0.819336 0.048828 0.111328 0.097656
2 0.906250 0.056641 0.113281 0.113281
2 0.736328 0.148438 0.113281 0.121094
2 0.909180 0.159180 0.099609 0.107422
2 0.453125 0.396484 0.089844 0.113281
2 0.625000 0.389648 0.093750 0.115234
2 0.797852 0.402344 0.095703 0.117188
2 0.888672 0.413086 0.089844 0.107422
2 0.958984 0.404297 0.078125 0.113281
2 0.398438 0.503906 0.101562 0.101562
2 0.500000 0.500977 0.125000 0.115234
2 0.756836 0.533203 0.115234 0.113281
2 0.839844 0.526367 0.097656 0.099609
2 0.924805 0.533203 0.099609 0.113281
2 0.833008 0.730469 0.138672 0.156250
2 0.945312 0.742188 0.105469 0.125000
