1 0.181641 0.576172 0.058594 0.066406
1 0.292969 0.542969 0.062500 0.070312
1 0.560547 0.138672 0.058594 0.074219
1 0.505859 0.332031 0.074219 0.101562
1 0.500000 0.443359 0.070312 0.082031
1 0.548828 0.585938 0.058594 0.078125
1 0.591797 0.763672 0.066406 0.128906
1 0.460938 0.908203 0.054688 0.105469
1 0.681641 0.894531 0.050781 0.101562
1 0.765625 0.650391 0.054688 0.121094
1 0.900391 0.714844 0.058594 0.101562
1 0.970703 0.878906 0.050781 0.093750
1 0.800781 0.453125 0.085938 0.117188
1 0.626953 0.343750 0.058594 0.070312
1 0.656250 0.224609 0.062500 0.089844
1 0.789062 0.296875 0.046875 0.054688
1 0.882812 0.306641 0.070312 0.050781
1 0.839844 0.162109 0.054688 0.082031
1 0.685547 0.046875 0.058594 0.070312
1 0.796875 0.078125 0.078125 0.062500
1 0.910156 0.058594 0.054688 0.078125
