4 0.044922 0.977539 0.058594 0.068359
4 0.202148 0.682617 0.060547 0.068359
4 0.259766 0.627930 0.062500 0.060547
4 0.190430 0.597656 0.060547 0.062500
4 0.180664 0.514648 0.056641 0.064453
4 0.249023 0.546875 0.064453 0.070312
4 0.239258 0.457031 0.064453 0.074219
4 0.324219 0.529297 0.058594 0.062500
4 0.321289 0.440430 0.064453 0.068359
4 0.382812 0.425781 0.062500 0.070312
4 0.393555 0.511719 0.060547 0.066406
4 0.454102 0.411133 0.060547 0.068359
4 0.468750 0.502930 0.074219 0.072266
4 0.528320 0.444336 0.056641 0.064453
4 0.583984 0.388672 0.058594 0.062500
4 0.570312 0.510742 0.058594 0.060547
4 0.624023 0.456055 0.060547 0.064453
4 0.617188 0.578125 0.058594 0.066406
4 0.668945 0.519531 0.056641 0.066406
4 0.663086 0.644531 0.056641 0.070312
4 0.713867 0.590820 0.064453 0.068359
4 0.703125 0.713867 0.066406 0.060547
4 0.759766 0.658203 0.058594 0.070312
4 0.750977 0.778320 0.056641 0.064453
4 0.804688 0.723633 0.054688 0.064453
4 0.794922 0.848633 0.058594 0.068359
4 0.849609 0.791992 0.058594 0.068359
4 0.895508 0.859375 0.056641 0.062500
4 0.519531 0.179688 0.054688 0.066406
4 0.531250 0.265625 0.058594 0.070312
4 0.589844 0.164062 0.058594 0.062500
4 0.599609 0.251953 0.054688 0.070312
4 0.655273 0.194336 0.052734 0.072266
4 0.655273 0.314453 0.056641 0.058594
4 0.710938 0.259766 0.058594 0.070312
4 0.698242 0.380859 0.064453 0.066406
4 0.751953 0.327148 0.058594 0.060547
4 0.746094 0.445312 0.054688 0.066406
4 0.796875 0.388672 0.062500 0.058594
4 0.843750 0.463867 0.066406 0.060547
4 0.786133 0.513672 0.068359 0.066406
4 0.885742 0.527344 0.056641 0.066406
4 0.828125 0.582031 0.066406 0.066406
4 0.936523 0.592773 0.060547 0.064453
4 0.877930 0.650391 0.060547 0.062500
4 0.980469 0.666992 0.058594 0.068359
4 0.923828 0.722656 0.062500 0.058594
4 0.968750 0.784180 0.058594 0.060547
4 0.050781 0.472656 0.042969 0.050781
4 0.100586 0.463867 0.041016 0.048828
4 0.091797 0.404297 0.046875 0.050781
4 0.041992 0.413086 0.044922 0.052734
4 0.021484 0.342773 0.046875 0.056641
4 0.069336 0.331055 0.048828 0.056641
4 0.073242 0.252930 0.060547 0.056641
4 0.056641 0.188477 0.050781 0.052734
4 0.849609 0.060547 0.054688 0.050781
4 0.909180 0.049805 0.052734 0.048828
4 0.907227 0.110352 0.048828 0.048828
4 0.923828 0.177734 0.066406 0.062500
