2 0.129883 0.118164 0.076172 0.080078
2 0.379883 0.114258 0.072266 0.080078
2 0.629883 0.118164 0.080078 0.087891
2 0.875977 0.115234 0.080078 0.085938
2 0.127930 0.371094 0.072266 0.062500
2 0.377930 0.369141 0.072266 0.066406
2 0.624023 0.371094 0.072266 0.062500
2 0.877930 0.371094 0.076172 0.058594
2 0.126953 0.619141 0.074219 0.054688
2 0.376953 0.617188 0.078125 0.058594
2 0.629883 0.620117 0.076172 0.048828
2 0.876953 0.619141 0.082031 0.050781
2 0.125000 0.870117 0.078125 0.064453
2 0.377930 0.872070 0.068359 0.033203
2 0.625000 0.873047 0.066406 0.035156
2 0.866211 0.865234 0.083984 0.062500
