4 0.046875 0.556641 0.058594 0.054688
4 0.059570 0.485352 0.052734 0.052734
4 0.118164 0.530273 0.056641 0.056641
4 0.138672 0.460938 0.070312 0.058594
4 0.075195 0.416992 0.052734 0.052734
4 0.142578 0.393555 0.054688 0.052734
4 0.189453 0.713867 0.046875 0.048828
4 0.244141 0.723633 0.046875 0.044922
4 0.296875 0.731445 0.042969 0.044922
4 0.352539 0.738281 0.052734 0.042969
4 0.416992 0.776367 0.056641 0.052734
4 0.477539 0.750977 0.060547 0.052734
4 0.520508 0.800781 0.052734 0.054688
4 0.375000 0.832031 0.050781 0.042969
4 0.288086 0.799805 0.041016 0.041016
4 0.236328 0.796875 0.054688 0.050781
4 0.161133 0.779297 0.041016 0.042969
4 0.156250 0.830078 0.046875 0.042969
4 0.225586 0.840820 0.044922 0.044922
4 0.285156 0.849609 0.058594 0.050781
4 0.350586 0.877930 0.048828 0.044922
4 0.405273 0.895508 0.052734 0.048828
4 0.423828 0.851562 0.046875 0.046875
4 0.181641 0.600586 0.046875 0.048828
4 0.238281 0.608398 0.050781 0.041016
4 0.176758 0.651367 0.048828 0.044922
4 0.230469 0.655273 0.050781 0.044922
4 0.567383 0.490234 0.052734 0.058594
4 0.636719 0.518555 0.058594 0.060547
4 0.706055 0.546875 0.060547 0.054688
4 0.674805 0.611328 0.060547 0.058594
4 0.609375 0.583984 0.054688 0.058594
4 0.546875 0.550781 0.070312 0.058594
4 0.512695 0.617188 0.072266 0.054688
4 0.452148 0.636719 0.060547 0.046875
4 0.531250 0.689453 0.054688 0.050781
4 0.559570 0.636719 0.044922 0.058594
4 0.621094 0.665039 0.058594 0.052734
4 0.585938 0.709961 0.058594 0.048828
4 0.446289 0.090820 0.064453 0.052734
4 0.512695 0.120117 0.056641 0.060547
4 0.608398 0.132812 0.064453 0.058594
4 0.674805 0.158203 0.056641 0.054688
4 0.743164 0.184570 0.056641 0.060547
4 0.711914 0.250977 0.060547 0.060547
4 0.643555 0.220703 0.056641 0.058594
4 0.579102 0.193359 0.056641 0.054688
4 0.490234 0.184570 0.074219 0.060547
4 0.418945 0.155273 0.072266 0.056641
4 0.386719 0.222656 0.074219 0.058594
4 0.460938 0.248047 0.066406 0.058594
4 0.539062 0.274414 0.058594 0.060547
4 0.511719 0.338867 0.058594 0.060547
4 0.606445 0.302734 0.064453 0.058594
4 0.578125 0.367188 0.062500 0.050781
4 0.676758 0.333984 0.056641 0.062500
4 0.645508 0.399414 0.060547 0.060547
4 0.791016 0.304688 0.062500 0.062500
4 0.854492 0.332031 0.060547 0.050781
4 0.756836 0.369141 0.056641 0.058594
4 0.827148 0.396484 0.060547 0.058594
4 0.727539 0.433594 0.052734 0.054688
4 0.801758 0.459961 0.068359 0.060547
4 0.930664 0.436523 0.068359 0.060547
4 0.890625 0.499023 0.058594 0.056641
4 0.961914 0.532227 0.068359 0.060547
