2 0.629883 0.086914 0.095703 0.123047
2 0.702148 0.109375 0.091797 0.117188
2 0.958008 0.179688 0.080078 0.117188
2 0.913086 0.298828 0.083984 0.105469
2 0.840820 0.291016 0.091797 0.125000
2 0.773438 0.282227 0.097656 0.111328
2 0.710938 0.250000 0.093750 0.113281
2 0.500000 0.500977 0.093750 0.138672
2 0.565430 0.536133 0.087891 0.107422
2 0.629883 0.558594 0.099609 0.128906
2 0.703125 0.558594 0.093750 0.121094
2 0.768555 0.576172 0.095703 0.117188
2 0.450195 0.626953 0.091797 0.121094
2 0.581055 0.674805 0.083984 0.111328
2 0.650391 0.684570 0.093750 0.123047
2 0.314453 0.038086 0.128906 0.060547
2 0.275391 0.234375 0.128906 0.074219
2 0.250000 0.306641 0.109375 0.058594
2 0.228516 0.426758 0.152344 0.091797
2 0.578125 0.199219 0.078125 0.105469
