4 0.003906 0.227539 0.003906 0.068359
4 0.044922 0.233398 0.050781 0.068359
4 0.037109 0.318359 0.062500 0.070312
4 0.111328 0.238281 0.062500 0.074219
4 0.107422 0.324219 0.062500 0.066406
4 0.208984 0.247070 0.058594 0.068359
4 0.278320 0.253906 0.056641 0.066406
4 0.204102 0.333984 0.052734 0.066406
4 0.272461 0.339844 0.060547 0.070312
4 0.198242 0.416992 0.056641 0.064453
4 0.267578 0.425781 0.054688 0.070312
4 0.363281 0.262695 0.062500 0.072266
4 0.435547 0.268555 0.054688 0.068359
4 0.501953 0.279297 0.062500 0.070312
4 0.361328 0.349609 0.050781 0.062500
4 0.428711 0.355469 0.056641 0.070312
4 0.498047 0.361328 0.054688 0.066406
4 0.584961 0.361328 0.052734 0.066406
4 0.653320 0.366211 0.056641 0.064453
4 0.352539 0.461914 0.056641 0.068359
4 0.421875 0.464844 0.054688 0.066406
4 0.491211 0.471680 0.052734 0.068359
4 0.579102 0.446289 0.060547 0.064453
4 0.650391 0.453125 0.054688 0.066406
4 0.347656 0.543945 0.054688 0.068359
4 0.416992 0.550781 0.052734 0.062500
4 0.485352 0.554688 0.056641 0.062500
4 0.574219 0.534180 0.050781 0.064453
4 0.644531 0.539062 0.054688 0.070312
4 0.266602 0.115234 0.064453 0.066406
4 0.338867 0.119141 0.060547 0.066406
4 0.404297 0.125000 0.050781 0.070312
4 0.272461 0.028320 0.056641 0.064453
4 0.337891 0.035156 0.054688 0.066406
4 0.411133 0.042969 0.056641 0.066406
4 0.816406 0.075195 0.050781 0.060547
4 0.872070 0.018555 0.052734 0.064453
