4 0.664062 0.652344 0.031250 0.031250
4 0.695312 0.681641 0.023438 0.027344
4 0.740234 0.673828 0.035156 0.019531
4 0.744141 0.705078 0.027344 0.027344
4 0.710938 0.710938 0.023438 0.023438
4 0.859375 0.378906 0.031250 0.031250
4 0.681641 0.460938 0.027344 0.023438
4 0.751953 0.404297 0.027344 0.027344
4 0.871094 0.695312 0.031250 0.023438
4 0.865234 0.658203 0.027344 0.019531
4 0.669922 0.429688 0.027344 0.023438
4 0.707031 0.423828 0.031250 0.019531
4 0.720703 0.457031 0.027344 0.023438
4 0.646484 0.427734 0.027344 0.019531
4 0.730469 0.435547 0.015625 0.011719
4 0.927734 0.603516 0.019531 0.019531
4 0.919922 0.669922 0.042969 0.019531
4 0.949219 0.615234 0.015625 0.019531
4 0.925781 0.546875 0.031250 0.023438
4 0.927734 0.572266 0.035156 0.027344
4 0.902344 0.544922 0.023438 0.019531
4 0.935547 0.345703 0.027344 0.019531
4 0.554688 0.259766 0.046875 0.027344
4 0.541016 0.234375 0.042969 0.023438
4 0.529297 0.205078 0.035156 0.019531
4 0.521484 0.179688 0.035156 0.023438
4 0.458984 0.160156 0.027344 0.023438
4 0.472656 0.195312 0.023438 0.023438
4 0.431641 0.166016 0.019531 0.019531
4 0.408203 0.171875 0.027344 0.023438
4 0.449219 0.189453 0.023438 0.027344
4 0.707031 0.648438 0.031250 0.023438
4 0.898438 0.281250 0.023438 0.015625
4 0.462891 0.080078 0.027344 0.019531
4 0.482422 0.025391 0.027344 0.019531
4 0.505859 0.037109 0.019531 0.019531
5 0.441406 0.910156 0.171875 0.039062
