1 0.589375 0.423125 0.023750 0.016250
1 0.625000 0.442500 0.025000 0.017500
1 0.893750 0.164375 0.025000 0.018750
1 0.742500 0.619375 0.017500 0.038750
1 0.612500 0.180625 0.022500 0.016250
1 0.585625 0.688750 0.013750 0.042500
1 0.600000 0.261875 0.035000 0.021250
1 0.875000 0.229375 0.022500 0.023750
1 0.675625 0.291250 0.036250 0.017500
1 0.851250 0.313750 0.015000 0.020000
1 0.626250 0.289375 0.062500 0.031250
1 0.563125 0.950625 0.008750 0.016250
1 0.638125 0.286875 0.031250 0.016250
1 0.658125 0.153125 0.051250 0.038750
1 0.615000 0.598125 0.022500 0.056250
1 0.566250 0.793750 0.015000 0.022500
