0 0.212054 0.459821 0.129464 0.133929
0 0.323661 0.332589 0.120536 0.129464
0 0.444196 0.448661 0.129464 0.147321
0 0.549107 0.332589 0.116071 0.138393
0 0.662946 0.464286 0.120536 0.151786
0 0.770089 0.337054 0.138393 0.129464
0 0.875000 0.455357 0.125000 0.142857
0 0.988839 0.343750 0.111607 0.125000
0 0.214286 0.995536 0.116071 0.133929
0 0.321429 0.861607 0.116071 0.133929
0 0.448661 1.000000 0.129464 0.142857
0 0.546875 0.868304 0.111607 0.129464
0 0.662946 0.995536 0.111607 0.133929
0 0.892857 0.997768 0.107143 0.138393
0 0.995536 0.872768 0.133929 0.138393
