4 0.423828 0.962891 0.042969 0.054688
4 0.470703 0.978516 0.042969 0.042969
4 0.517578 0.993164 0.042969 0.013672
4 0.490234 0.923828 0.039062 0.058594
4 0.538086 0.948242 0.041016 0.056641
4 0.583008 0.972656 0.044922 0.054688
4 0.477539 0.790039 0.060547 0.072266
4 0.500977 0.709961 0.060547 0.072266
4 0.574219 0.738281 0.066406 0.066406
4 0.544922 0.821289 0.066406 0.072266
4 0.628906 0.773438 0.062500 0.070312
4 0.605469 0.852539 0.058594 0.068359
4 0.713867 0.813477 0.064453 0.072266
4 0.695312 0.894531 0.066406 0.066406
4 0.779297 0.846680 0.054688 0.068359
4 0.755859 0.927734 0.054688 0.066406
4 0.842773 0.876953 0.060547 0.074219
4 0.826172 0.958984 0.074219 0.078125
4 0.750000 0.730469 0.046875 0.062500
4 0.814453 0.758789 0.050781 0.056641
4 0.545898 0.558594 0.056641 0.066406
4 0.612305 0.586914 0.056641 0.068359
4 0.677734 0.619141 0.062500 0.066406
4 0.764648 0.659180 0.052734 0.068359
4 0.826172 0.689453 0.054688 0.070312
4 0.856445 0.606445 0.060547 0.072266
4 0.786133 0.576172 0.056641 0.070312
4 0.704102 0.538086 0.056641 0.072266
4 0.639648 0.503906 0.060547 0.074219
4 0.574219 0.478516 0.058594 0.070312
