4 0.062500 0.494141 0.085938 0.089844
4 0.173828 0.507812 0.105469 0.085938
4 0.302734 0.583984 0.113281 0.105469
4 0.423828 0.533203 0.121094 0.105469
4 0.509766 0.632812 0.105469 0.109375
4 0.218750 0.695312 0.101562 0.085938
4 0.044922 0.630859 0.082031 0.082031
4 0.050781 0.730469 0.093750 0.101562
4 0.169922 0.787109 0.097656 0.089844
4 0.279297 0.822266 0.105469 0.097656
4 0.316406 0.734375 0.093750 0.093750
4 0.603516 0.037109 0.105469 0.066406
4 0.742188 0.068359 0.117188 0.121094
4 0.880859 0.125000 0.121094 0.109375
4 0.818359 0.253906 0.121094 0.117188
4 0.687500 0.199219 0.109375 0.117188
4 0.562500 0.132812 0.140625 0.117188
4 0.494141 0.265625 0.144531 0.109375
4 0.373047 0.304688 0.121094 0.093750
4 0.531250 0.410156 0.109375 0.101562
4 0.587891 0.304688 0.089844 0.117188
4 0.710938 0.361328 0.117188 0.105469
4 0.640625 0.451172 0.117188 0.097656
