0 0.129464 0.116071 0.151786 0.116071
0 0.116071 0.316964 0.142857 0.133929
0 0.118304 0.542411 0.165179 0.147321
0 0.109375 0.772321 0.138393 0.125000
0 0.107143 0.966518 0.142857 0.066964
0 0.640625 0.116071 0.147321 0.142857
0 0.517857 0.225446 0.133929 0.129464
0 0.649554 0.337054 0.129464 0.129464
0 0.531250 0.455357 0.151786 0.151786
0 0.656250 0.553571 0.151786 0.125000
0 0.529018 0.671875 0.156250 0.120536
0 0.658482 0.776786 0.138393 0.125000
0 0.531250 0.883929 0.160714 0.125000
0 0.662946 0.962054 0.147321 0.075893
