4 0.053711 0.611328 0.056641 0.058594
4 0.119141 0.637695 0.050781 0.052734
4 0.183594 0.611328 0.050781 0.054688
4 0.252930 0.585938 0.056641 0.058594
4 0.317383 0.550781 0.052734 0.058594
4 0.342773 0.670898 0.056641 0.056641
4 0.416992 0.682617 0.052734 0.060547
4 0.492188 0.700195 0.058594 0.060547
4 0.509766 0.782227 0.050781 0.056641
4 0.442383 0.808594 0.052734 0.058594
4 0.371094 0.768555 0.050781 0.056641
4 0.301758 0.802734 0.048828 0.054688
4 0.217773 0.789062 0.052734 0.054688
4 0.204102 0.856445 0.056641 0.052734
4 0.035156 0.979492 0.058594 0.060547
