1 0.314453 0.886719 0.089844 0.070312
1 0.494141 0.833984 0.074219 0.082031
1 0.587891 0.636719 0.121094 0.101562
1 0.699219 0.490234 0.101562 0.089844
1 0.767578 0.193359 0.152344 0.128906
1 0.933594 0.031250 0.109375 0.054688
1 0.365234 0.406250 0.175781 0.187500
1 0.117188 0.552734 0.132812 0.089844
1 0.029297 0.732422 0.050781 0.074219
1 0.097656 0.818359 0.101562 0.074219
1 0.193359 0.935547 0.105469 0.074219
1 0.375000 0.697266 0.078125 0.097656
1 0.503906 0.486328 0.078125 0.050781
1 0.580078 0.277344 0.089844 0.132812
1 0.900391 0.271484 0.074219 0.097656
