4 0.003906 0.445312 0.000000 0.132812
4 0.052734 0.587891 0.097656 0.136719
4 0.128906 0.722656 0.117188 0.140625
4 0.111328 0.949219 0.113281 0.101562
4 0.218750 0.853516 0.109375 0.128906
4 0.113281 0.062500 0.117188 0.117188
4 0.101562 0.296875 0.109375 0.132812
4 0.203125 0.183594 0.125000 0.117188
4 0.296875 0.333984 0.132812 0.121094
4 0.181641 0.433594 0.136719 0.132812
4 0.380859 0.460938 0.113281 0.132812
4 0.265625 0.570312 0.132812 0.132812
4 0.482422 0.591797 0.121094 0.128906
4 0.365234 0.707031 0.121094 0.125000
4 0.570312 0.740234 0.117188 0.136719
4 0.457031 0.851562 0.125000 0.117188
4 0.650391 0.873047 0.113281 0.128906
4 0.546875 0.957031 0.117188 0.085938
