4 0.009766 0.487305 0.046875 0.048828
4 0.064453 0.497070 0.046875 0.044922
4 0.117188 0.504883 0.042969 0.044922
4 0.172852 0.511719 0.052734 0.042969
4 0.237305 0.549805 0.056641 0.052734
4 0.297852 0.524414 0.060547 0.052734
4 0.340820 0.574219 0.052734 0.054688
4 0.195312 0.605469 0.050781 0.042969
4 0.108398 0.573242 0.041016 0.041016
4 0.056641 0.570312 0.054688 0.050781
4 0.045898 0.614258 0.044922 0.044922
4 0.105469 0.623047 0.058594 0.050781
4 0.170898 0.651367 0.048828 0.044922
4 0.225586 0.668945 0.052734 0.048828
4 0.244141 0.625000 0.046875 0.046875
4 0.058594 0.381836 0.050781 0.041016
4 0.050781 0.428711 0.050781 0.044922
4 0.387695 0.263672 0.052734 0.058594
4 0.457031 0.291992 0.058594 0.060547
4 0.526367 0.320312 0.060547 0.054688
4 0.495117 0.384766 0.060547 0.058594
4 0.429688 0.357422 0.054688 0.058594
4 0.367188 0.324219 0.070312 0.058594
4 0.333008 0.390625 0.072266 0.054688
4 0.272461 0.410156 0.060547 0.046875
4 0.351562 0.462891 0.054688 0.050781
4 0.379883 0.410156 0.044922 0.058594
4 0.441406 0.438477 0.058594 0.052734
4 0.406250 0.483398 0.058594 0.048828
4 0.532227 0.024414 0.060547 0.060547
4 0.281250 0.021484 0.066406 0.058594
4 0.359375 0.047852 0.058594 0.060547
4 0.332031 0.112305 0.058594 0.060547
4 0.426758 0.076172 0.064453 0.058594
4 0.398438 0.140625 0.062500 0.050781
4 0.497070 0.107422 0.056641 0.062500
4 0.465820 0.172852 0.060547 0.060547
4 0.611328 0.078125 0.062500 0.062500
4 0.674805 0.105469 0.060547 0.050781
4 0.577148 0.142578 0.056641 0.058594
4 0.647461 0.169922 0.060547 0.058594
4 0.547852 0.207031 0.052734 0.054688
4 0.622070 0.233398 0.068359 0.060547
4 0.750977 0.209961 0.068359 0.060547
4 0.710938 0.272461 0.058594 0.056641
4 0.816406 0.237305 0.058594 0.060547
4 0.782227 0.305664 0.068359 0.060547
4 0.882812 0.268555 0.074219 0.056641
4 0.853516 0.332031 0.070312 0.062500
1 0.838867 0.563477 0.048828 0.048828
