2 0.500000 0.500000 0.050781 0.078125
2 0.282227 0.483398 0.056641 0.083984
2 0.562500 0.514648 0.050781 0.080078
2 0.637695 0.509766 0.056641 0.089844
2 0.279297 0.616211 0.058594 0.087891
2 0.354492 0.636719 0.064453 0.113281
2 0.421875 0.627930 0.050781 0.076172
2 0.048828 0.814453 0.042969 0.066406
2 0.623047 0.636719 0.054688 0.085938
2 0.694336 0.643555 0.056641 0.083984
2 0.759766 0.645508 0.054688 0.083984
2 0.828125 0.653320 0.058594 0.091797
2 0.707031 0.526367 0.050781 0.083984
2 0.772461 0.525391 0.041016 0.078125
2 0.844727 0.542969 0.052734 0.066406
2 0.901367 0.667969 0.060547 0.085938
2 0.918945 0.548828 0.052734 0.066406
