4 0.052734 0.593750 0.097656 0.117188
4 0.093750 0.724609 0.109375 0.097656
4 0.263672 0.677734 0.121094 0.105469
4 0.240234 0.816406 0.128906 0.109375
4 0.404297 0.701172 0.113281 0.113281
4 0.382812 0.837891 0.109375 0.105469
4 0.560547 0.728516 0.144531 0.113281
4 0.519531 0.859375 0.125000 0.109375
4 0.687500 0.894531 0.117188 0.109375
4 0.712891 0.751953 0.105469 0.105469
4 0.830078 0.841797 0.113281 0.113281
4 0.871094 0.703125 0.140625 0.117188
4 0.744141 0.615234 0.105469 0.105469
4 0.878906 0.568359 0.109375 0.105469
