1 0.281250 0.704102 0.066406 0.064453
4 0.476562 0.575195 0.042969 0.048828
4 0.514648 0.592773 0.044922 0.048828
4 0.550781 0.612305 0.046875 0.048828
4 0.600586 0.625977 0.044922 0.041016
4 0.645508 0.639648 0.044922 0.048828
4 0.468750 0.619141 0.039062 0.042969
4 0.501953 0.637695 0.039062 0.041016
4 0.541992 0.652344 0.033203 0.035156
4 0.590820 0.668945 0.037109 0.041016
4 0.627930 0.686523 0.037109 0.041016
4 0.435547 0.707031 0.039062 0.046875
4 0.426758 0.749023 0.037109 0.041016
4 0.481445 0.720703 0.044922 0.050781
4 0.470703 0.765625 0.042969 0.050781
4 0.500977 0.779297 0.037109 0.039062
4 0.514648 0.731445 0.044922 0.048828
4 0.568359 0.757812 0.042969 0.042969
4 0.554688 0.801758 0.050781 0.041016
4 0.603516 0.769531 0.039062 0.046875
4 0.645508 0.790039 0.037109 0.037109
4 0.594727 0.821289 0.048828 0.048828
4 0.635742 0.833984 0.044922 0.046875
