4 0.996094 0.333984 0.007812 0.113281
4 0.992188 0.447266 0.015625 0.097656
4 0.984375 0.552734 0.031250 0.089844
4 0.921875 0.341797 0.132812 0.121094
4 0.910156 0.449219 0.140625 0.117188
4 0.902344 0.554688 0.125000 0.109375
4 0.892578 0.634766 0.113281 0.105469
4 0.787109 0.330078 0.113281 0.121094
4 0.767578 0.425781 0.113281 0.109375
4 0.765625 0.521484 0.101562 0.113281
4 0.666016 0.324219 0.121094 0.109375
4 0.652344 0.421875 0.117188 0.117188
4 0.652344 0.507812 0.117188 0.125000
4 0.509766 0.314453 0.113281 0.105469
4 0.505859 0.408203 0.113281 0.128906
4 0.386719 0.310547 0.109375 0.121094
4 0.380859 0.412109 0.113281 0.113281
4 0.269531 0.304688 0.132812 0.101562
4 0.253906 0.398438 0.125000 0.117188
4 0.759766 0.193359 0.152344 0.105469
4 0.882812 0.191406 0.117188 0.101562
1 0.031250 0.462891 0.054688 0.261719
1 0.099609 0.289062 0.027344 0.132812
