2 0.128906 0.132812 0.066406 0.058594
2 0.375977 0.131836 0.076172 0.056641
2 0.621094 0.122070 0.074219 0.048828
2 0.868164 0.123047 0.080078 0.046875
2 0.118164 0.374023 0.068359 0.037109
2 0.369141 0.373047 0.074219 0.035156
2 0.624023 0.373047 0.076172 0.035156
2 0.870117 0.373047 0.076172 0.031250
2 0.118164 0.624023 0.080078 0.044922
2 0.373047 0.621094 0.082031 0.054688
2 0.616211 0.618164 0.083984 0.060547
2 0.870117 0.623047 0.083984 0.054688
2 0.120117 0.874023 0.091797 0.064453
2 0.370117 0.874023 0.087891 0.072266
2 0.619141 0.874023 0.078125 0.076172
2 0.869141 0.869141 0.082031 0.085938
