1 0.161500 0.971500 0.301000 0.055000
1 0.191000 0.925500 0.380000 0.075000
1 0.199000 0.355500 0.314000 0.077000
1 0.172000 0.848000 0.342000 0.098000
1 0.196000 0.780000 0.348000 0.100000
1 0.174500 0.683000 0.347000 0.104000
1 0.232500 0.628000 0.309000 0.052000
1 0.184500 0.546500 0.281000 0.061000
1 0.190000 0.497500 0.262000 0.067000
1 0.201000 0.453000 0.306000 0.090000
1 0.210500 0.416500 0.295000 0.095000
1 0.629000 0.339000 0.238000 0.044000
1 0.612500 0.378000 0.269000 0.048000
1 0.611500 0.436500 0.287000 0.057000
1 0.596500 0.497000 0.295000 0.056000
1 0.589000 0.551000 0.270000 0.056000
1 0.612500 0.591000 0.297000 0.046000
