4 0.281250 0.369141 0.085938 0.097656
4 0.357422 0.404297 0.089844 0.097656
4 0.429688 0.443359 0.093750 0.097656
4 0.529297 0.470703 0.089844 0.082031
4 0.619141 0.498047 0.089844 0.097656
4 0.265625 0.457031 0.078125 0.085938
4 0.332031 0.494141 0.078125 0.082031
4 0.412109 0.523438 0.066406 0.070312
4 0.509766 0.556641 0.074219 0.082031
4 0.583984 0.591797 0.074219 0.082031
4 0.199219 0.632812 0.078125 0.093750
4 0.181641 0.716797 0.074219 0.082031
4 0.291016 0.660156 0.089844 0.101562
4 0.269531 0.750000 0.085938 0.101562
4 0.330078 0.777344 0.074219 0.078125
4 0.357422 0.681641 0.089844 0.097656
4 0.464844 0.734375 0.085938 0.085938
4 0.437500 0.822266 0.101562 0.082031
4 0.535156 0.757812 0.078125 0.093750
4 0.619141 0.798828 0.074219 0.074219
4 0.517578 0.861328 0.097656 0.097656
4 0.599609 0.886719 0.089844 0.093750
4 0.199219 0.863281 0.062500 0.054688
4 0.251953 0.884766 0.058594 0.066406
4 0.310547 0.912109 0.066406 0.066406
4 0.177734 0.931641 0.058594 0.066406
4 0.230469 0.953125 0.062500 0.062500
4 0.289062 0.972656 0.062500 0.054688
