1 0.550625 0.746250 0.026250 0.022500
1 0.508125 0.921875 0.018750 0.016250
1 0.455625 0.235000 0.008750 0.022500
1 0.476875 0.086250 0.011250 0.022500
1 0.528750 0.219375 0.015000 0.028750
1 0.518750 0.423125 0.012500 0.018750
1 0.600625 0.281250 0.023750 0.007500
1 0.496875 0.655000 0.016250 0.022500
1 0.743750 0.912500 0.027500 0.022500
1 0.573125 0.055625 0.013750 0.021250
1 0.544375 0.278750 0.013750 0.025000
1 0.509375 0.144375 0.013750 0.021250
1 0.475000 0.147500 0.017500 0.027500
1 0.501250 0.283125 0.020000 0.031250
1 0.488750 0.281250 0.015000 0.027500
1 0.471250 0.336250 0.012500 0.025000
1 0.523750 0.688125 0.020000 0.021250
1 0.523750 0.330625 0.015000 0.021250
1 0.570625 0.075000 0.013750 0.015000
1 0.589375 0.138750 0.011250 0.012500
1 0.519375 0.354375 0.013750 0.021250
1 0.601250 0.705625 0.017500 0.018750
1 0.538750 0.376875 0.015000 0.018750
1 0.553125 0.665000 0.013750 0.017500
1 0.501250 0.065000 0.012500 0.025000
1 0.451250 0.190000 0.010000 0.025000
1 0.476250 0.220625 0.010000 0.026250
1 0.490625 0.011250 0.021250 0.022500
1 0.415000 0.434375 0.012500 0.026250
1 0.483750 0.007500 0.015000 0.015000
1 0.554375 0.700000 0.013750 0.017500
1 0.568750 0.020000 0.012500 0.025000
1 0.704375 0.746250 0.013750 0.012500
1 0.559375 0.019375 0.013750 0.026250
1 0.453125 0.397500 0.011250 0.027500
1 0.482500 0.418750 0.012500 0.022500
1 0.337500 0.781250 0.030000 0.037500
