0 0.080357 0.312500 0.133929 0.187500
0 0.196429 0.151786 0.142857 0.205357
0 0.287946 0.292411 0.147321 0.191964
0 0.417411 0.169643 0.129464 0.187500
0 0.529018 0.305804 0.138393 0.191964
0 0.638393 0.162946 0.133929 0.191964
0 0.729911 0.312500 0.138393 0.169643
0 0.852679 0.151786 0.133929 0.178571
0 0.946429 0.301339 0.107143 0.174107
0 0.006696 0.781250 0.156250 0.205357
0 0.129464 0.937500 0.133929 0.169643
0 0.247768 0.774554 0.138393 0.191964
0 0.350446 0.937500 0.138393 0.160714
0 0.453125 0.767857 0.147321 0.196429
0 0.549107 0.926339 0.116071 0.183036
0 0.683036 0.783482 0.160714 0.183036
0 0.772321 0.928571 0.142857 0.196429
0 0.908482 0.781250 0.129464 0.187500
