4 0.222656 0.042969 0.070312 0.078125
4 0.316406 0.082031 0.070312 0.078125
4 0.435547 0.033203 0.074219 0.058594
4 0.396484 0.109375 0.066406 0.070312
4 0.402344 0.197266 0.070312 0.058594
4 0.314453 0.166016 0.066406 0.066406
4 0.423828 0.320312 0.066406 0.070312
4 0.343750 0.287109 0.070312 0.074219
4 0.275391 0.257812 0.074219 0.078125
4 0.261719 0.345703 0.078125 0.074219
4 0.341797 0.375000 0.058594 0.062500
4 0.417969 0.404297 0.062500 0.066406
4 0.183594 0.214844 0.046875 0.070312
4 0.115234 0.183594 0.082031 0.078125
4 0.087891 0.265625 0.074219 0.062500
4 0.146484 0.306641 0.058594 0.074219
