0 0.957589 0.035714 0.084821 0.062500
0 0.071429 0.071429 0.071429 0.071429
0 0.020089 0.140625 0.040179 0.058036
0 0.071429 0.198661 0.080357 0.075893
0 0.066964 0.316964 0.071429 0.080357
0 0.066964 0.441964 0.071429 0.071429
0 0.066964 0.573661 0.071429 0.058036
0 0.062500 0.698661 0.071429 0.066964
0 0.064732 0.823661 0.075893 0.066964
0 0.069196 0.957589 0.084821 0.066964
0 0.305804 0.020089 0.084821 0.040179
0 0.375000 0.069196 0.071429 0.075893
0 0.310268 0.131696 0.066964 0.066964
0 0.381696 0.203125 0.066964 0.066964
0 0.310268 0.267857 0.075893 0.062500
0 0.377232 0.323661 0.084821 0.058036
0 0.308036 0.386161 0.062500 0.066964
0 0.381696 0.462054 0.075893 0.058036
0 0.299107 0.522321 0.071429 0.062500
0 0.375000 0.573661 0.071429 0.058036
0 0.310268 0.629464 0.066964 0.062500
0 0.381696 0.700893 0.075893 0.071429
0 0.301339 0.767857 0.075893 0.071429
0 0.379464 0.834821 0.080357 0.062500
0 0.308036 0.892857 0.062500 0.062500
0 0.375000 0.953125 0.071429 0.058036
0 0.616071 0.886161 0.071429 0.084821
0 0.622768 0.756696 0.075893 0.058036
0 0.620536 0.638393 0.080357 0.080357
0 0.620536 0.504464 0.080357 0.089286
0 0.613839 0.375000 0.075893 0.071429
0 0.613839 0.252232 0.075893 0.075893
0 0.622768 0.129464 0.075893 0.071429
