1 0.115500 0.886500 0.229000 0.089000
1 0.106500 0.838500 0.199000 0.063000
1 0.135000 0.564000 0.166000 0.070000
1 0.057500 0.378000 0.113000 0.128000
1 0.161000 0.401500 0.190000 0.069000
1 0.165000 0.264000 0.204000 0.066000
1 0.205500 0.154500 0.219000 0.079000
1 0.215000 0.084000 0.212000 0.072000
1 0.190500 0.030000 0.205000 0.058000
1 0.876000 0.178500 0.106000 0.057000
1 0.865000 0.269500 0.084000 0.045000
1 0.885000 0.618000 0.076000 0.076000
1 0.887500 0.781500 0.081000 0.051000
1 0.889000 0.868000 0.056000 0.042000
1 0.881500 0.423500 0.087000 0.039000
1 0.883500 0.488500 0.083000 0.063000
