2 0.123047 0.127930 0.082031 0.052734
2 0.377930 0.127930 0.087891 0.048828
2 0.621094 0.131836 0.074219 0.037109
2 0.872070 0.125977 0.076172 0.037109
2 0.124023 0.375977 0.068359 0.048828
2 0.364258 0.377930 0.068359 0.048828
2 0.612305 0.369141 0.064453 0.058594
2 0.869141 0.374023 0.074219 0.076172
2 0.116211 0.623047 0.064453 0.078125
2 0.369141 0.621094 0.066406 0.074219
2 0.615234 0.616211 0.054688 0.068359
2 0.869141 0.619141 0.050781 0.066406
2 0.118164 0.875977 0.044922 0.072266
2 0.369141 0.875000 0.050781 0.066406
2 0.619141 0.882812 0.042969 0.054688
2 0.873047 0.872070 0.050781 0.068359
