0 0.480469 0.140625 0.023438 0.015625
0 0.509766 0.134766 0.019531 0.027344
0 0.539062 0.138672 0.023438 0.027344
0 0.570312 0.138672 0.023438 0.027344
0 0.601562 0.144531 0.031250 0.031250
0 0.650391 0.146484 0.027344 0.035156
0 0.740234 0.150391 0.027344 0.027344
0 0.792969 0.152344 0.031250 0.031250
0 0.849609 0.156250 0.027344 0.031250
0 0.539062 0.263672 0.023438 0.035156
0 0.597656 0.271484 0.031250 0.035156
0 0.658203 0.271484 0.027344 0.042969
0 0.708984 0.273438 0.027344 0.031250
0 0.775391 0.277344 0.027344 0.031250
0 0.828125 0.279297 0.023438 0.027344
0 0.884766 0.277344 0.027344 0.031250
0 0.943359 0.283203 0.027344 0.027344
0 0.328125 0.398438 0.031250 0.031250
0 0.357422 0.363281 0.042969 0.031250
0 0.386719 0.402344 0.031250 0.039062
0 0.416016 0.367188 0.027344 0.031250
0 0.441406 0.400391 0.031250 0.035156
0 0.478516 0.371094 0.019531 0.031250
0 0.505859 0.406250 0.027344 0.039062
0 0.535156 0.373047 0.031250 0.035156
0 0.562500 0.410156 0.023438 0.031250
0 0.589844 0.378906 0.031250 0.031250
0 0.625000 0.410156 0.031250 0.031250
0 0.660156 0.376953 0.023438 0.035156
0 0.687500 0.402344 0.023438 0.031250
0 0.714844 0.375000 0.031250 0.031250
0 0.748047 0.414062 0.027344 0.031250
0 0.792969 0.419922 0.039062 0.035156
0 0.832031 0.380859 0.023438 0.035156
0 0.863281 0.419922 0.023438 0.035156
0 0.904297 0.382812 0.035156 0.031250
0 0.921875 0.425781 0.023438 0.031250
0 0.949219 0.392578 0.031250 0.035156
0 0.353516 0.531250 0.042969 0.031250
0 0.382812 0.503906 0.023438 0.031250
0 0.410156 0.537109 0.023438 0.027344
0 0.439453 0.503906 0.027344 0.031250
0 0.474609 0.527344 0.019531 0.023438
0 0.500000 0.507812 0.023438 0.039062
0 0.531250 0.533203 0.031250 0.035156
0 0.556641 0.509766 0.027344 0.035156
0 0.587891 0.546875 0.027344 0.039062
0 0.615234 0.509766 0.027344 0.042969
0 0.642578 0.546875 0.027344 0.031250
0 0.675781 0.515625 0.023438 0.031250
0 0.701172 0.554688 0.035156 0.046875
0 0.726562 0.513672 0.031250 0.035156
0 0.759766 0.554688 0.035156 0.031250
0 0.785156 0.519531 0.031250 0.031250
0 0.814453 0.558594 0.035156 0.039062
0 0.845703 0.527344 0.035156 0.031250
0 0.876953 0.556641 0.035156 0.035156
0 0.906250 0.529297 0.031250 0.035156
0 0.931641 0.568359 0.035156 0.035156
0 0.962891 0.535156 0.027344 0.031250
0 0.984375 0.574219 0.031250 0.039062
0 0.394531 0.849609 0.023438 0.027344
0 0.425781 0.847656 0.023438 0.031250
0 0.458984 0.851562 0.019531 0.031250
0 0.558594 0.775391 0.031250 0.027344
0 0.623047 0.789062 0.019531 0.023438
0 0.638672 0.787109 0.019531 0.027344
0 0.667969 0.775391 0.023438 0.019531
0 0.687500 0.794922 0.015625 0.027344
0 0.703125 0.771484 0.015625 0.019531
0 0.720703 0.796875 0.019531 0.023438
0 0.736328 0.773438 0.019531 0.023438
0 0.751953 0.794922 0.019531 0.019531
0 0.767578 0.769531 0.019531 0.023438
0 0.802734 0.775391 0.019531 0.019531
0 0.841797 0.773438 0.019531 0.023438
0 0.859375 0.796875 0.015625 0.023438
0 0.880859 0.777344 0.019531 0.023438
0 0.939453 0.798828 0.027344 0.019531
0 0.957031 0.779297 0.023438 0.019531
0 0.988281 0.779297 0.023438 0.019531
0 0.976562 0.802734 0.023438 0.019531
0 0.830078 0.861328 0.027344 0.027344
0 0.859375 0.861328 0.023438 0.027344
0 0.892578 0.863281 0.019531 0.023438
0 0.925781 0.867188 0.023438 0.023438
0 0.960938 0.867188 0.023438 0.023438
0 0.990234 0.865234 0.019531 0.027344
