2 0.500977 0.500000 0.126953 0.105469
2 0.361328 0.476562 0.113281 0.097656
2 0.310547 0.610352 0.109375 0.095703
2 0.342773 0.537109 0.103516 0.089844
2 0.436523 0.613281 0.111328 0.097656
2 0.404297 0.673828 0.109375 0.097656
2 0.246094 0.665039 0.113281 0.095703
2 0.368164 0.742188 0.119141 0.101562
2 0.316406 0.792969 0.121094 0.105469
2 0.147461 0.814453 0.130859 0.105469
2 0.252930 0.900391 0.123047 0.101562
2 0.131836 0.897461 0.115234 0.095703
2 0.057617 0.492188 0.115234 0.125000
2 0.072266 0.419922 0.117188 0.097656
2 0.102539 0.358398 0.115234 0.095703
2 0.126953 0.310547 0.125000 0.121094
