2 0.129883 0.125977 0.068359 0.037109
2 0.373047 0.119141 0.109375 0.089844
2 0.629883 0.119141 0.076172 0.062500
2 0.879883 0.122070 0.072266 0.068359
2 0.126953 0.373047 0.074219 0.074219
2 0.373047 0.371094 0.082031 0.082031
2 0.624023 0.373047 0.064453 0.078125
2 0.872070 0.371094 0.064453 0.082031
2 0.124023 0.628906 0.052734 0.062500
2 0.375977 0.630859 0.044922 0.050781
2 0.623047 0.635742 0.042969 0.044922
2 0.869141 0.629883 0.042969 0.048828
2 0.119141 0.875000 0.050781 0.066406
2 0.370117 0.876953 0.048828 0.066406
2 0.621094 0.883789 0.058594 0.068359
2 0.863281 0.881836 0.066406 0.076172
