1 0.539062 0.185547 0.195312 0.191406
1 0.363281 0.380859 0.140625 0.136719
4 0.617188 0.599609 0.093750 0.089844
4 0.710938 0.531250 0.109375 0.093750
4 0.677734 0.681641 0.089844 0.097656
4 0.775391 0.615234 0.097656 0.089844
4 0.835938 0.707031 0.093750 0.085938
4 0.748047 0.787109 0.097656 0.097656
4 0.621094 0.873047 0.156250 0.121094
4 0.494141 0.943359 0.128906 0.113281
4 0.685547 0.957031 0.121094 0.085938
4 0.808594 0.873047 0.117188 0.113281
4 0.923828 0.791016 0.136719 0.121094
4 0.896484 0.958984 0.144531 0.082031
4 0.880859 0.359375 0.113281 0.109375
4 0.955078 0.248047 0.089844 0.113281
