1 0.140500 0.448500 0.279000 0.073000
1 0.183000 0.412500 0.292000 0.047000
1 0.184000 0.359500 0.320000 0.087000
1 0.194500 0.313000 0.295000 0.090000
1 0.202000 0.276500 0.262000 0.077000
1 0.204000 0.235000 0.296000 0.086000
1 0.224500 0.205500 0.281000 0.071000
1 0.253000 0.042500 0.200000 0.041000
1 0.232500 0.181000 0.189000 0.064000
1 0.243000 0.130000 0.180000 0.062000
1 0.305000 0.088500 0.198000 0.039000
1 0.604000 0.140000 0.360000 0.070000
1 0.570000 0.213500 0.308000 0.097000
1 0.603500 0.194500 0.345000 0.085000
1 0.520500 0.323500 0.295000 0.065000
1 0.490000 0.405000 0.238000 0.044000
1 0.505500 0.371500 0.245000 0.047000
1 0.469000 0.448500 0.214000 0.035000
1 0.421000 0.575000 0.214000 0.060000
1 0.491500 0.514000 0.243000 0.046000
1 0.479500 0.480500 0.223000 0.025000
1 0.439500 0.615500 0.241000 0.063000
