1 0.043750 0.702500 0.017500 0.017500
1 0.211875 0.959375 0.023750 0.021250
1 0.015625 0.590625 0.008750 0.016250
1 0.007500 0.300000 0.015000 0.035000
1 0.038125 0.791875 0.016250 0.018750
1 0.014375 0.076250 0.008750 0.027500
1 0.092500 0.175000 0.007500 0.020000
1 0.048750 0.126875 0.007500 0.016250
1 0.061250 0.196875 0.010000 0.023750
1 0.036875 0.363125 0.008750 0.023750
1 0.084375 0.576250 0.008750 0.012500
1 0.039375 0.831250 0.016250 0.017500
1 0.076875 0.047500 0.018750 0.035000
1 0.096250 0.745000 0.020000 0.022500
1 0.041250 0.396875 0.010000 0.023750
1 0.020000 0.465625 0.010000 0.023750
1 0.233125 0.833750 0.011250 0.012500
1 0.096875 0.199375 0.011250 0.016250
1 0.011250 0.169375 0.010000 0.036250
1 0.131250 0.127500 0.007500 0.010000
1 0.111250 0.110625 0.007500 0.013750
1 0.118125 0.158125 0.008750 0.016250
1 0.076250 0.094375 0.010000 0.023750
1 0.120000 0.143125 0.007500 0.011250
1 0.037500 0.233125 0.015000 0.028750
1 0.045000 0.235625 0.012500 0.023750
1 0.052500 0.236250 0.015000 0.025000
1 0.007500 0.863750 0.015000 0.020000
1 0.014375 0.987500 0.018750 0.017500
