1 0.918500 0.120000 0.161000 0.044000
1 0.923000 0.170000 0.152000 0.042000
1 0.938500 0.222500 0.121000 0.035000
1 0.939000 0.260000 0.120000 0.046000
1 0.805000 0.237000 0.120000 0.050000
1 0.869000 0.316000 0.260000 0.090000
1 0.766500 0.555000 0.147000 0.062000
1 0.818000 0.519000 0.154000 0.060000
1 0.862500 0.436000 0.151000 0.062000
1 0.831000 0.485500 0.134000 0.073000
1 0.911500 0.666500 0.175000 0.079000
1 0.868500 0.702000 0.239000 0.100000
1 0.856500 0.782500 0.285000 0.077000
1 0.783500 0.847500 0.191000 0.057000
1 0.793000 0.931000 0.172000 0.048000
1 0.791000 0.897000 0.180000 0.046000
1 0.920000 0.594500 0.158000 0.057000
1 0.811000 0.980000 0.180000 0.036000
