2 0.114258 0.125000 0.060547 0.082031
2 0.371094 0.127930 0.050781 0.060547
2 0.618164 0.124023 0.048828 0.076172
2 0.874023 0.129883 0.048828 0.076172
2 0.119141 0.379883 0.050781 0.076172
2 0.371094 0.368164 0.058594 0.080078
2 0.622070 0.369141 0.068359 0.082031
2 0.871094 0.366211 0.066406 0.076172
2 0.119141 0.618164 0.066406 0.076172
2 0.369141 0.613281 0.066406 0.074219
2 0.622070 0.616211 0.080078 0.072266
2 0.871094 0.615234 0.078125 0.058594
2 0.121094 0.864258 0.093750 0.064453
2 0.374023 0.862305 0.083984 0.052734
2 0.623047 0.864258 0.085938 0.048828
2 0.873047 0.865234 0.078125 0.039062
