4 0.908203 0.041016 0.097656 0.074219
4 0.800781 0.158203 0.117188 0.136719
4 0.876953 0.275391 0.121094 0.121094
4 0.679688 0.212891 0.109375 0.121094
4 0.593750 0.326172 0.093750 0.097656
4 0.548828 0.416016 0.089844 0.097656
4 0.656250 0.464844 0.109375 0.101562
4 0.687500 0.363281 0.101562 0.093750
4 0.546875 0.134766 0.101562 0.105469
4 0.437500 0.117188 0.093750 0.101562
4 0.419922 0.257812 0.082031 0.101562
4 0.417969 0.371094 0.109375 0.109375
4 0.324219 0.242188 0.109375 0.085938
4 0.306641 0.347656 0.097656 0.093750
4 0.164062 0.324219 0.093750 0.093750
4 0.175781 0.214844 0.085938 0.093750
4 0.228516 0.091797 0.097656 0.113281
4 0.335938 0.107422 0.093750 0.105469
