4 0.144531 0.109375 0.125000 0.109375
4 0.312500 0.144531 0.117188 0.109375
4 0.455078 0.091797 0.113281 0.113281
4 0.597656 0.458984 0.093750 0.097656
4 0.707031 0.478516 0.093750 0.089844
4 0.812500 0.494141 0.085938 0.089844
4 0.923828 0.507812 0.105469 0.085938
4 0.958984 0.695312 0.082031 0.085938
4 0.794922 0.630859 0.082031 0.082031
4 0.691406 0.625000 0.109375 0.101562
4 0.541016 0.589844 0.082031 0.085938
4 0.531250 0.691406 0.093750 0.085938
4 0.669922 0.712891 0.089844 0.089844
4 0.789062 0.730469 0.117188 0.101562
4 0.919922 0.787109 0.097656 0.089844
4 0.582031 0.232422 0.093750 0.097656
4 0.695312 0.248047 0.101562 0.082031
4 0.572266 0.333984 0.097656 0.089844
4 0.679688 0.341797 0.101562 0.089844
