1 0.140625 0.035156 0.023438 0.062500
1 0.912109 0.654297 0.128906 0.121094
1 0.855469 0.482422 0.117188 0.105469
1 0.699219 0.580078 0.078125 0.066406
1 0.583984 0.531250 0.058594 0.039062
1 0.974609 0.353516 0.035156 0.050781
1 0.759766 0.466797 0.050781 0.050781
1 0.812500 0.427734 0.039062 0.042969
1 0.500000 0.744141 0.062500 0.027344
1 0.488281 0.878906 0.054688 0.039062
1 0.326172 0.896484 0.050781 0.035156
1 0.128906 0.945312 0.062500 0.078125
1 0.375000 0.955078 0.070312 0.058594
1 0.601562 0.681641 0.078125 0.042969
1 0.656250 0.472656 0.046875 0.070312
1 0.388672 0.849609 0.066406 0.042969
