1 0.054688 0.878906 0.101562 0.031250
1 0.291016 0.759766 0.121094 0.035156
1 0.570312 0.976562 0.070312 0.039062
1 0.517578 0.917969 0.074219 0.039062
1 0.671875 0.683594 0.148438 0.039062
1 0.830078 0.611328 0.082031 0.035156
1 0.935547 0.554688 0.074219 0.039062
1 0.773438 0.562500 0.070312 0.031250
1 0.554688 0.626953 0.101562 0.035156
1 0.746094 0.724609 0.117188 0.035156
1 0.562500 0.591797 0.078125 0.042969
1 0.365234 0.691406 0.066406 0.031250
1 0.037109 0.773438 0.066406 0.046875
1 0.234375 0.917969 0.101562 0.031250
1 0.634766 0.873047 0.074219 0.035156
1 0.041016 0.828125 0.074219 0.031250
