4 0.533203 0.521484 0.035156 0.027344
4 0.601562 0.494141 0.031250 0.027344
4 0.656250 0.462891 0.031250 0.027344
4 0.710938 0.443359 0.023438 0.027344
4 0.751953 0.402344 0.027344 0.023438
4 0.669922 0.404297 0.027344 0.027344
4 0.599609 0.431641 0.035156 0.027344
4 0.666016 0.292969 0.035156 0.031250
4 0.726562 0.289062 0.046875 0.039062
4 0.812500 0.289062 0.031250 0.031250
4 0.812500 0.250000 0.023438 0.023438
4 0.669922 0.158203 0.027344 0.019531
4 0.748047 0.158203 0.035156 0.027344
4 0.773438 0.210938 0.031250 0.023438
4 0.697266 0.222656 0.019531 0.015625
4 0.722656 0.220703 0.023438 0.019531
4 0.699219 0.201172 0.023438 0.011719
4 0.724609 0.199219 0.027344 0.015625
3 0.490234 0.818359 0.027344 0.019531
3 0.072266 0.523438 0.019531 0.031250
