4 0.041016 0.089844 0.074219 0.132812
4 0.152344 0.064453 0.109375 0.121094
4 0.300781 0.056641 0.132812 0.105469
4 0.507812 0.058594 0.109375 0.109375
4 0.595703 0.187500 0.105469 0.117188
4 0.705078 0.076172 0.105469 0.113281
4 0.691406 0.326172 0.109375 0.136719
4 0.796875 0.214844 0.109375 0.125000
4 0.781250 0.458984 0.093750 0.113281
4 0.880859 0.349609 0.105469 0.121094
4 0.869141 0.589844 0.097656 0.117188
4 0.958984 0.482422 0.082031 0.121094
4 0.949219 0.734375 0.101562 0.132812
4 0.945312 0.066406 0.109375 0.125000
