4 0.814453 0.177734 0.058594 0.058594
4 0.890625 0.188477 0.054688 0.060547
4 0.725586 0.236328 0.060547 0.062500
4 0.799805 0.246094 0.060547 0.058594
4 0.873047 0.259766 0.062500 0.058594
4 0.709961 0.625000 0.064453 0.058594
4 0.784180 0.636719 0.060547 0.058594
4 0.878906 0.649414 0.058594 0.060547
4 0.949219 0.660156 0.054688 0.058594
4 0.696289 0.692383 0.064453 0.060547
4 0.773438 0.705078 0.062500 0.058594
4 0.867188 0.719727 0.058594 0.060547
4 0.939453 0.730469 0.058594 0.054688
4 0.685547 0.761719 0.058594 0.062500
4 0.753906 0.773438 0.050781 0.062500
4 0.852539 0.787109 0.060547 0.062500
4 0.925781 0.799805 0.062500 0.056641
1 0.218750 0.614258 0.042969 0.044922
