1 0.056875 0.654375 0.018750 0.016250
1 0.023125 0.694375 0.011250 0.011250
1 0.094375 0.656250 0.026250 0.022500
1 0.150625 0.856250 0.018750 0.022500
1 0.053750 0.473750 0.020000 0.025000
1 0.003125 0.606250 0.006250 0.012500
1 0.003750 0.513750 0.007500 0.025000
1 0.060625 0.611250 0.028750 0.020000
1 0.201250 0.645000 0.025000 0.025000
1 0.281250 0.627500 0.015000 0.012500
1 0.377500 0.741875 0.017500 0.011250
1 0.535625 0.980625 0.018750 0.008750
1 0.057500 0.105625 0.012500 0.023750
1 0.085000 0.117500 0.007500 0.017500
1 0.093750 0.115000 0.010000 0.015000
1 0.083125 0.148125 0.011250 0.016250
1 0.155625 0.589375 0.023750 0.021250
1 0.003125 0.554375 0.006250 0.016250
1 0.185000 0.596875 0.012500 0.018750
1 0.313125 0.640625 0.013750 0.011250
1 0.196250 0.893125 0.015000 0.013750
1 0.179375 0.693125 0.026250 0.018750
1 0.319375 0.927500 0.011250 0.007500
1 0.029375 0.542500 0.021250 0.022500
1 0.017500 0.635625 0.017500 0.016250
1 0.061250 0.528750 0.015000 0.020000
1 0.241250 0.698125 0.020000 0.013750
1 0.666250 0.850625 0.017500 0.011250
1 0.225000 0.730625 0.030000 0.018750
1 0.612500 0.935000 0.030000 0.022500
1 0.061250 0.056250 0.007500 0.022500
1 0.028125 0.065625 0.013750 0.041250
1 0.004375 0.155625 0.008750 0.021250
1 0.051875 0.200625 0.013750 0.023750
1 0.045000 0.145625 0.010000 0.023750
1 0.067500 0.239375 0.007500 0.011250
1 0.014375 0.066250 0.013750 0.042500
1 0.076250 0.411250 0.012500 0.015000
1 0.033125 0.242500 0.008750 0.020000
1 0.005000 0.413750 0.010000 0.022500
1 0.056250 0.436250 0.017500 0.025000
1 0.020625 0.443750 0.011250 0.020000
1 0.131875 0.548750 0.021250 0.020000
1 0.108125 0.585000 0.026250 0.025000
