2 0.122070 0.121094 0.087891 0.058594
2 0.373047 0.119141 0.097656 0.074219
2 0.628906 0.125977 0.078125 0.052734
2 0.874023 0.119141 0.095703 0.082031
2 0.121094 0.369141 0.097656 0.085938
2 0.371094 0.370117 0.093750 0.091797
2 0.622070 0.372070 0.080078 0.087891
2 0.863281 0.366211 0.101562 0.103516
2 0.117188 0.617188 0.085938 0.101562
2 0.378906 0.628906 0.070312 0.082031
2 0.627930 0.637695 0.064453 0.072266
2 0.877930 0.640625 0.056641 0.062500
2 0.117188 0.894531 0.054688 0.046875
2 0.371094 0.875977 0.054688 0.087891
2 0.624023 0.869141 0.083984 0.101562
2 0.875977 0.868164 0.091797 0.111328
