4 0.750000 0.074219 0.109375 0.125000
4 0.882812 0.126953 0.117188 0.128906
4 0.818359 0.253906 0.113281 0.125000
4 0.689453 0.201172 0.113281 0.121094
4 0.558594 0.138672 0.125000 0.121094
4 0.373047 0.302734 0.105469 0.097656
4 0.488281 0.271484 0.117188 0.105469
4 0.593750 0.314453 0.093750 0.097656
4 0.705078 0.361328 0.105469 0.105469
4 0.533203 0.404297 0.097656 0.097656
4 0.646484 0.451172 0.113281 0.105469
4 0.425781 0.533203 0.117188 0.136719
4 0.501953 0.650391 0.121094 0.121094
4 0.304688 0.587891 0.109375 0.121094
4 0.218750 0.701172 0.093750 0.097656
4 0.173828 0.791016 0.089844 0.097656
4 0.281250 0.839844 0.109375 0.101562
4 0.312500 0.738281 0.101562 0.093750
4 0.171875 0.509766 0.101562 0.105469
4 0.062500 0.492188 0.093750 0.101562
4 0.044922 0.632812 0.082031 0.101562
4 0.050781 0.746094 0.093750 0.109375
