4 0.016602 0.953125 0.041016 0.050781
4 0.068359 0.943359 0.046875 0.058594
4 0.055664 0.793945 0.044922 0.052734
4 0.067383 0.854492 0.052734 0.056641
4 0.526367 0.790039 0.044922 0.056641
4 0.537109 0.873047 0.046875 0.058594
4 0.591797 0.774414 0.046875 0.064453
4 0.605469 0.857422 0.042969 0.062500
4 0.658203 0.806641 0.046875 0.062500
4 0.659180 0.923828 0.048828 0.066406
4 0.713867 0.867188 0.048828 0.066406
4 0.758789 0.933594 0.052734 0.062500
4 0.838867 0.550781 0.041016 0.039062
4 0.890625 0.539062 0.042969 0.042969
4 0.847656 0.606445 0.042969 0.044922
4 0.901367 0.595703 0.048828 0.046875
4 0.851562 0.667969 0.039062 0.054688
4 0.909180 0.657227 0.052734 0.052734
4 0.914062 0.722656 0.046875 0.046875
4 0.923828 0.789062 0.058594 0.054688
4 0.982422 0.613281 0.066406 0.070312
1 0.171875 0.443359 0.207031 0.066406
