2 0.124023 0.125977 0.083984 0.080078
2 0.379883 0.121094 0.103516 0.093750
2 0.624023 0.123047 0.080078 0.070312
2 0.875000 0.125000 0.078125 0.066406
2 0.120117 0.372070 0.083984 0.068359
2 0.375977 0.369141 0.095703 0.074219
2 0.625977 0.367188 0.099609 0.062500
2 0.873047 0.363281 0.101562 0.074219
2 0.120117 0.620117 0.083984 0.041016
2 0.368164 0.621094 0.080078 0.042969
2 0.618164 0.623047 0.083984 0.042969
2 0.871094 0.625000 0.089844 0.062500
2 0.120117 0.874023 0.076172 0.060547
2 0.368164 0.875000 0.080078 0.062500
2 0.611328 0.870117 0.101562 0.095703
2 0.855469 0.869141 0.093750 0.101562
