4 0.414062 0.835938 0.148438 0.117188
4 0.478516 0.730469 0.121094 0.117188
4 0.583984 0.636719 0.105469 0.093750
4 0.703125 0.736328 0.117188 0.089844
4 0.591797 0.830078 0.121094 0.113281
4 0.492188 0.935547 0.125000 0.105469
4 0.744141 0.939453 0.121094 0.121094
4 0.654297 0.324219 0.113281 0.117188
4 0.576172 0.433594 0.144531 0.109375
4 0.777344 0.410156 0.125000 0.109375
4 0.687500 0.525391 0.140625 0.128906
4 0.906250 0.509766 0.148438 0.113281
4 0.798828 0.613281 0.152344 0.117188
4 0.935547 0.732422 0.128906 0.121094
4 0.632812 0.099609 0.085938 0.089844
4 0.691406 0.039062 0.078125 0.070312
