4 0.189453 0.481445 0.058594 0.056641
4 0.192383 0.403320 0.052734 0.064453
4 0.254883 0.396484 0.052734 0.066406
4 0.322266 0.384766 0.050781 0.070312
4 0.372070 0.517578 0.052734 0.066406
4 0.418945 0.451172 0.044922 0.062500
4 0.475586 0.394531 0.060547 0.062500
4 0.520508 0.337891 0.048828 0.070312
4 0.588867 0.342773 0.052734 0.064453
4 0.133789 0.320312 0.056641 0.066406
4 0.188477 0.264648 0.052734 0.068359
4 0.260742 0.278320 0.056641 0.068359
4 0.307617 0.216797 0.056641 0.066406
4 0.384766 0.202148 0.058594 0.068359
4 0.375000 0.120117 0.054688 0.064453
