4 0.673828 0.585938 0.042969 0.039062
4 0.550781 0.691406 0.054688 0.046875
4 0.574219 0.751953 0.039062 0.035156
4 0.695312 0.662109 0.031250 0.027344
4 0.695312 0.724609 0.039062 0.027344
4 0.687500 0.750000 0.023438 0.023438
4 0.830078 0.882812 0.042969 0.039062
4 0.882812 0.876953 0.046875 0.042969
4 0.861328 0.820312 0.035156 0.039062
4 0.878906 0.765625 0.046875 0.039062
4 0.892578 0.697266 0.027344 0.027344
4 0.888672 0.724609 0.027344 0.019531
4 0.830078 0.544922 0.042969 0.035156
4 0.830078 0.585938 0.035156 0.031250
4 0.832031 0.623047 0.039062 0.035156
4 0.898438 0.582031 0.039062 0.039062
4 0.931641 0.603516 0.027344 0.027344
4 0.982422 0.591797 0.035156 0.035156
4 0.892578 0.623047 0.027344 0.027344
