2 0.500977 0.908203 0.142578 0.066406
2 0.493164 0.844727 0.134766 0.056641
2 0.471680 0.681641 0.142578 0.062500
2 0.869141 0.923828 0.144531 0.066406
2 0.848633 0.864258 0.126953 0.068359
2 0.827148 0.757812 0.134766 0.062500
2 0.458984 0.607422 0.136719 0.070312
2 0.806641 0.574219 0.117188 0.058594
2 0.801758 0.515625 0.103516 0.058594
2 0.800781 0.449219 0.121094 0.066406
2 0.447266 0.500977 0.140625 0.072266
2 0.424805 0.449219 0.119141 0.054688
2 0.412109 0.395508 0.105469 0.052734
2 0.406250 0.341797 0.109375 0.035156
2 0.395508 0.305664 0.099609 0.033203
2 0.391602 0.270508 0.103516 0.052734
2 0.388672 0.213867 0.121094 0.056641
2 0.768555 0.349609 0.107422 0.050781
2 0.774414 0.293945 0.107422 0.048828
2 0.371094 0.167969 0.105469 0.039062
2 0.370117 0.126953 0.107422 0.042969
2 0.732422 0.181641 0.097656 0.042969
2 0.714844 0.121094 0.078125 0.035156
2 0.718750 0.076172 0.050781 0.027344
2 0.694336 0.013672 0.056641 0.027344
