1 0.042969 0.507812 0.078125 0.039062
1 0.113281 0.535156 0.078125 0.039062
1 0.244141 0.369141 0.136719 0.035156
1 0.105469 0.441406 0.085938 0.046875
1 0.265625 0.417969 0.132812 0.039062
1 0.207031 0.492188 0.109375 0.039062
1 0.261719 0.521484 0.109375 0.035156
1 0.355469 0.468750 0.140625 0.031250
1 0.376953 0.498047 0.089844 0.035156
1 0.109375 0.384766 0.085938 0.035156
1 0.031250 0.404297 0.054688 0.035156
1 0.238281 0.285156 0.101562 0.039062
1 0.382812 0.410156 0.078125 0.039062
1 0.472656 0.457031 0.070312 0.039062
1 0.316406 0.322266 0.109375 0.035156
