0 0.169643 0.948661 0.062500 0.049107
0 0.162946 0.843750 0.058036 0.044643
0 0.158482 0.743304 0.058036 0.058036
0 0.162946 0.638393 0.058036 0.035714
0 0.147321 0.533482 0.062500 0.066964
0 0.145089 0.426339 0.058036 0.058036
0 0.147321 0.319196 0.053571 0.040179
0 0.495536 0.698661 0.044643 0.049107
0 0.537946 0.747768 0.049107 0.040179
0 0.500000 0.774554 0.044643 0.040179
0 0.533482 0.812500 0.049107 0.044643
0 0.493304 0.843750 0.031250 0.035714
0 0.529018 0.881696 0.040179 0.040179
0 0.493304 0.915179 0.040179 0.035714
0 0.533482 0.950893 0.040179 0.035714
0 0.493304 0.979911 0.058036 0.040179
0 0.712054 0.982143 0.040179 0.035714
0 0.669643 0.946429 0.044643 0.035714
0 0.709821 0.908482 0.044643 0.049107
0 0.669643 0.879464 0.053571 0.044643
0 0.707589 0.839286 0.040179 0.044643
0 0.667411 0.808036 0.049107 0.044643
0 0.714286 0.772321 0.044643 0.035714
0 0.671875 0.741071 0.049107 0.053571
0 0.709821 0.696429 0.044643 0.044643
0 0.671875 0.671875 0.049107 0.049107
0 0.709821 0.636161 0.044643 0.040179
0 0.676339 0.598214 0.040179 0.044643
0 0.714286 0.564732 0.044643 0.040179
0 0.676339 0.524554 0.040179 0.040179
0 0.714286 0.488839 0.044643 0.049107
0 0.680804 0.457589 0.049107 0.040179
0 0.718750 0.421875 0.044643 0.040179
0 0.680804 0.390625 0.049107 0.049107
0 0.718750 0.352679 0.044643 0.044643
0 0.680804 0.316964 0.049107 0.044643
0 0.723214 0.283482 0.044643 0.040179
0 0.683036 0.247768 0.044643 0.049107
0 0.718750 0.209821 0.044643 0.035714
0 0.685268 0.180804 0.049107 0.040179
0 0.720982 0.147321 0.040179 0.044643
0 0.683036 0.111607 0.044643 0.053571
0 0.716518 0.073661 0.049107 0.049107
0 0.906250 0.084821 0.044643 0.044643
0 0.904018 0.149554 0.040179 0.040179
0 0.901786 0.218750 0.044643 0.053571
0 0.904018 0.290179 0.049107 0.035714
0 0.901786 0.357143 0.044643 0.044643
0 0.899554 0.433036 0.031250 0.035714
0 0.901786 0.500000 0.053571 0.044643
0 0.899554 0.564732 0.049107 0.049107
0 0.899554 0.642857 0.049107 0.053571
0 0.899554 0.714286 0.049107 0.044643
0 0.897321 0.783482 0.044643 0.049107
0 0.899554 0.848214 0.040179 0.044643
0 0.892857 0.917411 0.044643 0.049107
0 0.899554 0.982143 0.049107 0.035714
