2 0.898438 0.967773 0.121094 0.060547
2 0.522461 0.970703 0.119141 0.054688
2 0.509766 0.916992 0.105469 0.052734
2 0.503906 0.863281 0.109375 0.035156
2 0.493164 0.827148 0.099609 0.033203
2 0.489258 0.791992 0.103516 0.052734
2 0.486328 0.735352 0.121094 0.056641
2 0.866211 0.871094 0.107422 0.050781
2 0.872070 0.815430 0.107422 0.048828
2 0.468750 0.689453 0.105469 0.039062
2 0.467773 0.648438 0.107422 0.042969
2 0.500977 0.500977 0.134766 0.060547
2 0.830078 0.703125 0.097656 0.042969
2 0.812500 0.642578 0.078125 0.035156
2 0.816406 0.597656 0.050781 0.027344
2 0.791992 0.533203 0.056641 0.031250
2 0.817383 0.458008 0.134766 0.068359
2 0.803711 0.409180 0.126953 0.041016
2 0.770508 0.356445 0.095703 0.060547
