4 0.941406 0.837891 0.117188 0.089844
4 0.859375 0.763672 0.125000 0.097656
4 0.789062 0.687500 0.117188 0.109375
4 0.705078 0.625000 0.113281 0.093750
4 0.982422 0.775391 0.035156 0.105469
4 0.937500 0.699219 0.125000 0.109375
4 0.865234 0.636719 0.121094 0.093750
4 0.796875 0.558594 0.125000 0.093750
4 0.617188 0.685547 0.156250 0.105469
4 0.587891 0.585938 0.144531 0.109375
4 0.486328 0.703125 0.128906 0.093750
4 0.462891 0.599609 0.144531 0.113281
4 0.167969 0.892578 0.132812 0.089844
4 0.263672 0.832031 0.128906 0.085938
4 0.246094 0.740234 0.132812 0.089844
4 0.148438 0.804688 0.132812 0.093750
4 0.126953 0.710938 0.128906 0.093750
4 0.958984 0.544922 0.082031 0.105469
4 0.914062 0.486328 0.125000 0.097656
4 0.960938 0.421875 0.078125 0.101562
