4 0.812500 0.650391 0.042969 0.054688
4 0.829102 0.588867 0.044922 0.056641
4 0.841797 0.513672 0.066406 0.070312
4 0.865234 0.427734 0.058594 0.066406
4 0.800781 0.376953 0.058594 0.066406
4 0.876953 0.347656 0.058594 0.070312
4 0.811523 0.290039 0.056641 0.068359
4 0.940430 0.214844 0.044922 0.050781
4 0.894531 0.181641 0.046875 0.050781
4 0.848633 0.140625 0.044922 0.046875
4 0.799805 0.103516 0.056641 0.062500
4 0.745117 0.062500 0.064453 0.062500
4 0.833984 0.039062 0.058594 0.058594
4 0.879883 0.074219 0.041016 0.042969
4 0.921875 0.126953 0.042969 0.046875
4 0.965820 0.158203 0.044922 0.050781
1 0.310547 0.835938 0.105469 0.093750
1 0.101562 0.688477 0.144531 0.099609
