4 0.550781 0.925781 0.023438 0.023438
4 0.578125 0.945312 0.031250 0.015625
4 0.605469 0.966797 0.023438 0.019531
4 0.720703 0.869141 0.027344 0.019531
4 0.751953 0.839844 0.027344 0.023438
4 0.716797 0.810547 0.019531 0.019531
4 0.771484 0.812500 0.019531 0.015625
4 0.748047 0.783203 0.035156 0.027344
4 0.642578 0.814453 0.027344 0.019531
4 0.677734 0.783203 0.019531 0.019531
4 0.623047 0.787109 0.019531 0.019531
4 0.677734 0.746094 0.019531 0.015625
4 0.658203 0.736328 0.019531 0.019531
4 0.625000 0.701172 0.023438 0.019531
4 0.380859 0.744141 0.027344 0.019531
4 0.406250 0.705078 0.023438 0.019531
4 0.417969 0.667969 0.039062 0.023438
4 0.386719 0.664062 0.031250 0.023438
4 0.417969 0.628906 0.039062 0.031250
4 0.330078 0.646484 0.027344 0.027344
4 0.308594 0.667969 0.039062 0.023438
4 0.359375 0.697266 0.015625 0.019531
4 0.330078 0.728516 0.019531 0.019531
4 0.242188 0.818359 0.023438 0.019531
4 0.302734 0.800781 0.027344 0.023438
4 0.318359 0.777344 0.027344 0.031250
4 0.181641 0.818359 0.019531 0.011719
4 0.195312 0.802734 0.015625 0.019531
4 0.564453 0.580078 0.019531 0.011719
4 0.535156 0.492188 0.046875 0.039062
4 0.599609 0.490234 0.042969 0.035156
4 0.535156 0.453125 0.046875 0.031250
4 0.583984 0.443359 0.042969 0.035156
4 0.625000 0.761719 0.015625 0.015625
3 0.482422 0.607422 0.042969 0.019531
3 0.490234 0.175781 0.035156 0.023438
3 0.060547 0.927734 0.027344 0.027344
