0 0.669922 0.546875 0.042969 0.039062
0 0.693359 0.507812 0.042969 0.039062
0 0.714844 0.552734 0.039062 0.035156
0 0.738281 0.507812 0.039062 0.039062
0 0.757812 0.550781 0.046875 0.039062
0 0.785156 0.507812 0.039062 0.039062
0 0.828125 0.511719 0.039062 0.039062
0 0.806641 0.552734 0.042969 0.035156
0 0.851562 0.554688 0.039062 0.031250
0 0.875000 0.511719 0.039062 0.039062
0 0.898438 0.556641 0.046875 0.035156
0 0.921875 0.513672 0.039062 0.035156
0 0.968750 0.517578 0.039062 0.035156
0 0.941406 0.560547 0.046875 0.035156
0 0.984375 0.560547 0.031250 0.035156
0 0.996094 0.519531 0.007812 0.039062
0 0.677734 0.404297 0.035156 0.035156
0 0.722656 0.406250 0.039062 0.039062
0 0.765625 0.404297 0.039062 0.035156
0 0.808594 0.410156 0.039062 0.031250
0 0.851562 0.412109 0.039062 0.035156
0 0.898438 0.412109 0.039062 0.042969
0 0.941406 0.414062 0.039062 0.039062
0 0.984375 0.417969 0.031250 0.039062
0 0.994141 0.375000 0.011719 0.039062
0 0.960938 0.373047 0.039062 0.042969
0 0.921875 0.371094 0.046875 0.039062
0 0.869141 0.369141 0.042969 0.035156
0 0.824219 0.361328 0.046875 0.035156
0 0.785156 0.367188 0.039062 0.039062
0 0.742188 0.365234 0.039062 0.035156
0 0.695312 0.359375 0.046875 0.039062
0 0.789062 0.263672 0.054688 0.058594
0 0.837891 0.263672 0.042969 0.042969
0 0.884766 0.263672 0.035156 0.042969
0 0.929688 0.265625 0.039062 0.039062
0 0.976562 0.263672 0.039062 0.042969
0 0.667969 0.152344 0.023438 0.023438
0 0.697266 0.160156 0.019531 0.023438
0 0.728516 0.158203 0.027344 0.027344
0 0.759766 0.162109 0.027344 0.027344
0 0.787109 0.162109 0.019531 0.027344
0 0.806641 0.162109 0.019531 0.027344
0 0.826172 0.164062 0.019531 0.023438
0 0.855469 0.167969 0.015625 0.023438
0 0.892578 0.171875 0.019531 0.031250
0 0.919922 0.173828 0.019531 0.027344
0 0.941406 0.173828 0.023438 0.027344
0 0.960938 0.167969 0.023438 0.023438
0 0.984375 0.175781 0.023438 0.023438
0 0.478516 0.154297 0.042969 0.050781
0 0.425781 0.150391 0.046875 0.042969
0 0.382812 0.142578 0.046875 0.035156
0 0.343750 0.142578 0.039062 0.035156
