1 0.050781 0.205078 0.039062 0.113281
1 0.291016 0.347656 0.058594 0.046875
1 0.539062 0.498047 0.054688 0.042969
1 0.615234 0.623047 0.082031 0.050781
1 0.269531 0.568359 0.070312 0.042969
1 0.107422 0.462891 0.066406 0.050781
1 0.394531 0.814453 0.039062 0.058594
1 0.525391 0.853516 0.058594 0.050781
1 0.582031 0.884766 0.054688 0.042969
1 0.494141 0.742188 0.066406 0.031250
1 0.615234 0.750000 0.066406 0.039062
1 0.570312 0.777344 0.062500 0.046875
1 0.564453 0.732422 0.050781 0.027344
1 0.960938 0.750000 0.054688 0.078125
1 0.945312 0.839844 0.054688 0.070312
1 0.910156 0.921875 0.054688 0.101562
1 0.531250 0.935547 0.046875 0.027344
