1 0.101562 0.132812 0.140625 0.132812
4 0.814453 0.029297 0.066406 0.050781
4 0.773438 0.107422 0.070312 0.074219
4 0.693359 0.076172 0.074219 0.074219
4 0.595703 0.041016 0.074219 0.074219
4 0.519531 0.027344 0.070312 0.046875
4 0.771484 0.193359 0.066406 0.066406
4 0.685547 0.154297 0.082031 0.082031
4 0.806641 0.318359 0.074219 0.074219
4 0.396484 0.144531 0.066406 0.078125
4 0.367188 0.236328 0.070312 0.074219
4 0.457031 0.267578 0.078125 0.082031
4 0.527344 0.304688 0.062500 0.070312
4 0.636719 0.343750 0.078125 0.070312
4 0.726562 0.285156 0.070312 0.070312
4 0.716797 0.375000 0.066406 0.078125
4 0.796875 0.408203 0.070312 0.074219
4 0.646484 0.257812 0.074219 0.078125
4 0.556641 0.212891 0.058594 0.074219
4 0.486328 0.175781 0.074219 0.078125
4 0.423828 0.472656 0.050781 0.062500
4 0.476562 0.490234 0.046875 0.050781
4 0.494141 0.425781 0.050781 0.054688
4 0.367188 0.445312 0.046875 0.054688
