2 0.567383 0.041016 0.115234 0.082031
2 0.124023 0.156250 0.064453 0.101562
2 0.066406 0.277344 0.050781 0.074219
2 0.271484 0.217773 0.058594 0.099609
2 0.352539 0.242188 0.060547 0.089844
2 0.421875 0.288086 0.054688 0.095703
2 0.497070 0.313477 0.052734 0.103516
2 0.278320 0.365234 0.048828 0.089844
2 0.347656 0.393555 0.046875 0.091797
2 0.500000 0.500977 0.062500 0.115234
2 0.054688 0.586914 0.089844 0.080078
2 0.138672 0.606445 0.121094 0.087891
2 0.108398 0.756836 0.150391 0.123047
2 0.336914 0.711914 0.142578 0.111328
2 0.699219 0.960938 0.175781 0.066406
