1 0.487500 0.540000 0.069000 0.026000
1 0.485000 0.559000 0.070000 0.024000
1 0.481000 0.576000 0.078000 0.024000
1 0.497500 0.492500 0.071000 0.025000
1 0.494500 0.510000 0.079000 0.024000
1 0.497500 0.335000 0.121000 0.056000
1 0.249000 0.035500 0.246000 0.069000
1 0.270500 0.078000 0.201000 0.058000
1 0.236000 0.102000 0.252000 0.082000
1 0.240000 0.131500 0.236000 0.073000
1 0.247000 0.179000 0.326000 0.058000
1 0.122000 0.207500 0.222000 0.067000
1 0.278000 0.256500 0.114000 0.035000
1 0.128500 0.261500 0.165000 0.045000
1 0.132000 0.302000 0.184000 0.042000
1 0.276500 0.284000 0.117000 0.028000
1 0.284500 0.313000 0.117000 0.028000
1 0.149000 0.340500 0.174000 0.033000
1 0.292000 0.359000 0.170000 0.040000
1 0.219500 0.385000 0.277000 0.056000
1 0.106000 0.426500 0.210000 0.071000
1 0.275500 0.455500 0.139000 0.043000
1 0.272000 0.499500 0.182000 0.053000
1 0.101500 0.474500 0.143000 0.069000
1 0.362000 0.609500 0.242000 0.079000
1 0.126000 0.563500 0.150000 0.057000
1 0.106000 0.605000 0.184000 0.048000
1 0.321000 0.633500 0.156000 0.067000
1 0.128500 0.657000 0.175000 0.040000
1 0.286000 0.676000 0.246000 0.094000
1 0.189000 0.699500 0.202000 0.055000
1 0.133000 0.725500 0.124000 0.039000
1 0.264000 0.775500 0.162000 0.061000
1 0.299500 0.767500 0.107000 0.057000
1 0.112500 0.754500 0.107000 0.041000
1 0.283500 0.814000 0.207000 0.050000
1 0.247500 0.865000 0.193000 0.058000
1 0.276500 0.918000 0.143000 0.058000
1 0.291000 0.961000 0.172000 0.046000
1 0.116500 0.932000 0.111000 0.038000
1 0.271500 0.987000 0.141000 0.024000
1 0.134000 0.803000 0.108000 0.068000
1 0.100500 0.847000 0.119000 0.086000
1 0.860500 0.095500 0.057000 0.107000
1 0.905500 0.108500 0.045000 0.103000
1 0.945500 0.111000 0.033000 0.102000
1 0.921500 0.243000 0.047000 0.104000
1 0.869000 0.459500 0.042000 0.117000
1 0.902500 0.592500 0.047000 0.111000
1 0.896500 0.714000 0.047000 0.114000
1 0.941000 0.708500 0.046000 0.113000
1 0.925000 0.364500 0.058000 0.111000
1 0.915000 0.477000 0.046000 0.104000
1 0.939000 0.590500 0.034000 0.099000
1 0.876000 0.844000 0.040000 0.116000
1 0.905500 0.846500 0.049000 0.111000
