2 0.053711 0.755859 0.107422 0.074219
2 0.325195 0.483398 0.107422 0.099609
2 0.378906 0.542969 0.121094 0.121094
2 0.400391 0.618164 0.097656 0.099609
2 0.421875 0.688477 0.082031 0.091797
2 0.439453 0.758789 0.109375 0.107422
2 0.462891 0.828125 0.113281 0.101562
2 0.500000 0.500977 0.089844 0.083984
2 0.563477 0.633789 0.091797 0.083984
2 0.569336 0.707031 0.091797 0.085938
2 0.608398 0.833008 0.107422 0.083984
2 0.523438 0.577148 0.089844 0.087891
2 0.766602 0.468750 0.087891 0.050781
2 0.759766 0.541992 0.101562 0.056641
2 0.809570 0.615234 0.076172 0.042969
2 0.834961 0.688477 0.087891 0.044922
2 0.851562 0.757812 0.089844 0.050781
2 0.862305 0.838867 0.091797 0.068359
2 0.865234 0.909180 0.097656 0.060547
2 0.914062 0.417969 0.101562 0.093750
2 0.934570 0.496094 0.087891 0.078125
2 0.945312 0.570312 0.105469 0.089844
