4 0.052734 0.197266 0.097656 0.105469
4 0.089844 0.328125 0.117188 0.109375
4 0.140625 0.462891 0.109375 0.105469
4 0.078125 0.646484 0.117188 0.097656
4 0.214844 0.593750 0.109375 0.101562
4 0.363281 0.619141 0.109375 0.113281
4 0.191406 0.736328 0.109375 0.113281
4 0.337891 0.755859 0.105469 0.113281
4 0.230469 0.132812 0.117188 0.101562
4 0.376953 0.082031 0.097656 0.109375
4 0.277344 0.261719 0.117188 0.117188
4 0.425781 0.220703 0.117188 0.113281
4 0.332031 0.392578 0.109375 0.113281
4 0.470703 0.347656 0.105469 0.109375
4 0.636719 0.304688 0.109375 0.101562
4 0.609375 0.443359 0.109375 0.113281
4 0.751953 0.464844 0.113281 0.109375
4 0.779297 0.332031 0.113281 0.117188
4 0.931641 0.351562 0.128906 0.117188
4 0.892578 0.492188 0.121094 0.125000
