0 0.069196 0.066964 0.075893 0.053571
0 0.301339 0.024554 0.066964 0.049107
0 0.361607 0.066964 0.080357 0.062500
0 0.303571 0.149554 0.071429 0.075893
0 0.377232 0.203125 0.075893 0.066964
0 0.305804 0.258929 0.075893 0.071429
0 0.375000 0.330357 0.080357 0.071429
0 0.316964 0.381696 0.071429 0.058036
0 0.375000 0.455357 0.071429 0.062500
0 0.314732 0.515625 0.084821 0.066964
0 0.377232 0.580357 0.058036 0.062500
0 0.312500 0.640625 0.071429 0.058036
0 0.381696 0.712054 0.075893 0.066964
0 0.316964 0.779018 0.071429 0.066964
0 0.381696 0.834821 0.075893 0.062500
0 0.066964 0.716518 0.089286 0.066964
0 0.066964 0.843750 0.080357 0.071429
0 0.073661 0.962054 0.075893 0.075893
0 0.310268 0.901786 0.075893 0.062500
0 0.379464 0.962054 0.071429 0.066964
0 0.611607 0.895089 0.080357 0.075893
0 0.616071 0.763393 0.080357 0.080357
0 0.618304 0.640625 0.075893 0.075893
0 0.613839 0.511161 0.084821 0.084821
0 0.616071 0.386161 0.080357 0.075893
0 0.618304 0.263393 0.075893 0.080357
0 0.616071 0.138393 0.080357 0.071429
0 0.618304 0.022321 0.075893 0.044643
0 0.895089 0.276786 0.058036 0.044643
0 0.955357 0.323661 0.062500 0.066964
0 0.955357 0.430804 0.062500 0.049107
0 0.901786 0.484375 0.062500 0.049107
0 0.964286 0.540179 0.062500 0.053571
0 0.892857 0.587054 0.062500 0.049107
0 0.953125 0.638393 0.058036 0.044643
0 0.897321 0.691964 0.062500 0.053571
0 0.957589 0.745536 0.058036 0.053571
0 0.895089 0.803571 0.058036 0.053571
0 0.953125 0.854911 0.058036 0.049107
0 0.895089 0.904018 0.066964 0.058036
0 0.957589 0.959821 0.058036 0.044643
