1 0.271484 0.908203 0.246094 0.183594
4 0.685547 0.103516 0.105469 0.089844
4 0.539062 0.125000 0.109375 0.109375
4 0.632812 0.183594 0.101562 0.109375
4 0.476562 0.201172 0.109375 0.105469
4 0.107422 0.814453 0.128906 0.128906
4 0.187500 0.734375 0.125000 0.109375
4 0.291016 0.634766 0.121094 0.113281
4 0.218750 0.140625 0.117188 0.117188
4 0.158203 0.212891 0.089844 0.097656
4 0.320312 0.181641 0.117188 0.105469
4 0.259766 0.255859 0.105469 0.097656
4 0.203125 0.322266 0.101562 0.105469
4 0.419922 0.265625 0.136719 0.117188
4 0.339844 0.341797 0.078125 0.089844
4 0.421875 0.392578 0.078125 0.082031
4 0.279297 0.419922 0.074219 0.113281
4 0.353516 0.449219 0.097656 0.093750
