1 0.016500 0.543500 0.031000 0.151000
1 0.022500 0.592500 0.035000 0.083000
1 0.082500 0.605000 0.039000 0.088000
1 0.159500 0.653500 0.057000 0.023000
1 0.352500 0.317500 0.057000 0.099000
1 0.286000 0.277500 0.044000 0.107000
1 0.629500 0.357000 0.039000 0.094000
1 0.581500 0.351000 0.041000 0.102000
1 0.532000 0.358000 0.056000 0.126000
1 0.648500 0.699000 0.029000 0.064000
1 0.711500 0.708000 0.021000 0.054000
1 0.748500 0.700500 0.029000 0.077000
1 0.795000 0.709000 0.024000 0.064000
1 0.764000 0.717000 0.020000 0.042000
1 0.878000 0.691000 0.046000 0.080000
1 0.934500 0.697500 0.043000 0.057000
