1 0.162109 0.136719 0.113281 0.093750
1 0.167969 0.373047 0.109375 0.105469
1 0.322266 0.412109 0.082031 0.089844
1 0.111328 0.519531 0.105469 0.070312
1 0.035156 0.728516 0.070312 0.058594
1 0.175781 0.759766 0.093750 0.082031
1 0.335938 0.601562 0.101562 0.085938
1 0.607422 0.654297 0.082031 0.175781
1 0.535156 0.839844 0.062500 0.117188
1 0.392578 0.900391 0.097656 0.089844
1 0.785156 0.302734 0.140625 0.121094
1 0.396484 0.164062 0.105469 0.070312
1 0.447266 0.306641 0.097656 0.058594
1 0.826172 0.099609 0.066406 0.113281
1 0.433594 0.039062 0.101562 0.078125
1 0.722656 0.041016 0.070312 0.082031
1 0.140625 0.972656 0.109375 0.046875
