4 0.027344 0.291992 0.058594 0.060547
4 0.096680 0.320312 0.060547 0.054688
4 0.065430 0.384766 0.060547 0.058594
4 0.011719 0.438477 0.058594 0.052734
4 0.102539 0.024414 0.060547 0.060547
4 0.067383 0.107422 0.056641 0.062500
4 0.036133 0.172852 0.060547 0.060547
4 0.181641 0.078125 0.062500 0.062500
4 0.245117 0.105469 0.060547 0.050781
4 0.147461 0.142578 0.056641 0.058594
4 0.217773 0.169922 0.060547 0.058594
4 0.118164 0.207031 0.052734 0.054688
4 0.192383 0.233398 0.068359 0.060547
4 0.321289 0.209961 0.068359 0.060547
4 0.281250 0.272461 0.058594 0.056641
4 0.386719 0.237305 0.058594 0.060547
4 0.352539 0.305664 0.068359 0.060547
4 0.453125 0.268555 0.074219 0.056641
4 0.423828 0.332031 0.070312 0.062500
1 0.409180 0.563477 0.048828 0.048828
