2 0.064453 0.450195 0.066406 0.119141
2 0.500977 0.500977 0.087891 0.119141
2 0.569336 0.513672 0.087891 0.132812
2 0.639648 0.527344 0.087891 0.121094
2 0.065430 0.736328 0.080078 0.109375
2 0.136719 0.752930 0.082031 0.119141
2 0.200195 0.764648 0.068359 0.103516
2 0.277344 0.764648 0.066406 0.107422
2 0.342773 0.782227 0.076172 0.115234
2 0.410156 0.797852 0.066406 0.107422
2 0.479492 0.808594 0.064453 0.101562
2 0.558594 0.827148 0.070312 0.111328
2 0.625000 0.825195 0.070312 0.095703
2 0.703125 0.836914 0.066406 0.103516
2 0.840820 0.847656 0.083984 0.105469
2 0.067383 0.940430 0.068359 0.115234
2 0.142578 0.933594 0.074219 0.117188
2 0.217773 0.943359 0.068359 0.109375
2 0.285156 0.955078 0.066406 0.085938
