4 0.132812 0.636719 0.101562 0.132812
4 0.152344 0.808594 0.109375 0.132812
4 0.275391 0.615234 0.105469 0.136719
4 0.300781 0.787109 0.132812 0.144531
4 0.421875 0.667969 0.109375 0.125000
4 0.529297 0.558594 0.105469 0.117188
4 0.507812 0.802734 0.109375 0.121094
4 0.615234 0.691406 0.105469 0.125000
4 0.595703 0.937500 0.105469 0.117188
4 0.705078 0.826172 0.105469 0.113281
4 0.796875 0.951172 0.109375 0.097656
4 0.412109 0.142578 0.089844 0.113281
4 0.433594 0.308594 0.093750 0.117188
4 0.542969 0.111328 0.093750 0.128906
4 0.570312 0.277344 0.085938 0.125000
4 0.675781 0.175781 0.093750 0.125000
4 0.677734 0.410156 0.097656 0.132812
4 0.787109 0.296875 0.097656 0.132812
4 0.769531 0.541016 0.101562 0.121094
4 0.876953 0.429688 0.105469 0.125000
4 0.855469 0.671875 0.101562 0.125000
4 0.960938 0.564453 0.078125 0.121094
4 0.945312 0.814453 0.109375 0.128906
