2 0.119141 0.119141 0.078125 0.066406
2 0.366211 0.115234 0.083984 0.058594
2 0.619141 0.118164 0.082031 0.064453
2 0.867188 0.116211 0.089844 0.076172
2 0.118164 0.370117 0.076172 0.068359
2 0.368164 0.368164 0.083984 0.076172
2 0.617188 0.367188 0.074219 0.062500
2 0.869141 0.364258 0.085938 0.080078
2 0.115234 0.614258 0.074219 0.072266
2 0.369141 0.615234 0.074219 0.078125
2 0.620117 0.614258 0.072266 0.080078
2 0.869141 0.613281 0.070312 0.082031
2 0.116211 0.866211 0.076172 0.083984
2 0.368164 0.867188 0.068359 0.078125
2 0.624023 0.862305 0.068359 0.080078
2 0.879883 0.864258 0.072266 0.083984
