4 0.053711 0.384766 0.056641 0.058594
4 0.119141 0.411133 0.050781 0.052734
4 0.183594 0.384766 0.050781 0.054688
4 0.252930 0.359375 0.056641 0.058594
4 0.317383 0.324219 0.052734 0.058594
4 0.342773 0.444336 0.056641 0.056641
4 0.416992 0.456055 0.052734 0.060547
4 0.492188 0.473633 0.058594 0.060547
4 0.509766 0.555664 0.050781 0.056641
4 0.442383 0.582031 0.052734 0.058594
4 0.371094 0.541992 0.050781 0.056641
4 0.301758 0.576172 0.048828 0.054688
4 0.217773 0.562500 0.052734 0.054688
4 0.204102 0.629883 0.056641 0.052734
4 0.035156 0.752930 0.058594 0.060547
4 0.077148 0.807617 0.056641 0.056641
4 0.128906 0.865234 0.062500 0.058594
