4 0.523438 0.460938 0.039062 0.031250
4 0.597656 0.462891 0.023438 0.019531
4 0.738281 0.458984 0.039062 0.035156
4 0.802734 0.458984 0.035156 0.027344
4 0.869141 0.460938 0.042969 0.023438
4 0.919922 0.462891 0.027344 0.027344
4 0.593750 0.660156 0.046875 0.039062
4 0.675781 0.660156 0.054688 0.039062
4 0.583984 0.724609 0.042969 0.035156
4 0.677734 0.734375 0.066406 0.046875
4 0.787109 0.753906 0.035156 0.023438
4 0.765625 0.667969 0.054688 0.046875
4 0.871094 0.642578 0.023438 0.027344
4 0.843750 0.677734 0.031250 0.019531
4 0.843750 0.714844 0.031250 0.023438
4 0.892578 0.677734 0.035156 0.019531
4 0.892578 0.714844 0.035156 0.023438
4 0.941406 0.677734 0.031250 0.019531
4 0.941406 0.716797 0.039062 0.027344
4 0.988281 0.679688 0.023438 0.023438
4 0.988281 0.714844 0.023438 0.031250
3 0.378906 0.925781 0.039062 0.015625
