4 0.287109 0.412109 0.089844 0.074219
4 0.388672 0.390625 0.082031 0.085938
4 0.296875 0.521484 0.101562 0.105469
4 0.308594 0.652344 0.109375 0.101562
4 0.410156 0.509766 0.093750 0.121094
4 0.427734 0.630859 0.105469 0.097656
4 0.423828 0.751953 0.097656 0.097656
4 0.457031 0.886719 0.132812 0.125000
4 0.570312 0.541016 0.140625 0.144531
4 0.712891 0.513672 0.136719 0.152344
4 0.845703 0.478516 0.128906 0.136719
4 0.738281 0.728516 0.117188 0.113281
4 0.867188 0.703125 0.125000 0.140625
4 0.759766 0.902344 0.121094 0.117188
4 0.898438 0.865234 0.132812 0.128906
