2 0.116211 0.124023 0.068359 0.083984
2 0.369141 0.122070 0.082031 0.068359
2 0.623047 0.133789 0.082031 0.056641
2 0.867188 0.125000 0.082031 0.042969
2 0.098633 0.374023 0.091797 0.041016
2 0.372070 0.373047 0.080078 0.039062
2 0.616211 0.372070 0.091797 0.048828
2 0.871094 0.374023 0.078125 0.048828
2 0.119141 0.624023 0.089844 0.060547
2 0.367188 0.619141 0.082031 0.082031
2 0.619141 0.628906 0.082031 0.082031
2 0.873047 0.625977 0.062500 0.072266
2 0.122070 0.876953 0.072266 0.082031
2 0.376953 0.878906 0.066406 0.074219
2 0.620117 0.870117 0.060547 0.083984
2 0.876953 0.880859 0.054688 0.062500
