4 0.996094 0.708984 0.007812 0.113281
4 0.992188 0.822266 0.015625 0.097656
4 0.984375 0.927734 0.031250 0.089844
4 0.980469 0.986328 0.039062 0.027344
4 0.921875 0.716797 0.132812 0.121094
4 0.912109 0.824219 0.144531 0.117188
4 0.902344 0.929688 0.125000 0.109375
4 0.896484 0.978516 0.121094 0.042969
4 0.787109 0.705078 0.113281 0.121094
4 0.767578 0.800781 0.113281 0.109375
4 0.765625 0.896484 0.101562 0.113281
4 0.666016 0.699219 0.121094 0.109375
4 0.652344 0.796875 0.117188 0.117188
4 0.652344 0.882812 0.117188 0.125000
4 0.509766 0.689453 0.113281 0.105469
4 0.505859 0.783203 0.113281 0.128906
4 0.386719 0.685547 0.109375 0.121094
4 0.380859 0.787109 0.113281 0.113281
4 0.269531 0.679688 0.132812 0.101562
4 0.253906 0.773438 0.125000 0.117188
4 0.759766 0.568359 0.152344 0.105469
4 0.648438 0.177734 0.085938 0.082031
4 0.515625 0.291016 0.101562 0.082031
4 0.882812 0.566406 0.117188 0.101562
1 0.525391 0.054688 0.167969 0.101562
1 0.421875 0.169922 0.140625 0.136719
1 0.029297 0.837891 0.058594 0.261719
1 0.099609 0.664062 0.027344 0.132812
