4 0.589844 0.050781 0.132812 0.093750
4 0.439453 0.085938 0.121094 0.109375
4 0.638672 0.173828 0.113281 0.113281
4 0.501953 0.222656 0.105469 0.117188
4 0.544922 0.355469 0.113281 0.109375
4 0.685547 0.300781 0.113281 0.109375
4 0.599609 0.480469 0.105469 0.117188
4 0.732422 0.435547 0.113281 0.113281
4 0.650391 0.621094 0.113281 0.117188
4 0.792969 0.572266 0.117188 0.105469
4 0.839844 0.703125 0.117188 0.109375
4 0.703125 0.755859 0.117188 0.105469
4 0.746094 0.888672 0.117188 0.121094
4 0.890625 0.837891 0.109375 0.105469
4 0.955078 0.058594 0.089844 0.109375
4 0.830078 0.103516 0.113281 0.113281
4 0.873047 0.232422 0.113281 0.113281
4 0.923828 0.363281 0.113281 0.117188
