1 0.566406 0.061523 0.027344 0.037109
1 0.654297 0.075195 0.027344 0.037109
1 0.597656 0.137695 0.023438 0.041016
1 0.701172 0.251953 0.031250 0.031250
1 0.662109 0.227539 0.015625 0.033203
1 0.618164 0.187500 0.021484 0.042969
1 0.809570 0.361328 0.044922 0.019531
1 0.838867 0.436523 0.048828 0.013672
1 0.705078 0.461914 0.042969 0.013672
1 0.972656 0.466797 0.046875 0.019531
1 0.835938 0.583008 0.050781 0.013672
1 0.630859 0.597656 0.066406 0.027344
1 0.552734 0.721680 0.058594 0.033203
1 0.828125 0.707031 0.062500 0.023438
1 0.981445 0.902344 0.033203 0.062500
