4 0.253906 0.562500 0.125000 0.140625
4 0.314453 0.427734 0.128906 0.144531
4 0.363281 0.640625 0.117188 0.125000
4 0.427734 0.511719 0.121094 0.117188
4 0.521484 0.591797 0.097656 0.097656
4 0.464844 0.714844 0.109375 0.109375
4 0.613281 0.685547 0.101562 0.113281
4 0.550781 0.791016 0.085938 0.105469
4 0.707031 0.750000 0.085938 0.109375
4 0.636719 0.845703 0.093750 0.105469
4 0.474609 0.130859 0.121094 0.136719
4 0.410156 0.259766 0.125000 0.128906
4 0.583984 0.222656 0.136719 0.125000
4 0.515625 0.345703 0.109375 0.144531
4 0.693359 0.304688 0.113281 0.132812
4 0.619141 0.435547 0.105469 0.121094
