2 0.120117 0.126953 0.083984 0.054688
2 0.371094 0.128906 0.089844 0.050781
2 0.618164 0.125977 0.080078 0.041016
2 0.867188 0.127930 0.082031 0.041016
2 0.120117 0.376953 0.080078 0.042969
2 0.370117 0.374023 0.083984 0.060547
2 0.618164 0.375977 0.083984 0.056641
2 0.869141 0.380859 0.085938 0.070312
2 0.119141 0.622070 0.089844 0.080078
2 0.368164 0.625977 0.083984 0.072266
2 0.622070 0.623047 0.083984 0.082031
2 0.865234 0.625000 0.078125 0.085938
2 0.123047 0.872070 0.070312 0.083984
2 0.370117 0.875000 0.064453 0.082031
2 0.621094 0.882812 0.054688 0.062500
2 0.875000 0.878906 0.050781 0.058594
