2 0.125000 0.123047 0.093750 0.058594
2 0.375000 0.125000 0.093750 0.070312
2 0.622070 0.126953 0.087891 0.070312
2 0.873047 0.125000 0.089844 0.074219
2 0.128906 0.375977 0.078125 0.076172
2 0.373047 0.375000 0.078125 0.085938
2 0.622070 0.375000 0.080078 0.093750
2 0.875977 0.380859 0.060547 0.078125
2 0.125000 0.629883 0.058594 0.076172
2 0.375977 0.624023 0.037109 0.072266
2 0.626953 0.631836 0.039062 0.060547
2 0.872070 0.628906 0.052734 0.074219
2 0.126953 0.871094 0.062500 0.085938
2 0.373047 0.877930 0.058594 0.076172
2 0.623047 0.875000 0.074219 0.089844
2 0.871094 0.875977 0.085938 0.095703
