4 0.739258 0.126953 0.056641 0.050781
4 0.702148 0.084961 0.056641 0.052734
4 0.665039 0.047852 0.056641 0.044922
4 0.628906 0.012695 0.062500 0.044922
4 0.824219 0.129883 0.062500 0.052734
4 0.784180 0.087891 0.068359 0.050781
4 0.748047 0.051758 0.050781 0.048828
4 0.706055 0.015625 0.056641 0.050781
4 0.240234 0.040039 0.066406 0.044922
4 0.288086 0.009766 0.064453 0.042969
4 0.920898 0.117188 0.056641 0.050781
4 0.961914 0.095703 0.064453 0.050781
4 0.920898 0.053711 0.068359 0.048828
4 0.878906 0.083984 0.058594 0.050781
4 0.844727 0.050781 0.060547 0.050781
4 0.884766 0.018555 0.066406 0.052734
4 0.115234 0.192383 0.054688 0.048828
4 0.107422 0.243164 0.058594 0.044922
4 0.106445 0.290039 0.056641 0.044922
4 0.057617 0.192383 0.056641 0.048828
4 0.052734 0.236328 0.046875 0.042969
4 0.050781 0.281250 0.054688 0.050781
