0 0.017578 0.550781 0.027344 0.039062
0 0.035156 0.507812 0.039062 0.039062
0 0.078125 0.511719 0.039062 0.039062
0 0.056641 0.552734 0.042969 0.035156
0 0.101562 0.554688 0.039062 0.031250
0 0.125000 0.511719 0.039062 0.039062
0 0.148438 0.556641 0.046875 0.035156
0 0.171875 0.513672 0.039062 0.035156
0 0.218750 0.517578 0.039062 0.035156
0 0.191406 0.560547 0.046875 0.035156
0 0.238281 0.560547 0.039062 0.035156
0 0.263672 0.519531 0.042969 0.039062
0 0.281250 0.562500 0.046875 0.039062
0 0.289062 0.658203 0.046875 0.042969
0 0.019531 0.404297 0.031250 0.035156
0 0.058594 0.410156 0.039062 0.031250
0 0.101562 0.412109 0.039062 0.035156
0 0.148438 0.412109 0.039062 0.042969
0 0.191406 0.414062 0.039062 0.039062
0 0.236328 0.417969 0.035156 0.039062
0 0.279297 0.417969 0.042969 0.039062
0 0.302734 0.378906 0.042969 0.039062
0 0.261719 0.375000 0.046875 0.039062
0 0.210938 0.373047 0.039062 0.042969
0 0.171875 0.371094 0.046875 0.039062
0 0.119141 0.369141 0.042969 0.035156
0 0.074219 0.361328 0.046875 0.035156
0 0.035156 0.367188 0.039062 0.039062
0 0.039062 0.263672 0.054688 0.058594
0 0.087891 0.263672 0.042969 0.042969
0 0.134766 0.263672 0.035156 0.042969
0 0.179688 0.265625 0.039062 0.039062
0 0.226562 0.263672 0.039062 0.042969
0 0.269531 0.265625 0.039062 0.039062
0 0.013672 0.162109 0.019531 0.027344
0 0.037109 0.162109 0.019531 0.027344
0 0.056641 0.162109 0.019531 0.027344
0 0.076172 0.164062 0.019531 0.023438
0 0.105469 0.167969 0.015625 0.023438
0 0.142578 0.171875 0.019531 0.031250
0 0.169922 0.173828 0.019531 0.027344
0 0.191406 0.173828 0.023438 0.027344
0 0.210938 0.167969 0.023438 0.023438
0 0.234375 0.175781 0.023438 0.023438
0 0.263672 0.175781 0.019531 0.023438
0 0.281250 0.177734 0.015625 0.027344
0 0.910156 0.062500 0.031250 0.039062
0 0.941406 0.031250 0.031250 0.039062
0 0.970703 0.068359 0.035156 0.042969
0 0.867188 0.244141 0.031250 0.035156
0 0.898438 0.216797 0.031250 0.042969
0 0.927734 0.253906 0.027344 0.039062
0 0.958984 0.216797 0.027344 0.042969
0 0.986328 0.251953 0.027344 0.042969
0 0.861328 0.417969 0.027344 0.039062
0 0.892578 0.388672 0.027344 0.042969
0 0.921875 0.419922 0.031250 0.035156
0 0.947266 0.384766 0.035156 0.035156
0 0.976562 0.421875 0.039062 0.046875
0 0.851562 0.560547 0.031250 0.042969
0 0.882812 0.523438 0.039062 0.039062
0 0.910156 0.556641 0.046875 0.035156
0 0.941406 0.529297 0.031250 0.035156
0 0.968750 0.560547 0.031250 0.035156
0 0.847656 0.687500 0.039062 0.031250
0 0.876953 0.658203 0.042969 0.035156
0 0.908203 0.693359 0.035156 0.035156
0 0.931641 0.660156 0.035156 0.039062
0 0.960938 0.707031 0.039062 0.046875
0 0.986328 0.669922 0.027344 0.042969
0 0.839844 0.832031 0.031250 0.039062
0 0.873047 0.796875 0.027344 0.039062
0 0.900391 0.833984 0.027344 0.042969
0 0.931641 0.796875 0.027344 0.039062
0 0.958984 0.835938 0.027344 0.039062
0 0.986328 0.802734 0.027344 0.035156
0 0.832031 0.964844 0.031250 0.039062
0 0.863281 0.943359 0.031250 0.050781
0 0.917969 0.935547 0.039062 0.042969
0 0.892578 0.970703 0.027344 0.035156
0 0.951172 0.970703 0.027344 0.035156
0 0.978516 0.941406 0.027344 0.039062
0 0.550781 0.980469 0.015625 0.023438
0 0.707031 0.982422 0.015625 0.019531
0 0.687500 0.984375 0.015625 0.023438
0 0.652344 0.982422 0.015625 0.027344
0 0.669922 0.982422 0.011719 0.027344
0 0.632812 0.980469 0.015625 0.023438
0 0.583984 0.978516 0.011719 0.019531
0 0.564453 0.976562 0.011719 0.023438
0 0.601562 0.980469 0.015625 0.023438
0 0.615234 0.980469 0.011719 0.023438
0 0.535156 0.912109 0.015625 0.019531
0 0.542969 0.927734 0.015625 0.019531
0 0.554688 0.914062 0.015625 0.023438
0 0.562500 0.927734 0.015625 0.019531
0 0.570312 0.917969 0.015625 0.023438
0 0.587891 0.914062 0.011719 0.023438
0 0.580078 0.925781 0.011719 0.023438
0 0.718750 0.933594 0.015625 0.023438
0 0.712891 0.921875 0.019531 0.023438
0 0.691406 0.921875 0.015625 0.023438
0 0.699219 0.931641 0.015625 0.027344
0 0.673828 0.921875 0.011719 0.023438
0 0.664062 0.933594 0.015625 0.023438
0 0.658203 0.919922 0.019531 0.019531
0 0.638672 0.921875 0.011719 0.023438
0 0.603516 0.917969 0.011719 0.023438
0 0.611328 0.927734 0.011719 0.019531
0 0.623047 0.917969 0.011719 0.023438
0 0.630859 0.929688 0.011719 0.023438
0 0.546875 0.865234 0.015625 0.027344
0 0.556641 0.853516 0.011719 0.027344
0 0.566406 0.871094 0.015625 0.031250
0 0.582031 0.871094 0.015625 0.031250
0 0.599609 0.867188 0.011719 0.023438
0 0.609375 0.855469 0.015625 0.023438
0 0.621094 0.865234 0.015625 0.019531
0 0.634766 0.867188 0.011719 0.023438
0 0.646484 0.853516 0.011719 0.019531
0 0.652344 0.871094 0.015625 0.023438
0 0.662109 0.855469 0.011719 0.023438
0 0.669922 0.873047 0.011719 0.027344
0 0.689453 0.871094 0.011719 0.023438
0 0.697266 0.857422 0.011719 0.019531
0 0.679688 0.857422 0.015625 0.027344
0 0.705078 0.873047 0.011719 0.027344
0 0.720703 0.873047 0.011719 0.027344
0 0.712891 0.857422 0.011719 0.019531
