2 0.500977 0.153320 0.076172 0.099609
2 0.625000 0.198242 0.074219 0.091797
2 0.693359 0.215820 0.085938 0.119141
2 0.284180 0.484375 0.072266 0.109375
2 0.361328 0.524414 0.093750 0.142578
2 0.251953 0.627930 0.082031 0.119141
2 0.410156 0.644531 0.082031 0.132812
2 0.486328 0.673828 0.066406 0.117188
2 0.658203 0.912109 0.089844 0.152344
2 0.569336 0.935547 0.076172 0.109375
2 0.499023 0.945312 0.076172 0.105469
2 0.425781 0.930664 0.074219 0.107422
2 0.348633 0.928711 0.076172 0.107422
2 0.270508 0.916992 0.064453 0.095703
2 0.197266 0.935547 0.046875 0.070312
2 0.139648 0.918945 0.072266 0.087891
