4 0.129883 0.689453 0.056641 0.050781
4 0.092773 0.647461 0.056641 0.052734
4 0.055664 0.610352 0.056641 0.044922
4 0.019531 0.575195 0.062500 0.044922
4 0.214844 0.692383 0.062500 0.052734
4 0.174805 0.650391 0.068359 0.050781
4 0.138672 0.614258 0.050781 0.048828
4 0.096680 0.578125 0.056641 0.050781
4 0.058594 0.543945 0.058594 0.052734
4 0.018555 0.505859 0.068359 0.054688
4 0.311523 0.679688 0.056641 0.050781
4 0.352539 0.658203 0.064453 0.050781
4 0.311523 0.616211 0.068359 0.048828
4 0.269531 0.646484 0.058594 0.050781
4 0.235352 0.613281 0.060547 0.050781
4 0.275391 0.581055 0.066406 0.052734
4 0.235352 0.548828 0.072266 0.054688
4 0.185547 0.572266 0.070312 0.058594
4 0.155273 0.538086 0.060547 0.060547
4 0.197266 0.507812 0.066406 0.054688
4 0.161133 0.473633 0.072266 0.060547
4 0.117188 0.504883 0.070312 0.052734
4 0.121094 0.437500 0.074219 0.054688
4 0.078125 0.465820 0.070312 0.048828
4 0.041016 0.428711 0.070312 0.052734
4 0.083984 0.399414 0.066406 0.048828
4 0.038086 0.367188 0.060547 0.050781
4 0.448242 0.194336 0.056641 0.056641
4 0.401367 0.208984 0.064453 0.050781
4 0.465820 0.253906 0.041016 0.046875
4 0.413086 0.261719 0.056641 0.046875
4 0.353516 0.270508 0.062500 0.048828
4 0.337891 0.211914 0.066406 0.060547
