4 0.933594 0.302734 0.039062 0.027344
4 0.861328 0.306641 0.042969 0.027344
4 0.791016 0.306641 0.035156 0.027344
4 0.712891 0.306641 0.042969 0.027344
4 0.646484 0.310547 0.042969 0.027344
4 0.578125 0.312500 0.039062 0.023438
4 0.505859 0.314453 0.035156 0.027344
4 0.441406 0.308594 0.031250 0.031250
4 0.373047 0.312500 0.035156 0.031250
4 0.945312 0.361328 0.031250 0.027344
4 0.884766 0.363281 0.027344 0.023438
4 0.824219 0.363281 0.023438 0.023438
4 0.767578 0.365234 0.027344 0.019531
4 0.707031 0.367188 0.031250 0.015625
4 0.646484 0.367188 0.035156 0.023438
4 0.568359 0.369141 0.027344 0.027344
4 0.505859 0.369141 0.027344 0.027344
4 0.439453 0.371094 0.027344 0.023438
4 0.373047 0.373047 0.035156 0.027344
4 0.373047 0.417969 0.027344 0.023438
4 0.947266 0.406250 0.027344 0.023438
4 0.884766 0.406250 0.019531 0.023438
4 0.826172 0.406250 0.035156 0.023438
4 0.769531 0.410156 0.039062 0.023438
4 0.705078 0.412109 0.035156 0.019531
4 0.646484 0.408203 0.035156 0.027344
4 0.439453 0.419922 0.027344 0.027344
4 0.960938 0.449219 0.031250 0.023438
4 0.912109 0.453125 0.027344 0.023438
4 0.863281 0.453125 0.039062 0.023438
4 0.816406 0.453125 0.031250 0.023438
4 0.775391 0.455078 0.027344 0.027344
4 0.728516 0.455078 0.027344 0.027344
4 0.683594 0.453125 0.023438 0.023438
4 0.640625 0.455078 0.023438 0.027344
4 0.638672 0.486328 0.027344 0.019531
4 0.376953 0.513672 0.027344 0.019531
4 0.492188 0.685547 0.031250 0.019531
4 0.433594 0.687500 0.031250 0.023438
4 0.363281 0.650391 0.031250 0.027344
4 0.433594 0.722656 0.031250 0.023438
4 0.365234 0.687500 0.027344 0.023438
4 0.371094 0.724609 0.023438 0.027344
4 0.437500 0.757812 0.039062 0.023438
4 0.371094 0.757812 0.031250 0.023438
