4 0.030273 0.584961 0.056641 0.052734
4 0.057617 0.650391 0.056641 0.058594
4 0.013672 0.746094 0.058594 0.050781
4 0.086914 0.720703 0.048828 0.054688
4 0.037109 0.810547 0.058594 0.058594
4 0.111328 0.790039 0.058594 0.056641
4 0.064453 0.875977 0.054688 0.056641
4 0.133789 0.853516 0.052734 0.054688
4 0.216797 0.832031 0.054688 0.050781
4 0.203125 0.901367 0.054688 0.056641
4 0.274414 0.912109 0.056641 0.054688
4 0.288086 0.845703 0.056641 0.058594
4 0.364258 0.855469 0.064453 0.058594
4 0.344727 0.925781 0.060547 0.062500
4 0.433594 0.936523 0.054688 0.060547
4 0.445312 0.869141 0.054688 0.058594
4 0.458008 0.802734 0.056641 0.058594
4 0.526367 0.779297 0.056641 0.058594
4 0.519531 0.848633 0.062500 0.056641
4 0.502930 0.917969 0.052734 0.054688
4 0.831055 0.472656 0.068359 0.054688
4 0.900391 0.502930 0.062500 0.056641
4 0.803711 0.538086 0.068359 0.060547
4 0.875000 0.568359 0.058594 0.054688
4 0.775391 0.605469 0.066406 0.066406
4 0.842773 0.635742 0.068359 0.060547
4 0.961914 0.578125 0.052734 0.058594
4 0.923828 0.658203 0.058594 0.058594
4 0.894531 0.724609 0.062500 0.058594
4 0.962891 0.756836 0.058594 0.060547
4 0.955078 0.874023 0.054688 0.064453
4 0.927734 0.936523 0.062500 0.060547
3 0.724609 0.189453 0.144531 0.171875
