3 0.952148 0.195312 0.146484 0.156250
4 0.013672 0.443359 0.058594 0.058594
4 0.109375 0.408203 0.062500 0.054688
4 0.134766 0.473633 0.058594 0.052734
4 0.204102 0.448242 0.060547 0.060547
4 0.230469 0.519531 0.062500 0.054688
4 0.162109 0.544922 0.058594 0.054688
4 0.066406 0.579102 0.058594 0.052734
4 0.048828 0.506836 0.078125 0.056641
4 0.018555 0.670898 0.064453 0.052734
4 0.087891 0.640625 0.062500 0.054688
4 0.044922 0.735352 0.058594 0.048828
4 0.114258 0.707031 0.060547 0.050781
4 0.142578 0.779297 0.062500 0.054688
4 0.073242 0.805664 0.064453 0.052734
4 0.097656 0.870117 0.066406 0.052734
4 0.167969 0.846680 0.062500 0.052734
4 0.121094 0.936523 0.058594 0.052734
4 0.190430 0.912109 0.060547 0.054688
4 0.232422 0.980469 0.058594 0.046875
4 0.186523 0.610352 0.056641 0.056641
4 0.254883 0.586914 0.060547 0.052734
4 0.279297 0.652344 0.062500 0.050781
4 0.210938 0.676758 0.062500 0.052734
4 0.238281 0.745117 0.062500 0.052734
4 0.309570 0.720703 0.060547 0.058594
4 0.333008 0.789062 0.060547 0.058594
4 0.261719 0.811523 0.062500 0.052734
4 0.288086 0.878906 0.060547 0.054688
4 0.359375 0.854492 0.054688 0.048828
4 0.444336 0.831055 0.060547 0.052734
4 0.432617 0.900391 0.064453 0.054688
4 0.514648 0.842773 0.056641 0.056641
4 0.503906 0.911133 0.054688 0.052734
4 0.592773 0.856445 0.072266 0.056641
4 0.572266 0.921875 0.062500 0.054688
4 0.656250 0.939453 0.058594 0.054688
4 0.668945 0.868164 0.052734 0.052734
4 0.727539 0.913086 0.056641 0.056641
4 0.748047 0.843750 0.070312 0.058594
4 0.684570 0.799805 0.052734 0.052734
4 0.751953 0.776367 0.054688 0.052734
4 0.791016 0.983398 0.046875 0.048828
4 0.847656 0.991211 0.050781 0.041016
