1 0.607500 0.258750 0.025000 0.027500
1 0.440000 0.746875 0.010000 0.018750
1 0.657500 0.340000 0.017500 0.017500
1 0.347500 0.658125 0.017500 0.021250
1 0.698125 0.357500 0.021250 0.022500
1 0.451250 0.456250 0.032500 0.045000
1 0.634375 0.225000 0.021250 0.020000
1 0.495000 0.395625 0.042500 0.051250
1 0.641875 0.228750 0.018750 0.020000
1 0.521875 0.346875 0.016250 0.016250
1 0.654375 0.203125 0.021250 0.021250
1 0.700625 0.176250 0.036250 0.032500
1 0.565625 0.306250 0.043750 0.050000
1 0.756875 0.123750 0.043750 0.032500
1 0.603125 0.408125 0.018750 0.021250
1 0.893750 0.042500 0.030000 0.017500
1 0.959375 0.013750 0.043750 0.027500
