1 0.029297 0.976562 0.050781 0.046875
4 0.804688 0.945312 0.070312 0.078125
4 0.824219 0.876953 0.078125 0.082031
4 0.826172 0.791016 0.089844 0.097656
4 0.857422 0.695312 0.097656 0.085938
4 0.869141 0.603516 0.082031 0.089844
4 0.835938 0.066406 0.070312 0.078125
4 0.796875 0.138672 0.078125 0.074219
4 0.898438 0.107422 0.062500 0.074219
4 0.867188 0.185547 0.078125 0.066406
4 0.960938 0.156250 0.062500 0.070312
4 0.927734 0.228516 0.066406 0.066406
4 0.748047 0.224609 0.074219 0.066406
4 0.720703 0.306641 0.066406 0.089844
4 0.812500 0.275391 0.070312 0.074219
4 0.779297 0.353516 0.058594 0.074219
4 0.875000 0.318359 0.054688 0.066406
4 0.832031 0.388672 0.046875 0.066406
4 0.892578 0.433594 0.042969 0.062500
4 0.935547 0.458984 0.050781 0.066406
4 0.783203 0.550781 0.074219 0.085938
4 0.777344 0.646484 0.070312 0.082031
