0 0.042969 0.152344 0.031250 0.031250
0 0.099609 0.156250 0.027344 0.031250
0 0.025391 0.277344 0.027344 0.031250
0 0.078125 0.279297 0.023438 0.027344
0 0.134766 0.277344 0.027344 0.031250
0 0.193359 0.283203 0.027344 0.027344
0 0.042969 0.419922 0.039062 0.035156
0 0.082031 0.380859 0.023438 0.035156
0 0.113281 0.419922 0.023438 0.035156
0 0.154297 0.382812 0.035156 0.031250
0 0.171875 0.425781 0.023438 0.031250
0 0.199219 0.392578 0.031250 0.035156
0 0.015625 0.554688 0.023438 0.031250
0 0.035156 0.519531 0.031250 0.031250
0 0.064453 0.558594 0.035156 0.039062
0 0.095703 0.527344 0.035156 0.031250
0 0.126953 0.556641 0.035156 0.035156
0 0.156250 0.529297 0.031250 0.035156
0 0.181641 0.568359 0.035156 0.035156
0 0.212891 0.535156 0.027344 0.031250
0 0.236328 0.574219 0.035156 0.039062
0 0.017578 0.769531 0.019531 0.023438
0 0.052734 0.775391 0.019531 0.019531
0 0.091797 0.773438 0.019531 0.023438
0 0.109375 0.796875 0.015625 0.023438
0 0.130859 0.777344 0.019531 0.023438
0 0.189453 0.798828 0.027344 0.019531
0 0.207031 0.779297 0.023438 0.019531
0 0.238281 0.779297 0.023438 0.019531
0 0.226562 0.802734 0.023438 0.019531
0 0.080078 0.861328 0.027344 0.027344
0 0.109375 0.861328 0.023438 0.027344
0 0.142578 0.863281 0.019531 0.023438
0 0.175781 0.867188 0.023438 0.023438
0 0.210938 0.867188 0.023438 0.023438
0 0.244141 0.865234 0.027344 0.027344
