4 0.209961 0.241211 0.060547 0.060547
4 0.200195 0.307617 0.068359 0.056641
4 0.291992 0.250977 0.080078 0.060547
4 0.279297 0.321289 0.074219 0.056641
4 0.264648 0.409180 0.068359 0.056641
4 0.183594 0.397461 0.074219 0.056641
4 0.360352 0.261719 0.072266 0.050781
4 0.348633 0.330078 0.068359 0.058594
4 0.333008 0.420898 0.060547 0.056641
4 0.402344 0.434570 0.058594 0.060547
4 0.505859 0.322266 0.062500 0.050781
4 0.495117 0.372070 0.048828 0.037109
4 0.486328 0.422852 0.042969 0.044922
4 0.541992 0.428711 0.048828 0.044922
4 0.540039 0.481445 0.048828 0.044922
4 0.471680 0.473633 0.044922 0.041016
4 0.466797 0.521484 0.039062 0.035156
4 0.525391 0.533203 0.050781 0.039062
4 0.434570 0.297852 0.052734 0.044922
4 0.425781 0.333984 0.066406 0.039062
4 0.627930 0.061523 0.064453 0.052734
4 0.697266 0.031250 0.062500 0.054688
4 0.654297 0.125977 0.058594 0.048828
4 0.723633 0.097656 0.060547 0.050781
4 0.751953 0.169922 0.062500 0.054688
4 0.682617 0.196289 0.064453 0.052734
4 0.707031 0.260742 0.066406 0.052734
4 0.777344 0.237305 0.062500 0.052734
4 0.730469 0.327148 0.058594 0.052734
4 0.799805 0.302734 0.060547 0.054688
4 0.773438 0.395508 0.058594 0.052734
4 0.841797 0.371094 0.058594 0.046875
4 0.916992 0.380859 0.056641 0.054688
4 0.829102 0.439453 0.060547 0.054688
4 0.901367 0.450195 0.060547 0.052734
4 0.888672 0.042969 0.062500 0.050781
4 0.820312 0.067383 0.062500 0.052734
4 0.847656 0.135742 0.062500 0.052734
4 0.918945 0.111328 0.060547 0.058594
4 0.942383 0.179688 0.060547 0.058594
4 0.871094 0.202148 0.062500 0.052734
4 0.897461 0.269531 0.060547 0.054688
4 0.968750 0.245117 0.054688 0.048828
1 0.757812 0.770508 0.171875 0.052734
