2 0.500977 0.472656 0.119141 0.066406
2 0.515625 0.413086 0.117188 0.072266
2 0.526367 0.352539 0.126953 0.068359
2 0.533203 0.291992 0.109375 0.068359
2 0.544922 0.171875 0.117188 0.078125
2 0.824219 0.461914 0.113281 0.052734
2 0.836914 0.399414 0.087891 0.041016
2 0.828125 0.333984 0.117188 0.058594
2 0.666016 0.767578 0.050781 0.085938
2 0.745117 0.767578 0.052734 0.085938
2 0.817383 0.775391 0.052734 0.082031
2 0.889648 0.782227 0.044922 0.083984
2 0.971680 0.778320 0.052734 0.115234
2 0.848633 0.207031 0.107422 0.070312
2 0.861328 0.138672 0.101562 0.058594
