2 0.125977 0.129883 0.064453 0.076172
2 0.374023 0.127930 0.060547 0.080078
2 0.625977 0.127930 0.060547 0.083984
2 0.874023 0.129883 0.048828 0.080078
2 0.122070 0.378906 0.041016 0.074219
2 0.373047 0.373047 0.039062 0.078125
2 0.623047 0.375977 0.054688 0.083984
2 0.875977 0.372070 0.056641 0.080078
2 0.125000 0.625000 0.066406 0.085938
2 0.373047 0.625977 0.066406 0.087891
2 0.622070 0.626953 0.080078 0.089844
2 0.873047 0.625977 0.085938 0.091797
2 0.124023 0.874023 0.087891 0.087891
2 0.372070 0.872070 0.083984 0.083984
2 0.625977 0.875000 0.091797 0.078125
2 0.871094 0.874023 0.085938 0.072266
