1 0.032500 0.673750 0.015000 0.017500
1 0.051250 0.811875 0.012500 0.021250
1 0.079375 0.808125 0.008750 0.021250
1 0.048125 0.907500 0.008750 0.022500
1 0.036250 0.841250 0.010000 0.022500
1 0.071250 0.844375 0.012500 0.026250
1 0.141250 0.956250 0.020000 0.042500
1 0.125000 0.875000 0.025000 0.010000
1 0.087500 0.981875 0.010000 0.028750
1 0.105000 0.713125 0.010000 0.018750
1 0.077500 0.985000 0.010000 0.022500
1 0.125000 0.760625 0.010000 0.028750
1 0.075000 0.909375 0.010000 0.021250
1 0.040000 0.937500 0.007500 0.025000
1 0.036250 0.698125 0.012500 0.018750
1 0.013750 0.753125 0.012500 0.023750
1 0.035000 0.874375 0.010000 0.026250
1 0.081250 0.871250 0.012500 0.037500
1 0.078750 0.944375 0.007500 0.021250
1 0.103750 0.917500 0.007500 0.032500
1 0.065625 0.742500 0.008750 0.020000
1 0.033125 0.783125 0.008750 0.023750
1 0.076875 0.653750 0.026250 0.050000
1 0.008750 0.536250 0.017500 0.025000
1 0.133125 0.786875 0.011250 0.026250
1 0.127500 0.820000 0.017500 0.037500
1 0.081875 0.693750 0.008750 0.017500
1 0.091875 0.691875 0.013750 0.018750
1 0.138125 0.856250 0.016250 0.032500
1 0.121875 0.866250 0.021250 0.007500
1 0.029375 0.978125 0.008750 0.026250
