2 0.125977 0.120117 0.083984 0.080078
2 0.375000 0.118164 0.085938 0.072266
2 0.624023 0.119141 0.087891 0.082031
2 0.875000 0.116211 0.093750 0.076172
2 0.129883 0.364258 0.103516 0.072266
2 0.377930 0.367188 0.099609 0.050781
2 0.628906 0.369141 0.089844 0.039062
2 0.878906 0.373047 0.085938 0.035156
2 0.120117 0.618164 0.091797 0.044922
2 0.374023 0.620117 0.095703 0.052734
2 0.624023 0.616211 0.095703 0.064453
2 0.872070 0.621094 0.091797 0.066406
2 0.122070 0.872070 0.099609 0.076172
2 0.368164 0.870117 0.099609 0.076172
2 0.625977 0.876953 0.083984 0.078125
2 0.871094 0.870117 0.085938 0.083984
