4 0.082031 0.777344 0.125000 0.117188
4 0.072266 0.925781 0.128906 0.109375
4 0.234375 0.919922 0.140625 0.113281
4 0.556641 0.679688 0.113281 0.109375
4 0.582031 0.539062 0.117188 0.109375
4 0.748047 0.568359 0.121094 0.113281
4 0.880859 0.505859 0.113281 0.113281
4 0.962891 0.339844 0.074219 0.117188
4 0.835938 0.312500 0.125000 0.117188
4 0.660156 0.140625 0.117188 0.117188
4 0.517578 0.189453 0.121094 0.113281
4 0.384766 0.242188 0.128906 0.109375
4 0.253906 0.185547 0.125000 0.105469
4 0.789062 0.062500 0.125000 0.109375
