4 0.710938 0.962891 0.046875 0.042969
4 0.792969 0.958984 0.046875 0.042969
4 0.884766 0.960938 0.042969 0.039062
4 0.701172 0.902344 0.042969 0.031250
4 0.791016 0.890625 0.058594 0.054688
4 0.902344 0.873047 0.031250 0.035156
4 0.958984 0.947266 0.035156 0.027344
4 0.960938 0.906250 0.031250 0.031250
4 0.644531 0.187500 0.023438 0.023438
4 0.640625 0.160156 0.023438 0.023438
4 0.640625 0.132812 0.023438 0.023438
4 0.687500 0.152344 0.031250 0.031250
4 0.687500 0.183594 0.031250 0.031250
4 0.685547 0.099609 0.027344 0.027344
4 0.748047 0.181641 0.042969 0.035156
4 0.738281 0.212891 0.023438 0.027344
4 0.765625 0.208984 0.023438 0.027344
4 0.787109 0.179688 0.027344 0.031250
3 0.490234 0.703125 0.035156 0.015625
