4 0.724609 0.007812 0.054688 0.011719
4 0.716797 0.040039 0.058594 0.044922
4 0.715820 0.086914 0.056641 0.044922
4 0.666992 0.007812 0.056641 0.011719
4 0.662109 0.033203 0.046875 0.042969
4 0.660156 0.078125 0.054688 0.050781
4 0.587891 0.092773 0.062500 0.041016
4 0.588867 0.049805 0.060547 0.052734
4 0.591797 0.011719 0.066406 0.019531
4 0.535156 0.007812 0.054688 0.011719
4 0.528320 0.041992 0.056641 0.044922
4 0.526367 0.093750 0.060547 0.058594
4 0.471680 0.010742 0.072266 0.017578
4 0.466797 0.042969 0.062500 0.054688
4 0.463867 0.087891 0.060547 0.062500
4 0.399414 0.003906 0.056641 0.003906
4 0.398438 0.028320 0.050781 0.052734
4 0.341797 0.003906 0.058594 0.003906
4 0.341797 0.026367 0.058594 0.048828
1 0.030273 0.032227 0.029297 0.060547
