4 0.013672 0.669922 0.058594 0.058594
4 0.109375 0.634766 0.062500 0.054688
4 0.134766 0.700195 0.058594 0.052734
4 0.204102 0.674805 0.060547 0.060547
4 0.230469 0.746094 0.062500 0.054688
4 0.162109 0.771484 0.058594 0.054688
4 0.066406 0.805664 0.058594 0.052734
4 0.048828 0.733398 0.078125 0.056641
4 0.018555 0.897461 0.064453 0.052734
4 0.087891 0.867188 0.062500 0.054688
4 0.044922 0.961914 0.058594 0.048828
4 0.114258 0.933594 0.060547 0.050781
4 0.186523 0.836914 0.056641 0.056641
4 0.254883 0.813477 0.060547 0.052734
4 0.279297 0.878906 0.062500 0.050781
4 0.210938 0.903320 0.062500 0.052734
4 0.238281 0.971680 0.062500 0.052734
4 0.309570 0.947266 0.060547 0.058594
