1 0.813750 0.928750 0.037500 0.057500
1 0.460625 0.655625 0.018750 0.028750
1 0.695000 0.785625 0.035000 0.048750
1 0.074375 0.318750 0.148750 0.155000
1 0.657500 0.561875 0.060000 0.056250
1 0.028125 0.555625 0.056250 0.066250
1 0.557500 0.651875 0.057500 0.051250
1 0.061250 0.571250 0.030000 0.030000
1 0.768750 0.697500 0.032500 0.037500
1 0.191875 0.704375 0.093750 0.091250
1 0.691250 0.954375 0.087500 0.083750
1 0.513125 0.970625 0.046250 0.048750
1 0.236875 0.467500 0.148750 0.135000
1 0.281875 0.547500 0.101250 0.100000
1 0.423125 0.634375 0.066250 0.076250
