4 0.638672 0.328125 0.035156 0.031250
4 0.710938 0.330078 0.031250 0.027344
4 0.781250 0.324219 0.031250 0.031250
4 0.857422 0.328125 0.035156 0.031250
4 0.919922 0.330078 0.035156 0.027344
4 0.984375 0.326172 0.031250 0.027344
4 0.708984 0.531250 0.042969 0.039062
4 0.791016 0.531250 0.042969 0.039062
4 0.701172 0.593750 0.042969 0.031250
4 0.792969 0.599609 0.062500 0.050781
4 0.886719 0.531250 0.039062 0.039062
4 0.900391 0.623047 0.035156 0.027344
4 0.957031 0.546875 0.023438 0.023438
4 0.960938 0.583984 0.031250 0.027344
4 0.984375 0.511719 0.031250 0.031250
4 0.494141 0.789062 0.035156 0.015625
