2 0.842773 0.025391 0.107422 0.050781
2 0.823242 0.077148 0.107422 0.064453
2 0.800781 0.134766 0.105469 0.074219
2 0.771484 0.209961 0.101562 0.060547
2 0.747070 0.269531 0.107422 0.085938
2 0.693359 0.318359 0.101562 0.085938
2 0.644531 0.362305 0.113281 0.095703
2 0.608398 0.427734 0.091797 0.101562
2 0.543945 0.454102 0.099609 0.099609
2 0.500000 0.500000 0.105469 0.105469
2 0.445312 0.548828 0.097656 0.101562
2 0.383789 0.589844 0.103516 0.105469
2 0.321289 0.625000 0.095703 0.105469
2 0.264648 0.658203 0.091797 0.105469
2 0.184570 0.695312 0.091797 0.105469
2 0.053711 0.751953 0.064453 0.085938
2 0.086914 0.099609 0.083984 0.101562
2 0.144531 0.131836 0.082031 0.091797
2 0.214844 0.162109 0.089844 0.105469
2 0.274414 0.188477 0.083984 0.095703
