2 0.124023 0.129883 0.052734 0.060547
2 0.373047 0.134766 0.050781 0.058594
2 0.621094 0.133789 0.070312 0.076172
2 0.874023 0.128906 0.068359 0.062500
2 0.121094 0.380859 0.082031 0.066406
2 0.375977 0.375000 0.091797 0.062500
2 0.627930 0.375977 0.087891 0.056641
2 0.872070 0.380859 0.080078 0.042969
2 0.121094 0.626953 0.070312 0.046875
2 0.369141 0.629883 0.062500 0.029297
2 0.620117 0.627930 0.072266 0.033203
2 0.869141 0.630859 0.078125 0.039062
2 0.120117 0.878906 0.080078 0.042969
2 0.368164 0.875000 0.068359 0.054688
2 0.617188 0.876953 0.066406 0.074219
2 0.858398 0.864258 0.068359 0.072266
