4 0.414062 0.460938 0.148438 0.117188
4 0.478516 0.355469 0.121094 0.117188
4 0.583984 0.261719 0.105469 0.093750
4 0.703125 0.361328 0.117188 0.089844
4 0.591797 0.455078 0.121094 0.113281
4 0.492188 0.560547 0.125000 0.105469
4 0.744141 0.564453 0.121094 0.121094
4 0.650391 0.677734 0.128906 0.113281
4 0.855469 0.656250 0.117188 0.125000
4 0.759766 0.771484 0.128906 0.128906
4 0.958984 0.751953 0.082031 0.113281
4 0.873047 0.865234 0.128906 0.105469
4 0.576172 0.058594 0.144531 0.109375
4 0.777344 0.046875 0.125000 0.085938
4 0.687500 0.150391 0.140625 0.128906
4 0.906250 0.134766 0.148438 0.113281
4 0.798828 0.238281 0.152344 0.117188
4 0.935547 0.357422 0.128906 0.121094
