2 0.118164 0.126953 0.080078 0.078125
2 0.370117 0.128906 0.072266 0.074219
2 0.619141 0.127930 0.082031 0.087891
2 0.872070 0.131836 0.068359 0.072266
2 0.118164 0.381836 0.056641 0.064453
2 0.369141 0.386719 0.042969 0.050781
2 0.616211 0.383789 0.052734 0.060547
2 0.869141 0.383789 0.046875 0.060547
2 0.114258 0.629883 0.048828 0.056641
2 0.372070 0.627930 0.060547 0.072266
2 0.620117 0.627930 0.068359 0.080078
2 0.868164 0.625977 0.060547 0.068359
2 0.114258 0.876953 0.064453 0.070312
2 0.367188 0.874023 0.082031 0.076172
2 0.621094 0.874023 0.078125 0.076172
2 0.869141 0.875000 0.078125 0.062500
