1 0.806641 0.105469 0.042969 0.085938
1 0.777344 0.306641 0.101562 0.089844
1 0.583984 0.656250 0.058594 0.125000
1 0.404297 0.037109 0.050781 0.050781
1 0.369141 0.158203 0.066406 0.035156
1 0.423828 0.296875 0.074219 0.031250
1 0.517578 0.841797 0.042969 0.082031
1 0.373047 0.894531 0.074219 0.054688
1 0.314453 0.595703 0.066406 0.058594
1 0.300781 0.406250 0.070312 0.046875
1 0.146484 0.138672 0.089844 0.042969
1 0.158203 0.369141 0.089844 0.042969
1 0.087891 0.511719 0.074219 0.039062
1 0.156250 0.755859 0.070312 0.050781
