4 0.813477 0.653320 0.044922 0.052734
4 0.828125 0.588867 0.050781 0.056641
4 0.841797 0.509766 0.070312 0.070312
4 0.864258 0.426758 0.068359 0.072266
4 0.801758 0.378906 0.064453 0.062500
4 0.812500 0.291016 0.058594 0.070312
4 0.875977 0.345703 0.064453 0.066406
4 0.744141 0.062500 0.062500 0.070312
4 0.798828 0.101562 0.058594 0.062500
4 0.831055 0.037109 0.060547 0.058594
4 0.877930 0.077148 0.048828 0.048828
4 0.849609 0.138672 0.054688 0.054688
4 0.923828 0.124023 0.050781 0.056641
4 0.892578 0.176758 0.042969 0.052734
4 0.970703 0.156250 0.042969 0.054688
4 0.935547 0.204102 0.046875 0.052734
1 0.097656 0.685547 0.140625 0.101562
1 0.309570 0.839844 0.103516 0.093750
