2 0.117188 0.124023 0.078125 0.083984
2 0.370117 0.118164 0.064453 0.083984
2 0.624023 0.121094 0.068359 0.082031
2 0.870117 0.120117 0.064453 0.083984
2 0.120117 0.374023 0.048828 0.072266
2 0.373047 0.375000 0.054688 0.074219
2 0.625977 0.376953 0.052734 0.074219
2 0.871094 0.371094 0.054688 0.078125
2 0.122070 0.614258 0.072266 0.091797
2 0.380859 0.622070 0.082031 0.087891
2 0.627930 0.617188 0.072266 0.085938
2 0.875000 0.615234 0.085938 0.093750
2 0.125977 0.865234 0.080078 0.085938
2 0.375977 0.865234 0.083984 0.082031
2 0.626953 0.866211 0.082031 0.080078
2 0.875977 0.869141 0.095703 0.078125
