4 0.101562 0.171875 0.031250 0.031250
4 0.177734 0.173828 0.035156 0.035156
4 0.246094 0.175781 0.039062 0.031250
4 0.316406 0.177734 0.031250 0.035156
4 0.386719 0.173828 0.031250 0.035156
4 0.462891 0.177734 0.035156 0.035156
4 0.533203 0.179688 0.027344 0.031250
4 0.605469 0.181641 0.039062 0.035156
4 0.669922 0.179688 0.035156 0.031250
4 0.736328 0.181641 0.035156 0.035156
4 0.027344 0.230469 0.039062 0.031250
4 0.093750 0.230469 0.039062 0.031250
4 0.162109 0.232422 0.027344 0.027344
4 0.220703 0.232422 0.027344 0.027344
4 0.283203 0.232422 0.027344 0.027344
4 0.339844 0.236328 0.031250 0.027344
4 0.402344 0.236328 0.031250 0.027344
4 0.462891 0.236328 0.027344 0.027344
4 0.539062 0.236328 0.031250 0.027344
4 0.603516 0.240234 0.027344 0.027344
4 0.667969 0.242188 0.031250 0.023438
4 0.736328 0.242188 0.027344 0.031250
4 0.734375 0.289062 0.031250 0.031250
4 0.664062 0.285156 0.031250 0.031250
4 0.458984 0.283203 0.019531 0.027344
4 0.398438 0.281250 0.023438 0.023438
4 0.281250 0.277344 0.031250 0.023438
4 0.222656 0.279297 0.031250 0.027344
4 0.160156 0.275391 0.031250 0.027344
4 0.093750 0.273438 0.039062 0.031250
4 0.029297 0.273438 0.035156 0.031250
4 0.027344 0.320312 0.039062 0.031250
4 0.089844 0.318359 0.039062 0.035156
4 0.150391 0.318359 0.035156 0.027344
4 0.199219 0.320312 0.031250 0.023438
4 0.246094 0.322266 0.039062 0.027344
4 0.289062 0.320312 0.031250 0.031250
4 0.335938 0.324219 0.031250 0.031250
4 0.380859 0.324219 0.027344 0.031250
4 0.423828 0.326172 0.035156 0.027344
4 0.470703 0.328125 0.027344 0.031250
4 0.734375 0.386719 0.031250 0.031250
4 0.742188 0.517578 0.031250 0.027344
4 0.738281 0.554688 0.031250 0.023438
4 0.738281 0.591797 0.031250 0.027344
4 0.734375 0.628906 0.031250 0.023438
4 0.673828 0.554688 0.027344 0.023438
4 0.671875 0.589844 0.023438 0.023438
4 0.675781 0.626953 0.039062 0.027344
4 0.619141 0.552734 0.035156 0.027344
3 0.792969 0.888672 0.039062 0.042969
