2 0.431641 0.123047 0.121094 0.144531
2 0.501953 0.148438 0.101562 0.121094
2 0.562500 0.165039 0.082031 0.099609
2 0.870117 0.193359 0.111328 0.136719
2 0.859375 0.333984 0.097656 0.117188
2 0.737305 0.162109 0.095703 0.109375
2 0.298828 0.097656 0.113281 0.128906
2 0.122070 0.378906 0.087891 0.105469
2 0.298828 0.500977 0.089844 0.107422
2 0.557617 0.608398 0.083984 0.103516
2 0.611328 0.640625 0.093750 0.105469
2 0.667969 0.666992 0.085938 0.107422
2 0.081055 0.719727 0.095703 0.119141
2 0.140625 0.754883 0.082031 0.099609
2 0.032227 0.686523 0.064453 0.072266
2 0.200195 0.790039 0.083984 0.107422
2 0.323242 0.833984 0.083984 0.105469
2 0.389648 0.862305 0.080078 0.107422
2 0.455078 0.880859 0.085938 0.101562
2 0.570312 0.941406 0.078125 0.105469
2 0.640625 0.950195 0.089844 0.095703
