2 0.121094 0.125000 0.050781 0.066406
2 0.370117 0.130859 0.052734 0.062500
2 0.619141 0.122070 0.066406 0.080078
2 0.873047 0.111328 0.093750 0.105469
2 0.125000 0.378906 0.066406 0.074219
2 0.373047 0.376953 0.078125 0.074219
2 0.623047 0.378906 0.070312 0.070312
2 0.874023 0.379883 0.076172 0.060547
2 0.121094 0.627930 0.078125 0.060547
2 0.374023 0.627930 0.080078 0.060547
2 0.626953 0.630859 0.066406 0.054688
2 0.869141 0.627930 0.074219 0.041016
2 0.125000 0.882812 0.078125 0.050781
2 0.367188 0.880859 0.070312 0.027344
2 0.613281 0.876953 0.082031 0.042969
2 0.865234 0.882812 0.078125 0.042969
