2 0.879883 0.832031 0.142578 0.113281
2 0.652344 0.778320 0.148438 0.107422
2 0.568359 0.835938 0.128906 0.097656
2 0.392578 0.904297 0.136719 0.101562
2 0.237305 0.951172 0.138672 0.093750
2 0.939453 0.352539 0.117188 0.111328
2 0.837891 0.427734 0.148438 0.125000
2 0.673828 0.477539 0.136719 0.107422
2 0.625977 0.385742 0.134766 0.103516
2 0.431641 0.480469 0.140625 0.121094
2 0.276367 0.534180 0.126953 0.107422
2 0.201172 0.569336 0.113281 0.091797
2 0.100586 0.588867 0.134766 0.107422
2 0.076172 0.646484 0.128906 0.101562
2 0.722656 0.072266 0.097656 0.082031
2 0.629883 0.092773 0.107422 0.091797
2 0.500000 0.155273 0.089844 0.083984
2 0.440430 0.188477 0.080078 0.068359
2 0.340820 0.216797 0.123047 0.097656
