0 0.154018 0.008929 0.129464 0.151786
0 0.316964 0.011161 0.133929 0.156250
0 0.495536 0.008929 0.142857 0.151786
0 0.665179 0.015625 0.133929 0.156250
0 0.821429 0.013393 0.133929 0.160714
0 0.133929 0.540179 0.107143 0.142857
0 0.220982 0.680804 0.120536 0.174107
0 0.299107 0.542411 0.116071 0.147321
0 0.390625 0.674107 0.111607 0.178571
0 0.484375 0.537946 0.102679 0.156250
0 0.562500 0.685268 0.125000 0.165179
0 0.638393 0.540179 0.107143 0.160714
0 0.729911 0.685268 0.129464 0.165179
0 0.814732 0.542411 0.129464 0.156250
0 0.899554 0.687500 0.111607 0.151786
