2 0.126953 0.125000 0.054688 0.074219
2 0.376953 0.117188 0.074219 0.089844
2 0.627930 0.119141 0.076172 0.085938
2 0.876953 0.118164 0.078125 0.087891
2 0.127930 0.370117 0.091797 0.091797
2 0.377930 0.370117 0.095703 0.087891
2 0.630859 0.366211 0.085938 0.083984
2 0.877930 0.371094 0.091797 0.082031
2 0.128906 0.619141 0.093750 0.082031
2 0.375000 0.618164 0.085938 0.060547
2 0.625977 0.625977 0.080078 0.037109
2 0.879883 0.623047 0.083984 0.039062
2 0.125977 0.873047 0.080078 0.039062
2 0.373047 0.870117 0.085938 0.056641
2 0.618164 0.871094 0.091797 0.062500
2 0.868164 0.873047 0.072266 0.066406
