2 0.125977 0.129883 0.072266 0.072266
2 0.371094 0.137695 0.039062 0.076172
2 0.623047 0.132812 0.050781 0.070312
2 0.873047 0.122070 0.074219 0.087891
2 0.121094 0.375000 0.078125 0.089844
2 0.374023 0.375977 0.080078 0.083984
2 0.624023 0.371094 0.080078 0.074219
2 0.876953 0.372070 0.085938 0.072266
2 0.119141 0.623047 0.082031 0.066406
2 0.375000 0.621094 0.085938 0.058594
2 0.618164 0.626953 0.091797 0.050781
2 0.870117 0.624023 0.083984 0.033203
2 0.124023 0.870117 0.072266 0.029297
2 0.368164 0.873047 0.076172 0.031250
2 0.624023 0.873047 0.080078 0.042969
2 0.868164 0.874023 0.083984 0.044922
