4 0.419922 0.962891 0.113281 0.074219
4 0.548828 0.812500 0.105469 0.117188
4 0.564453 0.558594 0.082031 0.085938
4 0.494141 0.490234 0.089844 0.097656
4 0.531250 0.388672 0.078125 0.105469
4 0.615234 0.455078 0.082031 0.097656
4 0.679688 0.353516 0.093750 0.105469
4 0.593750 0.275391 0.109375 0.097656
4 0.437500 0.232422 0.117188 0.121094
4 0.414062 0.046875 0.125000 0.085938
4 0.515625 0.109375 0.117188 0.117188
4 0.701172 0.138672 0.121094 0.136719
4 0.769531 0.031250 0.101562 0.054688
4 0.878906 0.105469 0.093750 0.125000
1 0.763672 0.902344 0.183594 0.195312
