2 0.119141 0.124023 0.074219 0.076172
2 0.372070 0.126953 0.076172 0.082031
2 0.619141 0.120117 0.074219 0.083984
2 0.873047 0.125000 0.062500 0.074219
2 0.125000 0.377930 0.058594 0.064453
2 0.371094 0.387695 0.046875 0.052734
2 0.624023 0.377930 0.048828 0.068359
2 0.869141 0.384766 0.046875 0.058594
2 0.119141 0.629883 0.054688 0.068359
2 0.374023 0.620117 0.056641 0.080078
2 0.620117 0.624023 0.072266 0.083984
2 0.877930 0.619141 0.080078 0.082031
2 0.121094 0.877930 0.070312 0.072266
2 0.375977 0.870117 0.080078 0.072266
2 0.625000 0.869141 0.078125 0.074219
2 0.872070 0.869141 0.083984 0.082031
