2 0.695312 0.885742 0.093750 0.103516
2 0.638672 0.741211 0.101562 0.107422
2 0.577148 0.632812 0.119141 0.128906
2 0.500000 0.418945 0.105469 0.123047
2 0.463867 0.355469 0.119141 0.140625
2 0.441406 0.284180 0.082031 0.087891
2 0.412109 0.208008 0.089844 0.107422
2 0.378906 0.153320 0.109375 0.119141
2 0.522461 0.139648 0.091797 0.044922
2 0.564453 0.205078 0.078125 0.046875
2 0.589844 0.267578 0.078125 0.046875
2 0.649414 0.404297 0.091797 0.054688
2 0.701172 0.543945 0.085938 0.044922
2 0.718750 0.610352 0.085938 0.052734
2 0.792969 0.738281 0.109375 0.066406
2 0.824219 0.803711 0.105469 0.048828
2 0.851562 0.867188 0.078125 0.046875
2 0.894531 0.933594 0.105469 0.050781
2 0.797852 0.050781 0.091797 0.042969
2 0.833984 0.116211 0.085938 0.044922
2 0.858398 0.181641 0.123047 0.058594
2 0.897461 0.243164 0.083984 0.044922
2 0.903320 0.307617 0.083984 0.048828
2 0.942383 0.382812 0.107422 0.058594
