0 0.941406 0.146484 0.015625 0.019531
0 0.949219 0.130859 0.015625 0.019531
0 0.953125 0.140625 0.007812 0.015625
0 0.962891 0.130859 0.011719 0.019531
0 0.970703 0.140625 0.011719 0.015625
0 0.980469 0.128906 0.007812 0.015625
0 0.986328 0.142578 0.011719 0.019531
0 0.937500 0.089844 0.015625 0.015625
0 0.945312 0.080078 0.015625 0.011719
0 0.953125 0.095703 0.015625 0.019531
0 0.960938 0.083984 0.007812 0.011719
0 0.968750 0.097656 0.015625 0.015625
0 0.982422 0.082031 0.011719 0.015625
0 0.992188 0.097656 0.015625 0.015625
0 0.400391 0.068359 0.019531 0.019531
0 0.425781 0.068359 0.015625 0.019531
0 0.445312 0.074219 0.015625 0.023438
0 0.468750 0.072266 0.023438 0.019531
0 0.494141 0.070312 0.019531 0.023438
0 0.513672 0.070312 0.019531 0.023438
0 0.535156 0.070312 0.015625 0.023438
0 0.580078 0.074219 0.019531 0.023438
0 0.601562 0.074219 0.015625 0.023438
0 0.619141 0.076172 0.019531 0.019531
0 0.664062 0.076172 0.015625 0.019531
0 0.689453 0.076172 0.019531 0.019531
0 0.712891 0.074219 0.019531 0.015625
0 0.732422 0.078125 0.019531 0.023438
0 0.753906 0.080078 0.015625 0.019531
0 0.777344 0.080078 0.023438 0.019531
0 0.800781 0.082031 0.015625 0.023438
0 0.820312 0.080078 0.015625 0.019531
0 0.841797 0.083984 0.019531 0.019531
0 0.861328 0.080078 0.019531 0.019531
0 0.441406 0.302734 0.031250 0.019531
0 0.490234 0.304688 0.027344 0.023438
0 0.537109 0.306641 0.035156 0.019531
0 0.583984 0.306641 0.019531 0.019531
0 0.453125 0.351562 0.015625 0.015625
0 0.490234 0.351562 0.011719 0.015625
0 0.541016 0.351562 0.011719 0.015625
0 0.505859 0.404297 0.011719 0.019531
0 0.541016 0.458984 0.011719 0.019531
0 0.482422 0.503906 0.019531 0.015625
0 0.585938 0.363281 0.015625 0.015625
0 0.630859 0.351562 0.011719 0.015625
0 0.603516 0.365234 0.011719 0.019531
0 0.619141 0.367188 0.011719 0.015625
0 0.648438 0.353516 0.015625 0.019531
0 0.666016 0.353516 0.011719 0.019531
0 0.708984 0.369141 0.019531 0.019531
0 0.716797 0.361328 0.011719 0.019531
0 0.738281 0.361328 0.015625 0.019531
0 0.578125 0.460938 0.015625 0.015625
0 0.595703 0.460938 0.011719 0.015625
0 0.630859 0.460938 0.011719 0.015625
0 0.666016 0.462891 0.011719 0.019531
0 0.685547 0.462891 0.011719 0.019531
0 0.691406 0.419922 0.015625 0.019531
0 0.554688 0.408203 0.023438 0.019531
0 0.597656 0.408203 0.015625 0.019531
0 0.582031 0.416016 0.023438 0.019531
0 0.613281 0.410156 0.015625 0.023438
0 0.628906 0.410156 0.015625 0.023438
0 0.646484 0.414062 0.011719 0.023438
0 0.664062 0.408203 0.015625 0.019531
0 0.789062 0.359375 0.015625 0.023438
0 0.771484 0.560547 0.019531 0.019531
0 0.791016 0.562500 0.019531 0.023438
0 0.839844 0.359375 0.015625 0.015625
0 0.847656 0.373047 0.015625 0.019531
0 0.867188 0.373047 0.023438 0.019531
0 0.751953 0.701172 0.019531 0.035156
0 0.785156 0.710938 0.023438 0.023438
0 0.802734 0.708984 0.011719 0.027344
0 0.845703 0.714844 0.019531 0.023438
0 0.916016 0.712891 0.019531 0.027344
0 0.585938 0.832031 0.015625 0.015625
0 0.605469 0.839844 0.015625 0.023438
0 0.626953 0.839844 0.019531 0.023438
0 0.648438 0.837891 0.015625 0.019531
0 0.691406 0.841797 0.015625 0.019531
0 0.712891 0.839844 0.011719 0.015625
0 0.736328 0.843750 0.011719 0.015625
0 0.751953 0.843750 0.011719 0.015625
