4 0.099609 0.958984 0.027344 0.027344
4 0.115234 0.921875 0.035156 0.023438
4 0.160156 0.921875 0.031250 0.023438
4 0.095703 0.886719 0.027344 0.023438
4 0.136719 0.886719 0.031250 0.023438
4 0.181641 0.886719 0.027344 0.023438
4 0.226562 0.886719 0.031250 0.023438
4 0.097656 0.855469 0.031250 0.015625
4 0.136719 0.857422 0.031250 0.027344
4 0.177734 0.851562 0.027344 0.023438
4 0.224609 0.853516 0.035156 0.019531
4 0.095703 0.824219 0.027344 0.023438
4 0.140625 0.824219 0.031250 0.023438
4 0.181641 0.824219 0.035156 0.023438
4 0.222656 0.824219 0.023438 0.015625
4 0.136719 0.791016 0.039062 0.019531
4 0.181641 0.789062 0.035156 0.023438
4 0.224609 0.791016 0.027344 0.027344
4 0.099609 0.703125 0.027344 0.023438
4 0.144531 0.703125 0.031250 0.023438
4 0.187500 0.703125 0.031250 0.023438
4 0.230469 0.703125 0.031250 0.023438
4 0.271484 0.699219 0.035156 0.023438
4 0.101562 0.669922 0.031250 0.019531
4 0.144531 0.669922 0.023438 0.019531
4 0.189453 0.669922 0.027344 0.019531
4 0.236328 0.667969 0.027344 0.015625
4 0.273438 0.667969 0.031250 0.023438
4 0.126953 0.640625 0.027344 0.023438
4 0.103516 0.617188 0.042969 0.031250
4 0.138672 0.613281 0.035156 0.023438
4 0.189453 0.644531 0.019531 0.015625
4 0.216797 0.644531 0.019531 0.015625
4 0.244141 0.644531 0.027344 0.015625
4 0.269531 0.644531 0.015625 0.015625
4 0.603516 0.464844 0.019531 0.023438
4 0.578125 0.445312 0.031250 0.023438
4 0.550781 0.425781 0.031250 0.031250
4 0.642578 0.312500 0.027344 0.023438
4 0.724609 0.367188 0.027344 0.023438
4 0.753906 0.337891 0.023438 0.027344
4 0.716797 0.310547 0.019531 0.011719
4 0.748047 0.283203 0.027344 0.027344
4 0.771484 0.308594 0.019531 0.015625
4 0.677734 0.281250 0.019531 0.023438
4 0.675781 0.248047 0.015625 0.019531
4 0.660156 0.232422 0.015625 0.011719
4 0.626953 0.287109 0.027344 0.019531
4 0.626953 0.197266 0.019531 0.019531
4 0.621094 0.261719 0.023438 0.015625
4 0.380859 0.240234 0.019531 0.019531
4 0.406250 0.203125 0.031250 0.015625
4 0.361328 0.195312 0.027344 0.023438
4 0.386719 0.162109 0.031250 0.027344
4 0.417969 0.167969 0.039062 0.031250
4 0.417969 0.130859 0.039062 0.027344
4 0.312500 0.167969 0.039062 0.023438
4 0.332031 0.144531 0.031250 0.023438
4 0.330078 0.228516 0.019531 0.019531
4 0.302734 0.298828 0.027344 0.027344
4 0.324219 0.277344 0.031250 0.023438
4 0.291016 0.253906 0.019531 0.015625
4 0.242188 0.318359 0.023438 0.019531
4 0.195312 0.304688 0.015625 0.007812
4 0.179688 0.318359 0.023438 0.011719
4 0.166016 0.300781 0.019531 0.015625
4 0.156250 0.316406 0.015625 0.015625
3 0.060547 0.421875 0.027344 0.031250
3 0.482422 0.107422 0.042969 0.019531
