0 0.941406 0.896484 0.015625 0.019531
0 0.949219 0.880859 0.015625 0.019531
0 0.953125 0.890625 0.007812 0.015625
0 0.962891 0.880859 0.011719 0.019531
0 0.970703 0.890625 0.011719 0.015625
0 0.980469 0.878906 0.007812 0.015625
0 0.986328 0.892578 0.011719 0.019531
0 0.937500 0.839844 0.015625 0.015625
0 0.945312 0.830078 0.015625 0.011719
0 0.953125 0.845703 0.015625 0.019531
0 0.960938 0.833984 0.007812 0.011719
0 0.968750 0.847656 0.015625 0.015625
0 0.982422 0.832031 0.011719 0.015625
0 0.992188 0.847656 0.015625 0.015625
0 0.400391 0.818359 0.019531 0.019531
0 0.425781 0.818359 0.015625 0.019531
0 0.445312 0.824219 0.015625 0.023438
0 0.468750 0.822266 0.023438 0.019531
0 0.494141 0.820312 0.019531 0.023438
0 0.513672 0.820312 0.019531 0.023438
0 0.535156 0.820312 0.015625 0.023438
0 0.580078 0.824219 0.019531 0.023438
0 0.601562 0.824219 0.015625 0.023438
0 0.619141 0.826172 0.019531 0.019531
0 0.664062 0.826172 0.015625 0.019531
0 0.689453 0.826172 0.019531 0.019531
0 0.712891 0.824219 0.019531 0.015625
0 0.732422 0.828125 0.019531 0.023438
0 0.753906 0.830078 0.015625 0.019531
0 0.777344 0.830078 0.023438 0.019531
0 0.800781 0.832031 0.015625 0.023438
0 0.820312 0.830078 0.015625 0.019531
0 0.841797 0.833984 0.019531 0.019531
0 0.861328 0.830078 0.019531 0.019531
0 0.968750 0.640625 0.023438 0.015625
0 0.953125 0.648438 0.015625 0.015625
0 0.941406 0.634766 0.023438 0.019531
0 0.970703 0.556641 0.019531 0.027344
0 0.939453 0.554688 0.019531 0.023438
0 0.904297 0.552734 0.019531 0.027344
0 0.869141 0.552734 0.019531 0.027344
0 0.837891 0.548828 0.019531 0.027344
0 0.982422 0.478516 0.019531 0.027344
0 0.964844 0.496094 0.023438 0.031250
0 0.947266 0.474609 0.019531 0.027344
0 0.927734 0.492188 0.019531 0.023438
0 0.912109 0.472656 0.019531 0.023438
0 0.896484 0.490234 0.019531 0.019531
0 0.880859 0.466797 0.027344 0.027344
0 0.863281 0.492188 0.023438 0.023438
0 0.845703 0.468750 0.019531 0.015625
0 0.812500 0.468750 0.023438 0.023438
0 0.832031 0.490234 0.023438 0.027344
0 0.794922 0.486328 0.019531 0.027344
0 0.779297 0.464844 0.019531 0.031250
0 0.984375 0.396484 0.023438 0.019531
0 0.962891 0.414062 0.019531 0.023438
0 0.933594 0.412109 0.023438 0.019531
0 0.917969 0.392578 0.015625 0.019531
0 0.898438 0.412109 0.023438 0.019531
0 0.884766 0.392578 0.019531 0.027344
0 0.869141 0.408203 0.011719 0.019531
0 0.851562 0.388672 0.015625 0.019531
0 0.830078 0.410156 0.019531 0.023438
0 0.814453 0.386719 0.019531 0.023438
0 0.796875 0.406250 0.023438 0.015625
0 0.783203 0.388672 0.019531 0.019531
0 0.765625 0.408203 0.023438 0.019531
0 0.750000 0.386719 0.015625 0.023438
0 0.718750 0.384766 0.015625 0.019531
0 0.699219 0.402344 0.015625 0.023438
0 0.734375 0.406250 0.023438 0.023438
0 0.953125 0.322266 0.015625 0.027344
0 0.919922 0.312500 0.019531 0.023438
0 0.902344 0.292969 0.023438 0.023438
0 0.462891 0.560547 0.027344 0.019531
0 0.513672 0.562500 0.019531 0.023438
0 0.591797 0.564453 0.019531 0.019531
0 0.615234 0.568359 0.019531 0.019531
0 0.642578 0.564453 0.019531 0.019531
0 0.667969 0.564453 0.023438 0.019531
0 0.718750 0.564453 0.023438 0.019531
