1 0.137500 0.087500 0.145000 0.053000
1 0.080000 0.264500 0.158000 0.069000
1 0.354000 0.277500 0.146000 0.091000
1 0.211000 0.901500 0.356000 0.071000
1 0.152500 0.126500 0.195000 0.069000
1 0.137500 0.164500 0.157000 0.063000
1 0.326000 0.343500 0.248000 0.079000
1 0.304000 0.399500 0.230000 0.077000
1 0.604500 0.044500 0.151000 0.087000
1 0.586500 0.296000 0.195000 0.102000
1 0.579000 0.399500 0.234000 0.053000
1 0.538500 0.543000 0.425000 0.108000
1 0.633000 0.653500 0.224000 0.069000
1 0.668000 0.752500 0.220000 0.051000
1 0.706500 0.883500 0.265000 0.057000
