2 0.125000 0.120117 0.066406 0.087891
2 0.379883 0.115234 0.072266 0.093750
2 0.627930 0.119141 0.068359 0.082031
2 0.881836 0.118164 0.080078 0.091797
2 0.131836 0.367188 0.060547 0.066406
2 0.379883 0.372070 0.076172 0.080078
2 0.626953 0.372070 0.082031 0.080078
2 0.876953 0.375000 0.085938 0.066406
2 0.128906 0.622070 0.085938 0.076172
2 0.375000 0.624023 0.082031 0.060547
2 0.629883 0.624023 0.091797 0.060547
2 0.876953 0.625977 0.089844 0.052734
2 0.127930 0.879883 0.076172 0.029297
2 0.373047 0.876953 0.082031 0.031250
2 0.619141 0.876953 0.082031 0.035156
2 0.870117 0.876953 0.091797 0.050781
