2 0.119141 0.118164 0.089844 0.068359
2 0.373047 0.121094 0.082031 0.070312
2 0.625977 0.114258 0.087891 0.080078
2 0.875000 0.113281 0.078125 0.070312
2 0.128906 0.365234 0.078125 0.078125
2 0.371094 0.366211 0.066406 0.064453
2 0.623047 0.373047 0.078125 0.078125
2 0.872070 0.370117 0.072266 0.072266
2 0.119141 0.618164 0.066406 0.072266
2 0.369141 0.622070 0.054688 0.068359
2 0.621094 0.621094 0.070312 0.078125
2 0.870117 0.622070 0.076172 0.076172
2 0.124023 0.867188 0.072266 0.082031
2 0.377930 0.863281 0.060547 0.074219
2 0.613281 0.869141 0.046875 0.058594
2 0.870117 0.873047 0.037109 0.054688
