2 0.126953 0.130859 0.082031 0.062500
2 0.380859 0.125000 0.093750 0.058594
2 0.638672 0.124023 0.097656 0.048828
2 0.875977 0.128906 0.080078 0.042969
2 0.125977 0.377930 0.076172 0.037109
2 0.371094 0.375977 0.074219 0.037109
2 0.623047 0.380859 0.078125 0.042969
2 0.872070 0.380859 0.072266 0.039062
2 0.119141 0.631836 0.074219 0.037109
2 0.374023 0.635742 0.076172 0.041016
2 0.617188 0.628906 0.082031 0.058594
2 0.869141 0.628906 0.070312 0.058594
2 0.123047 0.876953 0.082031 0.070312
2 0.371094 0.880859 0.082031 0.062500
2 0.618164 0.879883 0.072266 0.068359
2 0.869141 0.879883 0.078125 0.072266
