2 0.125000 0.119141 0.078125 0.066406
2 0.372070 0.118164 0.083984 0.076172
2 0.623047 0.117188 0.078125 0.074219
2 0.869141 0.117188 0.070312 0.074219
2 0.124023 0.370117 0.064453 0.072266
2 0.366211 0.366211 0.076172 0.087891
2 0.625000 0.382812 0.050781 0.058594
2 0.876953 0.385742 0.054688 0.060547
2 0.123047 0.624023 0.050781 0.064453
2 0.372070 0.627930 0.044922 0.048828
2 0.620117 0.629883 0.048828 0.056641
2 0.871094 0.624023 0.058594 0.076172
2 0.121094 0.877930 0.054688 0.072266
2 0.375977 0.876953 0.072266 0.078125
2 0.622070 0.885742 0.064453 0.068359
2 0.875000 0.875000 0.082031 0.085938
