2 0.125000 0.125977 0.082031 0.076172
2 0.375977 0.121094 0.080078 0.082031
2 0.627930 0.116211 0.103516 0.087891
2 0.877930 0.125000 0.107422 0.082031
2 0.124023 0.372070 0.083984 0.064453
2 0.371094 0.371094 0.089844 0.062500
2 0.626953 0.370117 0.089844 0.060547
2 0.873047 0.371094 0.089844 0.050781
2 0.120117 0.623047 0.091797 0.042969
2 0.371094 0.621094 0.082031 0.039062
2 0.622070 0.623047 0.080078 0.035156
2 0.871094 0.625977 0.078125 0.029297
2 0.115234 0.874023 0.074219 0.041016
2 0.365234 0.873047 0.093750 0.054688
2 0.620117 0.874023 0.087891 0.056641
2 0.860352 0.871094 0.103516 0.070312
