2 0.719727 0.351562 0.130859 0.097656
2 0.690430 0.285156 0.107422 0.085938
2 0.802734 0.212891 0.105469 0.089844
2 0.620117 0.251953 0.103516 0.085938
2 0.569336 0.209961 0.103516 0.087891
2 0.709961 0.117188 0.115234 0.093750
2 0.650391 0.083008 0.105469 0.080078
2 0.599609 0.040039 0.093750 0.076172
2 0.361328 0.040039 0.109375 0.080078
2 0.407227 0.084961 0.087891 0.072266
2 0.458008 0.131836 0.111328 0.087891
2 0.520508 0.166016 0.099609 0.085938
2 0.583008 0.609375 0.123047 0.093750
2 0.416016 0.665039 0.054688 0.103516
2 0.357422 0.610352 0.050781 0.115234
2 0.208008 0.500977 0.041016 0.091797
2 0.258789 0.525391 0.044922 0.093750
2 0.158203 0.466797 0.054688 0.121094
2 0.099609 0.412109 0.054688 0.085938
2 0.048828 0.351562 0.046875 0.097656
2 0.483398 0.516602 0.115234 0.091797
2 0.521484 0.573242 0.089844 0.068359
2 0.337891 0.385742 0.125000 0.095703
2 0.267578 0.353516 0.101562 0.082031
2 0.222656 0.308594 0.113281 0.089844
2 0.171875 0.273438 0.082031 0.074219
2 0.113281 0.237305 0.089844 0.076172
2 0.061523 0.194336 0.111328 0.087891
2 0.383789 0.440430 0.091797 0.080078
