2 0.123047 0.125000 0.093750 0.062500
2 0.259766 0.066406 0.085938 0.082031
2 0.619141 0.123047 0.089844 0.070312
2 0.871094 0.125977 0.070312 0.083984
2 0.113281 0.368164 0.074219 0.083984
2 0.366211 0.374023 0.064453 0.080078
2 0.622070 0.381836 0.044922 0.076172
2 0.870117 0.371094 0.056641 0.074219
2 0.123047 0.613281 0.074219 0.082031
2 0.373047 0.617188 0.078125 0.074219
2 0.624023 0.619141 0.076172 0.058594
2 0.873047 0.619141 0.074219 0.054688
2 0.120117 0.863281 0.080078 0.062500
2 0.372070 0.863281 0.080078 0.042969
2 0.619141 0.869141 0.082031 0.042969
2 0.870117 0.872070 0.080078 0.041016
