4 0.039062 0.749023 0.070312 0.056641
4 0.076172 0.806641 0.058594 0.054688
4 0.126953 0.863281 0.066406 0.050781
4 0.200195 0.628906 0.056641 0.054688
4 0.212891 0.558594 0.058594 0.054688
4 0.295898 0.573242 0.060547 0.056641
4 0.362305 0.541992 0.056641 0.056641
4 0.439453 0.578125 0.062500 0.058594
4 0.505859 0.556641 0.054688 0.058594
4 0.488281 0.476562 0.062500 0.050781
4 0.413086 0.458984 0.056641 0.058594
4 0.339844 0.445312 0.062500 0.058594
4 0.251953 0.359375 0.058594 0.058594
4 0.180664 0.383789 0.060547 0.056641
4 0.114258 0.410156 0.064453 0.054688
4 0.048828 0.381836 0.062500 0.052734
4 0.316406 0.320312 0.062500 0.054688
4 0.515625 0.417969 0.050781 0.046875
