0 0.062500 0.185268 0.125000 0.165179
0 0.138393 0.040179 0.107143 0.160714
0 0.229911 0.185268 0.129464 0.165179
0 0.314732 0.042411 0.129464 0.156250
0 0.399554 0.187500 0.111607 0.151786
0 0.566964 0.185268 0.142857 0.147321
0 0.660714 0.044643 0.107143 0.125000
0 0.745536 0.176339 0.116071 0.156250
0 0.832589 0.042411 0.129464 0.147321
0 0.064732 0.705357 0.120536 0.160714
0 0.234375 0.709821 0.129464 0.160714
0 0.310268 0.573661 0.129464 0.156250
0 0.406250 0.712054 0.116071 0.156250
0 0.486607 0.573661 0.107143 0.147321
0 0.573661 0.716518 0.102679 0.138393
0 0.658482 0.578125 0.093750 0.156250
0 0.743304 0.714286 0.120536 0.160714
0 0.917411 0.725446 0.138393 0.147321
0 0.825893 0.573661 0.116071 0.156250
