4 0.058594 0.835938 0.109375 0.117188
4 0.103516 0.730469 0.121094 0.117188
4 0.208984 0.636719 0.105469 0.093750
4 0.328125 0.736328 0.117188 0.089844
4 0.216797 0.830078 0.121094 0.113281
4 0.117188 0.935547 0.125000 0.105469
4 0.369141 0.939453 0.121094 0.121094
4 0.279297 0.324219 0.113281 0.117188
4 0.201172 0.433594 0.144531 0.109375
4 0.402344 0.410156 0.125000 0.109375
4 0.312500 0.525391 0.140625 0.128906
4 0.531250 0.509766 0.148438 0.113281
4 0.423828 0.613281 0.152344 0.117188
4 0.685547 0.628906 0.167969 0.117188
4 0.580078 0.732422 0.167969 0.121094
4 0.767578 0.722656 0.121094 0.109375
4 0.677734 0.833984 0.121094 0.105469
4 0.888672 0.820312 0.121094 0.109375
4 0.802734 0.921875 0.121094 0.109375
4 0.771484 0.464844 0.089844 0.093750
4 0.843750 0.380859 0.093750 0.097656
4 0.939453 0.458984 0.089844 0.089844
4 0.857422 0.533203 0.089844 0.089844
4 0.945312 0.599609 0.093750 0.097656
4 0.257812 0.099609 0.085938 0.089844
4 0.316406 0.039062 0.078125 0.070312
