4 0.187500 0.029297 0.031250 0.027344
4 0.404297 0.880859 0.027344 0.019531
4 0.425781 0.890625 0.015625 0.015625
4 0.425781 0.871094 0.015625 0.007812
4 0.375000 0.888672 0.031250 0.019531
4 0.400391 0.906250 0.027344 0.015625
4 0.375000 0.912109 0.023438 0.019531
4 0.476562 0.773438 0.023438 0.015625
4 0.472656 0.824219 0.023438 0.015625
4 0.447266 0.832031 0.019531 0.015625
4 0.486328 0.867188 0.027344 0.015625
4 0.445312 0.867188 0.015625 0.015625
4 0.468750 0.853516 0.023438 0.019531
4 0.419922 0.847656 0.019531 0.015625
4 0.468750 0.800781 0.015625 0.015625
4 0.453125 0.802734 0.015625 0.011719
4 0.437500 0.810547 0.015625 0.019531
3 0.101562 0.083984 0.093750 0.027344
3 0.121094 0.195312 0.085938 0.039062
