4 0.065430 0.860352 0.080078 0.060547
4 0.052734 0.930664 0.074219 0.056641
4 0.133789 0.871094 0.072266 0.050781
4 0.122070 0.939453 0.068359 0.058594
4 0.279297 0.931641 0.062500 0.050781
4 0.268555 0.981445 0.048828 0.037109
4 0.208008 0.907227 0.052734 0.044922
4 0.199219 0.943359 0.066406 0.039062
4 0.296875 0.396484 0.070312 0.062500
4 0.371094 0.376953 0.058594 0.050781
4 0.324219 0.466797 0.058594 0.058594
4 0.396484 0.443359 0.058594 0.058594
4 0.492188 0.408203 0.062500 0.054688
4 0.517578 0.473633 0.058594 0.052734
4 0.586914 0.448242 0.060547 0.060547
4 0.613281 0.519531 0.062500 0.054688
4 0.544922 0.544922 0.058594 0.054688
4 0.449219 0.579102 0.058594 0.052734
4 0.431641 0.506836 0.078125 0.056641
4 0.349609 0.532227 0.066406 0.052734
4 0.379883 0.602539 0.060547 0.048828
4 0.401367 0.670898 0.064453 0.052734
4 0.470703 0.640625 0.062500 0.054688
4 0.427734 0.735352 0.058594 0.048828
4 0.497070 0.707031 0.060547 0.050781
4 0.525391 0.779297 0.062500 0.054688
4 0.456055 0.805664 0.064453 0.052734
4 0.480469 0.870117 0.066406 0.052734
4 0.550781 0.846680 0.062500 0.052734
4 0.503906 0.936523 0.058594 0.052734
4 0.573242 0.912109 0.060547 0.054688
4 0.615234 0.980469 0.058594 0.046875
4 0.569336 0.610352 0.056641 0.056641
4 0.637695 0.586914 0.060547 0.052734
4 0.662109 0.652344 0.062500 0.050781
4 0.593750 0.676758 0.062500 0.052734
4 0.621094 0.745117 0.062500 0.052734
4 0.692383 0.720703 0.060547 0.058594
4 0.715820 0.789062 0.060547 0.058594
4 0.644531 0.811523 0.062500 0.052734
4 0.670898 0.878906 0.060547 0.054688
4 0.742188 0.854492 0.054688 0.048828
4 0.827148 0.831055 0.060547 0.052734
4 0.815430 0.900391 0.064453 0.054688
4 0.897461 0.842773 0.056641 0.056641
4 0.886719 0.911133 0.054688 0.052734
4 0.975586 0.856445 0.072266 0.056641
4 0.955078 0.921875 0.062500 0.054688
