4 0.191406 0.816406 0.085938 0.109375
4 0.285156 0.857422 0.085938 0.105469
4 0.378906 0.908203 0.085938 0.089844
4 0.468750 0.953125 0.085938 0.093750
4 0.324219 0.738281 0.078125 0.117188
4 0.419922 0.787109 0.082031 0.113281
4 0.509766 0.835938 0.089844 0.109375
4 0.298828 0.470703 0.121094 0.144531
4 0.345703 0.310547 0.121094 0.144531
4 0.492188 0.367188 0.132812 0.132812
4 0.433594 0.533203 0.132812 0.144531
4 0.601562 0.437500 0.125000 0.140625
4 0.554688 0.595703 0.117188 0.136719
4 0.771484 0.517578 0.128906 0.144531
4 0.734375 0.679688 0.132812 0.132812
4 0.902344 0.583984 0.109375 0.136719
4 0.855469 0.746094 0.109375 0.132812
4 0.843750 0.351562 0.093750 0.125000
4 0.960938 0.408203 0.078125 0.113281
4 0.568359 0.068359 0.113281 0.128906
4 0.699219 0.128906 0.125000 0.132812
4 0.873047 0.208984 0.105469 0.136719
4 0.916016 0.058594 0.113281 0.109375
