0 0.022321 0.053571 0.089286 0.080357
0 0.122768 0.055804 0.075893 0.075893
0 0.223214 0.051339 0.071429 0.075893
0 0.319196 0.042411 0.075893 0.075893
0 0.428571 0.046875 0.071429 0.084821
0 0.526786 0.049107 0.071429 0.071429
0 0.616071 0.031250 0.089286 0.080357
0 0.723214 0.031250 0.062500 0.071429
0 0.823661 0.037946 0.066964 0.075893
0 0.917411 0.031250 0.075893 0.089286
0 0.082589 0.236607 0.066964 0.080357
0 0.127232 0.301339 0.084821 0.075893
0 0.180804 0.229911 0.058036 0.075893
0 0.225446 0.301339 0.066964 0.075893
0 0.281250 0.227679 0.062500 0.089286
0 0.337054 0.305804 0.066964 0.066964
0 0.381696 0.223214 0.066964 0.098214
0 0.426339 0.301339 0.066964 0.075893
0 0.470982 0.223214 0.066964 0.089286
0 0.526786 0.294643 0.071429 0.080357
0 0.573661 0.223214 0.066964 0.089286
0 0.625000 0.294643 0.071429 0.080357
0 0.676339 0.223214 0.066964 0.080357
0 0.720982 0.287946 0.075893 0.084821
0 0.774554 0.218750 0.058036 0.080357
0 0.832589 0.294643 0.075893 0.080357
0 0.881696 0.214286 0.066964 0.089286
0 0.933036 0.285714 0.062500 0.080357
0 0.986607 0.216518 0.053571 0.093750
0 0.035714 0.493304 0.062500 0.084821
0 0.071429 0.562500 0.071429 0.080357
0 0.120536 0.495536 0.053571 0.089286
0 0.169643 0.555804 0.062500 0.075893
0 0.227679 0.486607 0.053571 0.089286
0 0.276786 0.558036 0.053571 0.071429
0 0.332589 0.491071 0.075893 0.080357
0 0.379464 0.562500 0.062500 0.071429
0 0.430804 0.486607 0.058036 0.080357
0 0.479911 0.555804 0.075893 0.075893
0 0.522321 0.484375 0.062500 0.084821
0 0.580357 0.551339 0.062500 0.075893
0 0.627232 0.484375 0.066964 0.075893
0 0.674107 0.553571 0.071429 0.071429
0 0.729911 0.479911 0.058036 0.084821
0 0.776786 0.551339 0.071429 0.075893
0 0.830357 0.484375 0.062500 0.084821
0 0.875000 0.549107 0.062500 0.071429
0 0.917411 0.477679 0.049107 0.080357
0 0.991071 0.546875 0.080357 0.084821
0 0.977679 0.736607 0.062500 0.080357
0 0.933036 0.803571 0.071429 0.071429
0 0.832589 0.810268 0.066964 0.066964
0 0.779018 0.747768 0.066964 0.084821
0 0.725446 0.805804 0.075893 0.075893
0 0.678571 0.741071 0.062500 0.080357
0 0.629464 0.808036 0.062500 0.080357
0 0.575893 0.743304 0.071429 0.084821
0 0.537946 0.816964 0.075893 0.080357
0 0.482143 0.745536 0.062500 0.089286
0 0.424107 0.819196 0.071429 0.084821
0 0.395089 0.754464 0.058036 0.080357
0 0.328125 0.816964 0.058036 0.071429
0 0.225446 0.825893 0.075893 0.071429
0 0.174107 0.763393 0.062500 0.071429
0 0.129464 0.823661 0.071429 0.084821
0 0.084821 0.761161 0.071429 0.075893
0 0.033482 0.823661 0.066964 0.084821
