2 0.964844 0.577148 0.066406 0.095703
2 0.500977 0.500000 0.103516 0.117188
2 0.541016 0.427734 0.089844 0.105469
2 0.588867 0.373047 0.083984 0.093750
2 0.651367 0.234375 0.103516 0.109375
2 0.727539 0.121094 0.103516 0.109375
2 0.767578 0.054688 0.101562 0.109375
2 0.673828 0.508789 0.101562 0.111328
2 0.904297 0.129883 0.097656 0.103516
2 0.954102 0.078125 0.087891 0.097656
2 0.296875 0.308594 0.121094 0.058594
2 0.402344 0.128906 0.113281 0.042969
2 0.435547 0.067383 0.113281 0.044922
2 0.147461 0.508789 0.138672 0.060547
