4 0.923828 0.011719 0.113281 0.015625
4 0.947266 0.058594 0.105469 0.085938
4 0.958984 0.140625 0.082031 0.085938
4 0.873047 0.255859 0.089844 0.089844
4 0.953125 0.238281 0.085938 0.078125
4 0.929688 0.343750 0.101562 0.093750
4 0.830078 0.359375 0.097656 0.101562
4 0.787109 0.275391 0.066406 0.066406
4 0.814453 0.003906 0.074219 0.000000
4 0.837891 0.039062 0.066406 0.062500
4 0.851562 0.093750 0.070312 0.070312
4 0.871094 0.164062 0.093750 0.078125
4 0.693359 0.095703 0.066406 0.074219
4 0.712891 0.166016 0.058594 0.058594
