1 0.063125 0.996875 0.016250 0.006250
1 0.007500 0.943125 0.015000 0.016250
1 0.055000 0.999375 0.005000 0.001250
1 0.037500 0.978750 0.017500 0.012500
1 0.006250 0.905625 0.012500 0.013750
1 0.057500 0.926250 0.020000 0.015000
1 0.035625 0.945625 0.021250 0.016250
1 0.251250 0.970000 0.020000 0.017500
1 0.036875 0.953125 0.016250 0.013750
1 0.167500 0.905000 0.017500 0.017500
1 0.170625 0.878125 0.016250 0.013750
1 0.006875 0.929375 0.013750 0.016250
1 0.156250 0.995625 0.012500 0.008750
1 0.034375 0.983750 0.011250 0.007500
1 0.300625 0.977500 0.018750 0.012500
1 0.218750 0.915000 0.020000 0.022500
1 0.211250 0.928750 0.015000 0.015000
1 0.292500 0.963125 0.015000 0.016250
1 0.065000 0.710625 0.035000 0.038750
1 0.270000 0.995000 0.015000 0.010000
1 0.009375 0.958125 0.016250 0.018750
1 0.036250 0.675000 0.025000 0.027500
1 0.260625 0.966250 0.021250 0.017500
1 0.154375 0.889375 0.018750 0.018750
1 0.202500 0.936875 0.020000 0.021250
1 0.191875 0.941250 0.008750 0.020000
