4 0.533203 0.187500 0.027344 0.023438
4 0.537109 0.164062 0.019531 0.015625
4 0.564453 0.195312 0.027344 0.023438
4 0.587891 0.185547 0.019531 0.019531
4 0.597656 0.207031 0.031250 0.023438
4 0.625000 0.195312 0.015625 0.015625
4 0.630859 0.220703 0.027344 0.019531
4 0.662109 0.210938 0.019531 0.023438
4 0.666016 0.236328 0.019531 0.019531
4 0.685547 0.244141 0.019531 0.019531
4 0.414062 0.191406 0.039062 0.031250
4 0.457031 0.205078 0.031250 0.035156
4 0.535156 0.240234 0.031250 0.027344
4 0.576172 0.251953 0.035156 0.027344
4 0.605469 0.244141 0.015625 0.019531
4 0.611328 0.267578 0.027344 0.027344
4 0.636719 0.257812 0.015625 0.015625
4 0.654297 0.281250 0.027344 0.023438
4 0.683594 0.271484 0.015625 0.011719
4 0.693359 0.292969 0.027344 0.031250
4 0.687500 0.324219 0.015625 0.015625
4 0.666016 0.357422 0.027344 0.019531
4 0.654297 0.386719 0.035156 0.023438
4 0.716797 0.376953 0.035156 0.027344
4 0.720703 0.345703 0.019531 0.011719
4 0.687500 0.400391 0.031250 0.019531
4 0.718750 0.412109 0.023438 0.019531
4 0.732422 0.316406 0.019531 0.023438
4 0.052734 0.601562 0.027344 0.023438
4 0.080078 0.611328 0.027344 0.027344
4 0.105469 0.621094 0.023438 0.031250
4 0.136719 0.626953 0.031250 0.027344
3 0.777344 0.787109 0.382812 0.152344
3 0.824219 0.662109 0.312500 0.167969
