1 0.105000 0.199375 0.010000 0.023750
1 0.261250 0.246875 0.012500 0.016250
1 0.657500 0.520000 0.007500 0.010000
1 0.251250 0.246875 0.012500 0.013750
1 0.703750 0.497500 0.012500 0.060000
1 0.151250 0.088125 0.010000 0.008750
1 0.882500 0.758750 0.022500 0.045000
1 0.015000 0.128750 0.030000 0.015000
1 0.734375 0.900000 0.018750 0.067500
1 0.053125 0.174375 0.028750 0.023750
1 0.723750 0.936250 0.007500 0.025000
1 0.061875 0.183125 0.026250 0.023750
1 0.345000 0.057500 0.015000 0.022500
1 0.325625 0.201250 0.026250 0.015000
1 0.388125 0.193125 0.028750 0.016250
