4 0.043945 0.366211 0.056641 0.064453
4 0.041016 0.453125 0.054688 0.066406
4 0.035156 0.539062 0.054688 0.070312
4 0.207031 0.075195 0.050781 0.060547
4 0.262695 0.018555 0.052734 0.064453
4 0.666016 0.038086 0.054688 0.068359
4 0.710938 0.104492 0.046875 0.056641
4 0.760742 0.049805 0.052734 0.060547
4 0.754883 0.169922 0.048828 0.058594
4 0.805664 0.116211 0.052734 0.060547
4 0.797852 0.242188 0.056641 0.066406
4 0.850586 0.185547 0.056641 0.062500
4 0.897461 0.251953 0.048828 0.058594
4 0.880859 0.041016 0.054688 0.062500
4 0.931641 0.111328 0.046875 0.070312
4 0.983398 0.053711 0.056641 0.068359
4 0.968750 0.176758 0.054688 0.068359
