2 0.121094 0.127930 0.058594 0.076172
2 0.374023 0.123047 0.072266 0.089844
2 0.619141 0.123047 0.078125 0.089844
2 0.874023 0.122070 0.091797 0.080078
2 0.124023 0.372070 0.080078 0.080078
2 0.374023 0.371094 0.076172 0.066406
2 0.620117 0.378906 0.064453 0.074219
2 0.867188 0.375977 0.082031 0.048828
2 0.119141 0.623047 0.082031 0.039062
2 0.371094 0.621094 0.082031 0.035156
2 0.614258 0.625000 0.068359 0.023438
2 0.873047 0.621094 0.078125 0.039062
2 0.121094 0.875000 0.074219 0.031250
2 0.375000 0.874023 0.085938 0.052734
2 0.624023 0.875977 0.083984 0.056641
2 0.870117 0.872070 0.083984 0.060547
