2 0.123047 0.128906 0.066406 0.027344
2 0.372070 0.125000 0.080078 0.046875
2 0.622070 0.124023 0.076172 0.048828
2 0.870117 0.125977 0.076172 0.064453
2 0.123047 0.371094 0.082031 0.074219
2 0.374023 0.374023 0.076172 0.080078
2 0.623047 0.372070 0.074219 0.080078
2 0.877930 0.375977 0.068359 0.076172
2 0.125000 0.623047 0.062500 0.074219
2 0.375000 0.636719 0.050781 0.058594
2 0.625977 0.630859 0.056641 0.066406
2 0.874023 0.634766 0.044922 0.054688
2 0.120117 0.883789 0.052734 0.060547
2 0.374023 0.880859 0.056641 0.070312
2 0.625000 0.878906 0.078125 0.085938
2 0.881836 0.880859 0.087891 0.074219
