0 0.522321 0.084821 0.089286 0.071429
0 0.457589 0.035714 0.084821 0.062500
0 0.718750 0.091518 0.080357 0.075893
0 0.783482 0.044643 0.093750 0.080357
0 0.970982 0.258929 0.058036 0.062500
0 0.116071 0.886161 0.071429 0.084821
0 0.122768 0.756696 0.075893 0.058036
0 0.120536 0.638393 0.080357 0.080357
0 0.120536 0.504464 0.080357 0.089286
0 0.113839 0.375000 0.075893 0.071429
0 0.113839 0.252232 0.075893 0.075893
0 0.122768 0.129464 0.075893 0.071429
0 0.645089 0.926339 0.058036 0.058036
0 0.647321 0.819196 0.053571 0.040179
