1 0.031250 0.701172 0.031250 0.085938
4 0.572266 0.481445 0.058594 0.056641
4 0.575195 0.403320 0.052734 0.064453
4 0.637695 0.396484 0.052734 0.066406
4 0.705078 0.384766 0.050781 0.070312
4 0.754883 0.517578 0.052734 0.066406
4 0.801758 0.451172 0.044922 0.062500
4 0.858398 0.394531 0.060547 0.062500
4 0.903320 0.337891 0.048828 0.070312
4 0.971680 0.342773 0.052734 0.064453
4 0.516602 0.320312 0.056641 0.066406
4 0.571289 0.264648 0.052734 0.068359
4 0.643555 0.278320 0.056641 0.068359
4 0.690430 0.216797 0.056641 0.066406
4 0.767578 0.202148 0.058594 0.068359
4 0.757812 0.120117 0.054688 0.064453
