4 0.021484 0.187500 0.035156 0.078125
4 0.044922 0.248047 0.082031 0.074219
4 0.089844 0.308594 0.109375 0.085938
4 0.140625 0.384766 0.101562 0.097656
4 0.177734 0.187500 0.136719 0.093750
4 0.140625 0.117188 0.132812 0.085938
4 0.218750 0.445312 0.078125 0.070312
4 0.240234 0.513672 0.089844 0.082031
4 0.291016 0.576172 0.105469 0.105469
4 0.074219 0.033203 0.093750 0.058594
4 0.027344 0.064453 0.046875 0.082031
4 0.376953 0.214844 0.097656 0.085938
4 0.312500 0.267578 0.109375 0.082031
4 0.228516 0.306641 0.097656 0.082031
4 0.289062 0.363281 0.085938 0.085938
1 0.386719 0.953125 0.085938 0.093750
