0 0.035714 0.957589 0.062500 0.084821
0 0.071429 0.071429 0.071429 0.071429
0 0.140625 0.002232 0.058036 0.075893
0 0.198661 0.071429 0.075893 0.080357
0 0.316964 0.066964 0.080357 0.071429
0 0.441964 0.066964 0.071429 0.071429
0 0.573661 0.066964 0.058036 0.071429
0 0.698661 0.062500 0.066964 0.071429
0 0.823661 0.064732 0.066964 0.075893
0 0.957589 0.069196 0.066964 0.084821
0 0.011161 0.305804 0.058036 0.084821
0 0.069196 0.375000 0.075893 0.071429
0 0.131696 0.310268 0.066964 0.066964
0 0.203125 0.381696 0.066964 0.066964
0 0.267857 0.310268 0.062500 0.075893
0 0.323661 0.377232 0.058036 0.084821
0 0.386161 0.308036 0.066964 0.062500
0 0.462054 0.381696 0.058036 0.075893
0 0.522321 0.299107 0.062500 0.071429
0 0.573661 0.375000 0.058036 0.071429
0 0.629464 0.310268 0.062500 0.066964
0 0.700893 0.381696 0.071429 0.075893
0 0.767857 0.301339 0.071429 0.075893
0 0.834821 0.379464 0.062500 0.080357
0 0.892857 0.308036 0.062500 0.062500
0 0.953125 0.375000 0.058036 0.071429
0 0.886161 0.616071 0.084821 0.071429
0 0.756696 0.622768 0.058036 0.075893
0 0.638393 0.620536 0.080357 0.080357
0 0.504464 0.620536 0.089286 0.080357
0 0.375000 0.613839 0.071429 0.075893
0 0.252232 0.613839 0.075893 0.075893
0 0.129464 0.622768 0.071429 0.075893
