0 0.035156 0.265625 0.031250 0.031250
0 0.015625 0.294922 0.023438 0.042969
0 0.019531 0.578125 0.023438 0.031250
0 0.013672 0.693359 0.019531 0.035156
0 0.210938 0.365234 0.039062 0.035156
0 0.244141 0.404297 0.035156 0.042969
0 0.273438 0.375000 0.031250 0.046875
0 0.300781 0.408203 0.031250 0.042969
0 0.386719 0.369141 0.031250 0.042969
0 0.443359 0.382812 0.035156 0.039062
0 0.179688 0.529297 0.023438 0.035156
0 0.234375 0.537109 0.031250 0.035156
0 0.263672 0.500000 0.027344 0.031250
0 0.294922 0.541016 0.027344 0.035156
0 0.326172 0.511719 0.027344 0.039062
0 0.355469 0.542969 0.039062 0.039062
0 0.416016 0.554688 0.035156 0.054688
0 0.441406 0.515625 0.031250 0.046875
0 0.470703 0.554688 0.035156 0.046875
0 0.169922 0.679688 0.035156 0.046875
0 0.203125 0.640625 0.031250 0.039062
0 0.230469 0.675781 0.031250 0.039062
0 0.261719 0.642578 0.031250 0.035156
0 0.287109 0.681641 0.035156 0.042969
0 0.320312 0.646484 0.031250 0.035156
0 0.347656 0.685547 0.031250 0.035156
0 0.380859 0.654297 0.035156 0.042969
0 0.400391 0.687500 0.027344 0.039062
0 0.435547 0.660156 0.027344 0.039062
0 0.464844 0.697266 0.039062 0.050781
0 0.160156 0.812500 0.031250 0.039062
0 0.191406 0.781250 0.031250 0.039062
0 0.220703 0.818359 0.035156 0.042969
0 0.250000 0.781250 0.031250 0.031250
0 0.277344 0.820312 0.039062 0.031250
0 0.310547 0.787109 0.027344 0.035156
0 0.335938 0.824219 0.031250 0.039062
0 0.365234 0.791016 0.035156 0.035156
0 0.398438 0.832031 0.039062 0.046875
0 0.429688 0.800781 0.039062 0.046875
0 0.457031 0.828125 0.039062 0.054688
0 0.117188 0.988281 0.031250 0.023438
0 0.148438 0.966797 0.031250 0.042969
0 0.177734 0.992188 0.027344 0.015625
0 0.208984 0.966797 0.027344 0.042969
0 0.236328 0.990234 0.027344 0.019531
0 0.267578 0.968750 0.027344 0.031250
0 0.324219 0.970703 0.031250 0.035156
0 0.386719 0.976562 0.023438 0.039062
0 0.443359 0.980469 0.027344 0.039062
