2 0.857422 0.080078 0.101562 0.113281
2 0.484375 0.167969 0.128906 0.058594
2 0.522461 0.223633 0.126953 0.064453
2 0.549805 0.285156 0.126953 0.062500
2 0.370117 0.432617 0.103516 0.087891
2 0.423828 0.476562 0.101562 0.085938
2 0.500977 0.500977 0.119141 0.099609
2 0.577148 0.529297 0.119141 0.089844
2 0.629883 0.569336 0.115234 0.095703
2 0.186523 0.691406 0.064453 0.101562
2 0.128906 0.812500 0.050781 0.074219
2 0.333984 0.752930 0.058594 0.099609
2 0.415039 0.777344 0.060547 0.089844
2 0.484375 0.823242 0.054688 0.095703
2 0.559570 0.848633 0.052734 0.103516
2 0.340820 0.900391 0.048828 0.089844
2 0.410156 0.928711 0.046875 0.091797
