0 0.328125 0.023438 0.031250 0.031250
0 0.386719 0.027344 0.031250 0.039062
0 0.441406 0.025391 0.031250 0.035156
0 0.562500 0.035156 0.023438 0.031250
0 0.625000 0.035156 0.031250 0.031250
0 0.687500 0.027344 0.023438 0.031250
0 0.748047 0.039062 0.027344 0.031250
0 0.792969 0.044922 0.039062 0.035156
0 0.863281 0.044922 0.023438 0.035156
0 0.904297 0.013672 0.035156 0.019531
0 0.921875 0.050781 0.023438 0.031250
0 0.949219 0.019531 0.031250 0.031250
0 0.353516 0.156250 0.042969 0.031250
0 0.382812 0.128906 0.023438 0.031250
0 0.410156 0.162109 0.023438 0.027344
0 0.439453 0.128906 0.027344 0.031250
0 0.474609 0.152344 0.019531 0.023438
0 0.500000 0.132812 0.023438 0.039062
0 0.531250 0.158203 0.031250 0.035156
0 0.556641 0.134766 0.027344 0.035156
0 0.587891 0.171875 0.027344 0.039062
0 0.615234 0.134766 0.027344 0.042969
0 0.642578 0.171875 0.027344 0.031250
0 0.675781 0.140625 0.023438 0.031250
0 0.701172 0.179688 0.035156 0.046875
0 0.726562 0.138672 0.031250 0.035156
0 0.759766 0.179688 0.035156 0.031250
0 0.785156 0.144531 0.031250 0.031250
0 0.814453 0.183594 0.035156 0.039062
0 0.845703 0.152344 0.035156 0.031250
0 0.876953 0.181641 0.035156 0.035156
0 0.906250 0.154297 0.031250 0.035156
0 0.931641 0.193359 0.035156 0.035156
0 0.962891 0.160156 0.027344 0.031250
0 0.984375 0.199219 0.031250 0.039062
0 0.394531 0.474609 0.023438 0.027344
0 0.425781 0.472656 0.023438 0.031250
0 0.458984 0.476562 0.019531 0.031250
0 0.558594 0.400391 0.031250 0.027344
0 0.623047 0.414062 0.019531 0.023438
0 0.638672 0.412109 0.019531 0.027344
0 0.667969 0.400391 0.023438 0.019531
0 0.687500 0.419922 0.015625 0.027344
0 0.703125 0.396484 0.015625 0.019531
0 0.720703 0.421875 0.019531 0.023438
0 0.736328 0.398438 0.019531 0.023438
0 0.751953 0.419922 0.019531 0.019531
0 0.767578 0.394531 0.019531 0.023438
0 0.802734 0.400391 0.019531 0.019531
0 0.841797 0.398438 0.019531 0.023438
0 0.859375 0.421875 0.015625 0.023438
0 0.880859 0.402344 0.019531 0.023438
0 0.939453 0.423828 0.027344 0.019531
0 0.957031 0.404297 0.023438 0.019531
0 0.988281 0.404297 0.023438 0.019531
0 0.976562 0.427734 0.023438 0.019531
0 0.830078 0.486328 0.027344 0.027344
0 0.859375 0.486328 0.023438 0.027344
0 0.892578 0.488281 0.019531 0.023438
0 0.925781 0.492188 0.023438 0.023438
0 0.960938 0.492188 0.023438 0.023438
0 0.990234 0.490234 0.019531 0.027344
