4 0.796875 0.019531 0.066406 0.058594
4 0.875000 0.031250 0.074219 0.058594
4 0.708984 0.399414 0.074219 0.064453
4 0.784180 0.408203 0.068359 0.054688
4 0.873047 0.421875 0.062500 0.058594
4 0.943359 0.430664 0.062500 0.060547
4 0.935547 0.505859 0.066406 0.062500
4 0.870117 0.490234 0.064453 0.050781
4 0.776367 0.474609 0.068359 0.054688
4 0.701172 0.465820 0.078125 0.056641
4 0.682617 0.536133 0.076172 0.056641
4 0.751953 0.550781 0.050781 0.054688
4 0.851562 0.556641 0.066406 0.058594
4 0.930664 0.572266 0.068359 0.058594
1 0.311523 0.615234 0.029297 0.039062
