4 0.573242 0.019531 0.060547 0.058594
4 0.646484 0.033203 0.062500 0.058594
4 0.483398 0.398438 0.064453 0.058594
4 0.557617 0.410156 0.060547 0.058594
4 0.652344 0.422852 0.058594 0.060547
4 0.722656 0.433594 0.054688 0.058594
4 0.469727 0.465820 0.064453 0.060547
4 0.546875 0.478516 0.062500 0.058594
4 0.640625 0.493164 0.058594 0.060547
4 0.712891 0.503906 0.058594 0.054688
4 0.458984 0.535156 0.058594 0.062500
4 0.527344 0.546875 0.050781 0.062500
4 0.625977 0.560547 0.060547 0.062500
4 0.699219 0.573242 0.062500 0.056641
