2 0.119141 0.125000 0.074219 0.070312
2 0.373047 0.124023 0.070312 0.072266
2 0.622070 0.123047 0.068359 0.074219
2 0.872070 0.124023 0.060547 0.076172
2 0.117188 0.376953 0.070312 0.078125
2 0.376953 0.382812 0.050781 0.058594
2 0.623047 0.377930 0.054688 0.068359
2 0.875000 0.384766 0.046875 0.050781
2 0.119141 0.625977 0.054688 0.068359
2 0.371094 0.625977 0.046875 0.068359
2 0.626953 0.620117 0.062500 0.072266
2 0.876953 0.628906 0.066406 0.070312
2 0.120117 0.870117 0.072266 0.072266
2 0.375977 0.869141 0.064453 0.058594
2 0.622070 0.874023 0.076172 0.052734
2 0.871094 0.874023 0.078125 0.037109
