4 0.490234 0.742188 0.089844 0.078125
4 0.576172 0.720703 0.074219 0.082031
4 0.654297 0.691406 0.066406 0.085938
4 0.755859 0.675781 0.074219 0.070312
4 0.771484 0.773438 0.074219 0.070312
4 0.695312 0.789062 0.070312 0.070312
4 0.589844 0.812500 0.078125 0.070312
4 0.515625 0.833984 0.070312 0.074219
4 0.435547 0.843750 0.058594 0.054688
4 0.451172 0.974609 0.058594 0.050781
4 0.525391 0.923828 0.074219 0.074219
4 0.603516 0.898438 0.058594 0.070312
4 0.708984 0.880859 0.066406 0.066406
4 0.789062 0.861328 0.062500 0.066406
