1 0.072500 0.941250 0.015000 0.020000
1 0.030625 0.982500 0.013750 0.015000
1 0.129375 0.969375 0.018750 0.021250
1 0.008125 0.945625 0.013750 0.016250
1 0.076875 0.297500 0.021250 0.010000
1 0.035000 0.900625 0.015000 0.021250
1 0.011875 0.228125 0.023750 0.008750
1 0.031250 0.903750 0.012500 0.020000
1 0.032500 0.929375 0.015000 0.021250
1 0.053750 0.956875 0.012500 0.023750
1 0.548750 0.007500 0.022500 0.012500
1 0.167500 0.300625 0.030000 0.008750
1 0.003750 0.800625 0.007500 0.011250
1 0.300625 0.167500 0.033750 0.010000
1 0.012500 0.827500 0.020000 0.022500
1 0.008125 0.865000 0.013750 0.015000
1 0.094375 0.973125 0.011250 0.016250
1 0.686250 0.053125 0.017500 0.008750
1 0.035625 0.960000 0.016250 0.015000
1 0.102500 0.178125 0.022500 0.008750
1 0.102500 0.860000 0.020000 0.022500
1 0.011875 0.896875 0.011250 0.018750
1 0.038125 0.870000 0.016250 0.020000
1 0.107500 0.923750 0.015000 0.017500
1 0.069375 0.986875 0.013750 0.016250
1 0.146250 0.251875 0.032500 0.011250
1 0.408125 0.135000 0.028750 0.007500
1 0.068750 0.241875 0.030000 0.008750
1 0.242500 0.075625 0.025000 0.008750
1 0.078750 0.893750 0.020000 0.022500
1 0.031875 0.873750 0.018750 0.025000
