4 0.041016 0.978516 0.042969 0.042969
4 0.087891 0.993164 0.042969 0.013672
4 0.060547 0.923828 0.039062 0.058594
4 0.108398 0.948242 0.041016 0.056641
4 0.153320 0.972656 0.044922 0.054688
4 0.047852 0.790039 0.060547 0.072266
4 0.071289 0.709961 0.060547 0.072266
4 0.144531 0.738281 0.066406 0.066406
4 0.115234 0.821289 0.066406 0.072266
4 0.199219 0.773438 0.062500 0.070312
4 0.175781 0.852539 0.058594 0.068359
4 0.284180 0.813477 0.064453 0.072266
4 0.265625 0.894531 0.066406 0.066406
4 0.349609 0.846680 0.054688 0.068359
4 0.326172 0.927734 0.054688 0.066406
4 0.413086 0.876953 0.060547 0.074219
4 0.396484 0.958984 0.074219 0.078125
4 0.320312 0.730469 0.046875 0.062500
4 0.384766 0.758789 0.050781 0.056641
4 0.116211 0.558594 0.056641 0.066406
4 0.182617 0.586914 0.056641 0.068359
4 0.248047 0.619141 0.062500 0.066406
4 0.334961 0.659180 0.052734 0.068359
4 0.396484 0.689453 0.054688 0.070312
4 0.426758 0.606445 0.060547 0.072266
4 0.356445 0.576172 0.056641 0.070312
4 0.274414 0.538086 0.056641 0.072266
4 0.209961 0.503906 0.060547 0.074219
4 0.144531 0.478516 0.058594 0.070312
