4 0.058594 0.511719 0.109375 0.117188
4 0.146484 0.591797 0.097656 0.097656
4 0.089844 0.714844 0.109375 0.109375
4 0.238281 0.685547 0.101562 0.113281
4 0.175781 0.791016 0.085938 0.105469
4 0.332031 0.750000 0.085938 0.109375
4 0.261719 0.845703 0.093750 0.105469
4 0.099609 0.130859 0.121094 0.136719
4 0.050781 0.259766 0.093750 0.128906
4 0.208984 0.222656 0.136719 0.125000
4 0.140625 0.345703 0.109375 0.144531
4 0.318359 0.304688 0.113281 0.132812
4 0.244141 0.435547 0.105469 0.121094
1 0.886719 0.482422 0.226562 0.238281
