4 0.933594 0.802734 0.039062 0.035156
4 0.857422 0.804688 0.035156 0.031250
4 0.785156 0.806641 0.039062 0.035156
4 0.712891 0.808594 0.042969 0.031250
4 0.574219 0.814453 0.039062 0.035156
4 0.503906 0.814453 0.039062 0.027344
4 0.435547 0.812500 0.035156 0.031250
4 0.375000 0.814453 0.031250 0.035156
4 0.943359 0.859375 0.027344 0.031250
4 0.884766 0.863281 0.027344 0.023438
4 0.824219 0.867188 0.031250 0.023438
4 0.765625 0.861328 0.023438 0.019531
4 0.705078 0.867188 0.027344 0.023438
4 0.564453 0.867188 0.027344 0.023438
4 0.505859 0.871094 0.027344 0.023438
4 0.642578 0.871094 0.035156 0.023438
4 0.439453 0.869141 0.027344 0.027344
4 0.373047 0.871094 0.035156 0.023438
4 0.375000 0.919922 0.031250 0.027344
4 0.443359 0.919922 0.027344 0.019531
4 0.947266 0.908203 0.027344 0.019531
4 0.884766 0.906250 0.027344 0.023438
4 0.832031 0.908203 0.039062 0.019531
4 0.769531 0.910156 0.039062 0.023438
4 0.705078 0.910156 0.035156 0.023438
4 0.644531 0.912109 0.031250 0.035156
4 0.955078 0.949219 0.035156 0.023438
4 0.910156 0.953125 0.023438 0.023438
4 0.859375 0.953125 0.031250 0.023438
4 0.820312 0.953125 0.031250 0.023438
4 0.773438 0.953125 0.031250 0.023438
4 0.728516 0.953125 0.027344 0.023438
4 0.683594 0.955078 0.023438 0.027344
4 0.638672 0.957031 0.027344 0.023438
4 0.638672 0.986328 0.027344 0.019531
