2 0.128906 0.125977 0.105469 0.044922
2 0.373047 0.126953 0.097656 0.035156
2 0.617188 0.127930 0.085938 0.041016
2 0.865234 0.123047 0.089844 0.046875
2 0.111328 0.376953 0.097656 0.039062
2 0.365234 0.371094 0.101562 0.062500
2 0.622070 0.375000 0.091797 0.066406
2 0.875000 0.375977 0.082031 0.064453
2 0.123047 0.624023 0.085938 0.072266
2 0.372070 0.623047 0.087891 0.082031
2 0.619141 0.622070 0.078125 0.080078
2 0.870117 0.623047 0.076172 0.074219
2 0.122070 0.876953 0.068359 0.074219
2 0.373047 0.871094 0.074219 0.085938
2 0.624023 0.873047 0.064453 0.078125
2 0.876953 0.878906 0.046875 0.058594
