2 0.119141 0.122070 0.070312 0.068359
2 0.367188 0.125977 0.074219 0.060547
2 0.624023 0.124023 0.068359 0.068359
2 0.875000 0.123047 0.070312 0.078125
2 0.125977 0.375977 0.060547 0.072266
2 0.374023 0.386719 0.048828 0.054688
2 0.625000 0.383789 0.046875 0.056641
2 0.872070 0.384766 0.044922 0.058594
2 0.125000 0.626953 0.066406 0.085938
2 0.370117 0.633789 0.064453 0.072266
2 0.623047 0.632812 0.082031 0.085938
2 0.879883 0.626953 0.083984 0.078125
2 0.128906 0.876953 0.089844 0.070312
2 0.378906 0.877930 0.074219 0.052734
2 0.621094 0.880859 0.074219 0.042969
2 0.871094 0.877930 0.074219 0.037109
