0 0.105469 0.515625 0.023438 0.015625
0 0.134766 0.509766 0.019531 0.027344
0 0.164062 0.513672 0.023438 0.027344
0 0.195312 0.513672 0.023438 0.027344
0 0.226562 0.519531 0.031250 0.031250
0 0.275391 0.521484 0.027344 0.035156
0 0.365234 0.525391 0.027344 0.027344
0 0.417969 0.527344 0.031250 0.031250
0 0.474609 0.531250 0.027344 0.031250
0 0.164062 0.638672 0.023438 0.035156
0 0.222656 0.646484 0.031250 0.035156
0 0.283203 0.646484 0.027344 0.042969
0 0.333984 0.648438 0.027344 0.031250
0 0.400391 0.652344 0.027344 0.031250
0 0.453125 0.654297 0.023438 0.027344
0 0.509766 0.652344 0.027344 0.031250
0 0.568359 0.658203 0.027344 0.027344
0 0.015625 0.777344 0.023438 0.039062
0 0.041016 0.742188 0.027344 0.031250
0 0.066406 0.775391 0.031250 0.035156
0 0.103516 0.746094 0.019531 0.031250
0 0.130859 0.781250 0.027344 0.039062
0 0.160156 0.748047 0.031250 0.035156
0 0.187500 0.785156 0.023438 0.031250
0 0.214844 0.753906 0.031250 0.031250
0 0.250000 0.785156 0.031250 0.031250
0 0.285156 0.751953 0.023438 0.035156
0 0.312500 0.777344 0.023438 0.031250
0 0.339844 0.750000 0.031250 0.031250
0 0.373047 0.789062 0.027344 0.031250
0 0.417969 0.794922 0.039062 0.035156
0 0.457031 0.755859 0.023438 0.035156
0 0.488281 0.794922 0.023438 0.035156
0 0.529297 0.757812 0.035156 0.031250
0 0.546875 0.800781 0.023438 0.031250
0 0.574219 0.767578 0.031250 0.035156
0 0.011719 0.878906 0.015625 0.031250
0 0.035156 0.912109 0.023438 0.027344
0 0.064453 0.878906 0.027344 0.031250
0 0.099609 0.902344 0.019531 0.023438
0 0.125000 0.882812 0.023438 0.039062
0 0.156250 0.908203 0.031250 0.035156
0 0.181641 0.884766 0.027344 0.035156
0 0.212891 0.921875 0.027344 0.039062
0 0.240234 0.884766 0.027344 0.042969
0 0.267578 0.921875 0.027344 0.031250
0 0.300781 0.890625 0.023438 0.031250
0 0.326172 0.929688 0.035156 0.046875
0 0.351562 0.888672 0.031250 0.035156
0 0.384766 0.929688 0.035156 0.031250
0 0.410156 0.894531 0.031250 0.031250
0 0.439453 0.933594 0.035156 0.039062
0 0.470703 0.902344 0.035156 0.031250
0 0.501953 0.931641 0.035156 0.035156
0 0.531250 0.904297 0.031250 0.035156
0 0.556641 0.943359 0.035156 0.035156
0 0.587891 0.910156 0.027344 0.031250
0 0.611328 0.949219 0.035156 0.039062
