4 0.739258 0.689453 0.056641 0.050781
4 0.702148 0.647461 0.056641 0.052734
4 0.665039 0.610352 0.056641 0.044922
4 0.628906 0.575195 0.062500 0.044922
4 0.585938 0.538086 0.062500 0.048828
4 0.550781 0.500000 0.058594 0.054688
4 0.508789 0.468750 0.056641 0.046875
4 0.824219 0.692383 0.062500 0.052734
4 0.784180 0.650391 0.068359 0.050781
4 0.748047 0.614258 0.050781 0.048828
4 0.706055 0.578125 0.056641 0.050781
4 0.667969 0.543945 0.058594 0.052734
4 0.627930 0.505859 0.068359 0.054688
4 0.588867 0.474609 0.060547 0.046875
4 0.554688 0.435547 0.062500 0.046875
4 0.464844 0.499023 0.078125 0.052734
4 0.450195 0.449219 0.072266 0.054688
4 0.399414 0.507812 0.064453 0.046875
4 0.387695 0.456055 0.072266 0.056641
4 0.240234 0.602539 0.066406 0.044922
4 0.288086 0.572266 0.064453 0.042969
4 0.279297 0.526367 0.066406 0.044922
4 0.230469 0.558594 0.066406 0.046875
4 0.219727 0.511719 0.064453 0.046875
4 0.920898 0.679688 0.056641 0.050781
4 0.961914 0.658203 0.064453 0.050781
4 0.920898 0.616211 0.068359 0.048828
4 0.878906 0.646484 0.058594 0.050781
4 0.844727 0.613281 0.060547 0.050781
4 0.884766 0.581055 0.066406 0.052734
4 0.844727 0.548828 0.072266 0.054688
4 0.794922 0.572266 0.070312 0.058594
4 0.764648 0.538086 0.060547 0.060547
4 0.806641 0.507812 0.066406 0.054688
4 0.770508 0.473633 0.072266 0.060547
4 0.726562 0.504883 0.070312 0.052734
4 0.730469 0.437500 0.074219 0.054688
4 0.687500 0.465820 0.070312 0.048828
4 0.650391 0.428711 0.070312 0.052734
4 0.693359 0.399414 0.066406 0.048828
4 0.613281 0.399414 0.062500 0.048828
4 0.647461 0.367188 0.060547 0.050781
4 0.962891 0.270508 0.062500 0.048828
4 0.947266 0.211914 0.066406 0.060547
4 0.115234 0.754883 0.054688 0.048828
4 0.107422 0.805664 0.058594 0.044922
4 0.106445 0.852539 0.056641 0.044922
4 0.057617 0.754883 0.056641 0.048828
4 0.052734 0.798828 0.046875 0.042969
4 0.050781 0.843750 0.054688 0.050781
4 0.048828 0.425781 0.042969 0.050781
4 0.133789 0.406250 0.044922 0.042969
4 0.115234 0.327148 0.050781 0.033203
4 0.127930 0.361328 0.037109 0.035156
4 0.020508 0.339844 0.052734 0.042969
4 0.063477 0.337891 0.041016 0.042969
1 0.211914 0.133789 0.201172 0.068359
