0 0.486607 0.024554 0.089286 0.049107
0 0.569196 0.066964 0.075893 0.053571
0 0.801339 0.024554 0.066964 0.049107
0 0.861607 0.066964 0.080357 0.062500
0 0.803571 0.149554 0.071429 0.075893
0 0.877232 0.203125 0.075893 0.066964
0 0.805804 0.258929 0.075893 0.071429
0 0.875000 0.330357 0.080357 0.071429
0 0.816964 0.381696 0.071429 0.058036
0 0.875000 0.455357 0.071429 0.062500
0 0.814732 0.515625 0.084821 0.066964
0 0.877232 0.580357 0.058036 0.062500
0 0.812500 0.640625 0.071429 0.058036
0 0.881696 0.712054 0.075893 0.066964
0 0.816964 0.779018 0.071429 0.066964
0 0.881696 0.834821 0.075893 0.062500
0 0.566964 0.716518 0.089286 0.066964
0 0.566964 0.843750 0.080357 0.071429
0 0.573661 0.962054 0.075893 0.075893
0 0.810268 0.901786 0.075893 0.062500
0 0.879464 0.962054 0.071429 0.066964
