4 0.210938 0.279297 0.039062 0.035156
4 0.138672 0.277344 0.035156 0.039062
4 0.091797 0.275391 0.035156 0.035156
4 0.257812 0.660156 0.031250 0.031250
4 0.257812 0.691406 0.031250 0.023438
4 0.205078 0.691406 0.035156 0.031250
4 0.160156 0.691406 0.031250 0.031250
4 0.105469 0.691406 0.031250 0.031250
4 0.134766 0.734375 0.019531 0.023438
4 0.162109 0.732422 0.019531 0.019531
4 0.203125 0.730469 0.023438 0.023438
4 0.224609 0.726562 0.019531 0.023438
4 0.134766 0.757812 0.019531 0.023438
4 0.162109 0.753906 0.019531 0.023438
4 0.197266 0.750000 0.019531 0.023438
4 0.224609 0.750000 0.019531 0.023438
4 0.109375 0.750000 0.023438 0.023438
4 0.380859 0.957031 0.027344 0.031250
