2 0.050781 0.551758 0.101562 0.052734
2 0.044922 0.731445 0.089844 0.052734
2 0.187500 0.731445 0.117188 0.044922
2 0.191406 0.671875 0.136719 0.046875
2 0.178711 0.616211 0.091797 0.041016
2 0.192383 0.547852 0.119141 0.052734
2 0.161133 0.490234 0.115234 0.054688
2 0.166016 0.438477 0.117188 0.044922
2 0.170898 0.377930 0.115234 0.044922
2 0.146484 0.312500 0.093750 0.050781
2 0.175781 0.253906 0.109375 0.046875
2 0.053711 0.974609 0.107422 0.046875
2 0.051758 0.916992 0.103516 0.052734
2 0.614258 0.518555 0.064453 0.130859
2 0.837891 0.500000 0.050781 0.109375
2 0.900391 0.519531 0.066406 0.132812
2 0.974609 0.533203 0.046875 0.070312
2 0.720703 0.518555 0.062500 0.142578
