0 0.080357 0.051339 0.062500 0.075893
0 0.174107 0.053571 0.071429 0.071429
0 0.276786 0.051339 0.071429 0.075893
0 0.375000 0.049107 0.062500 0.071429
0 0.491071 0.046875 0.080357 0.084821
0 0.582589 0.042411 0.066964 0.075893
0 0.687500 0.044643 0.071429 0.080357
0 0.776786 0.033482 0.062500 0.084821
0 0.875000 0.037946 0.062500 0.084821
0 0.984375 0.040179 0.066964 0.089286
0 0.975446 0.236607 0.084821 0.089286
0 0.888393 0.234375 0.071429 0.084821
0 0.792411 0.236607 0.075893 0.080357
0 0.678571 0.229911 0.062500 0.075893
0 0.522321 0.303571 0.071429 0.071429
0 0.477679 0.236607 0.062500 0.080357
0 0.433036 0.303571 0.071429 0.071429
0 0.332589 0.310268 0.066964 0.066964
0 0.279018 0.247768 0.066964 0.084821
0 0.225446 0.305804 0.075893 0.075893
0 0.178571 0.241071 0.062500 0.080357
0 0.129464 0.308036 0.062500 0.080357
0 0.075893 0.243304 0.071429 0.084821
0 0.037946 0.316964 0.075893 0.080357
0 0.270089 0.522321 0.075893 0.089286
0 0.582589 0.517857 0.075893 0.080357
0 0.787946 0.504464 0.075893 0.098214
0 0.908482 0.513393 0.075893 0.089286
0 0.839286 0.727679 0.062500 0.089286
0 0.765625 0.725446 0.049107 0.093750
0 0.685268 0.732143 0.049107 0.089286
0 0.511161 0.732143 0.058036 0.089286
0 0.426339 0.734375 0.049107 0.084821
0 0.350446 0.741071 0.058036 0.089286
0 0.270089 0.741071 0.049107 0.080357
0 0.180804 0.741071 0.049107 0.098214
0 0.093750 0.741071 0.044643 0.098214
0 0.020089 0.745536 0.049107 0.098214
0 0.004464 0.977679 0.035714 0.071429
0 0.075893 0.979911 0.044643 0.075893
0 0.142857 0.977679 0.035714 0.071429
0 0.203125 0.975446 0.049107 0.066964
0 0.267857 0.973214 0.044643 0.071429
0 0.341518 0.970982 0.031250 0.066964
0 0.415179 0.970982 0.053571 0.075893
0 0.477679 0.970982 0.035714 0.066964
0 0.544643 0.968750 0.044643 0.062500
0 0.609375 0.968750 0.040179 0.071429
0 0.669643 0.964286 0.044643 0.062500
0 0.747768 0.964286 0.040179 0.062500
0 0.819196 0.964286 0.049107 0.062500
0 0.883929 0.964286 0.044643 0.062500
0 0.941964 0.957589 0.035714 0.058036
