4 0.374023 0.477539 0.060547 0.068359
4 0.347656 0.559570 0.062500 0.064453
4 0.440430 0.505859 0.056641 0.070312
4 0.416016 0.591797 0.058594 0.070312
4 0.504883 0.535156 0.056641 0.070312
4 0.480469 0.621094 0.050781 0.062500
4 0.587891 0.576172 0.058594 0.070312
4 0.562500 0.656250 0.054688 0.062500
4 0.659180 0.605469 0.056641 0.074219
4 0.631836 0.692383 0.052734 0.064453
4 0.545898 0.730469 0.052734 0.058594
4 0.612305 0.762695 0.052734 0.060547
4 0.305664 0.708008 0.052734 0.076172
4 0.374023 0.741211 0.056641 0.076172
4 0.433594 0.773438 0.050781 0.062500
4 0.511719 0.816406 0.062500 0.082031
4 0.579102 0.850586 0.056641 0.072266
4 0.645508 0.876953 0.060547 0.082031
4 0.279297 0.788086 0.050781 0.080078
4 0.345703 0.822266 0.058594 0.082031
4 0.406250 0.856445 0.054688 0.064453
4 0.492188 0.895508 0.062500 0.064453
4 0.561523 0.930664 0.056641 0.072266
4 0.629883 0.958984 0.056641 0.066406
