4 0.716797 0.964844 0.113281 0.070312
4 0.642578 0.908203 0.113281 0.089844
4 0.570312 0.837891 0.125000 0.089844
4 0.484375 0.763672 0.125000 0.097656
4 0.414062 0.687500 0.117188 0.109375
4 0.330078 0.625000 0.113281 0.093750
4 0.880859 0.968750 0.136719 0.062500
4 0.808594 0.916016 0.101562 0.097656
4 0.724609 0.843750 0.113281 0.101562
4 0.648438 0.775391 0.117188 0.105469
4 0.568359 0.699219 0.136719 0.109375
4 0.490234 0.636719 0.121094 0.093750
4 0.421875 0.558594 0.125000 0.093750
4 0.242188 0.685547 0.156250 0.105469
4 0.212891 0.585938 0.144531 0.109375
4 0.111328 0.703125 0.128906 0.093750
4 0.087891 0.599609 0.144531 0.113281
4 0.902344 0.832031 0.140625 0.117188
4 0.841797 0.763672 0.121094 0.121094
4 0.925781 0.703125 0.132812 0.109375
4 0.853516 0.634766 0.144531 0.121094
4 0.765625 0.697266 0.140625 0.105469
4 0.773438 0.562500 0.148438 0.109375
4 0.687500 0.619141 0.140625 0.097656
4 0.613281 0.544922 0.140625 0.105469
4 0.699219 0.486328 0.132812 0.097656
4 0.539062 0.486328 0.125000 0.097656
4 0.607422 0.421875 0.121094 0.101562
