0 0.107143 0.051339 0.125000 0.138393
0 0.328125 0.042411 0.111607 0.156250
0 0.553571 0.053571 0.160714 0.133929
0 0.986607 0.060268 0.142857 0.147321
0 0.116071 0.591518 0.160714 0.138393
0 0.218750 0.457589 0.151786 0.147321
0 0.337054 0.584821 0.138393 0.142857
0 0.435268 0.446429 0.156250 0.151786
0 0.544643 0.582589 0.125000 0.147321
0 0.665179 0.450893 0.151786 0.160714
0 0.877232 0.446429 0.129464 0.142857
0 0.984375 0.589286 0.120536 0.142857
0 0.214286 0.997768 0.125000 0.156250
0 0.437500 0.977679 0.125000 0.151786
0 0.656250 0.977679 0.133929 0.142857
0 0.888393 0.982143 0.142857 0.151786
