2 0.115234 0.132812 0.085938 0.039062
2 0.370117 0.128906 0.080078 0.050781
2 0.621094 0.123047 0.085938 0.070312
2 0.865234 0.128906 0.062500 0.058594
2 0.126953 0.378906 0.062500 0.058594
2 0.375000 0.375000 0.070312 0.070312
2 0.621094 0.377930 0.074219 0.076172
2 0.875977 0.380859 0.060547 0.062500
2 0.125977 0.628906 0.052734 0.062500
2 0.373047 0.621094 0.054688 0.078125
2 0.621094 0.621094 0.046875 0.074219
2 0.876953 0.629883 0.046875 0.056641
2 0.120117 0.885742 0.041016 0.048828
2 0.370117 0.880859 0.044922 0.058594
2 0.619141 0.886719 0.042969 0.046875
2 0.874023 0.873047 0.048828 0.062500
