4 0.259766 0.882812 0.089844 0.109375
4 0.376953 0.892578 0.097656 0.121094
4 0.480469 0.906250 0.093750 0.117188
4 0.564453 0.822266 0.089844 0.105469
4 0.289062 0.753906 0.085938 0.101562
4 0.398438 0.767578 0.085938 0.113281
4 0.341797 0.498047 0.105469 0.128906
4 0.447266 0.583984 0.089844 0.128906
4 0.539062 0.476562 0.101562 0.125000
4 0.691406 0.505859 0.093750 0.113281
4 0.796875 0.486328 0.093750 0.105469
4 0.892578 0.468750 0.082031 0.101562
4 0.951172 0.607422 0.089844 0.089844
4 0.964844 0.718750 0.070312 0.101562
4 0.492188 0.179688 0.078125 0.093750
4 0.486328 0.300781 0.089844 0.101562
4 0.595703 0.187500 0.089844 0.109375
4 0.591797 0.312500 0.105469 0.109375
4 0.742188 0.197266 0.085938 0.097656
4 0.761719 0.316406 0.093750 0.101562
4 0.851562 0.179688 0.101562 0.109375
4 0.865234 0.296875 0.097656 0.101562
