0 0.020089 0.761161 0.040179 0.075893
0 0.020089 0.845982 0.040179 0.075893
0 0.022321 0.933036 0.044643 0.062500
0 0.162946 0.542411 0.058036 0.066964
0 0.209821 0.497768 0.053571 0.066964
0 0.214286 0.573661 0.062500 0.058036
0 0.167411 0.620536 0.058036 0.053571
0 0.216518 0.656250 0.058036 0.053571
0 0.165179 0.689732 0.053571 0.049107
0 0.212054 0.727679 0.066964 0.053571
0 0.162946 0.774554 0.058036 0.058036
0 0.212054 0.812500 0.058036 0.053571
0 0.167411 0.854911 0.058036 0.049107
0 0.214286 0.881696 0.053571 0.049107
0 0.167411 0.926339 0.058036 0.058036
0 0.216518 0.959821 0.058036 0.071429
0 0.479911 0.473214 0.093750 0.071429
0 0.553571 0.522321 0.080357 0.089286
0 0.479911 0.573661 0.084821 0.058036
0 0.555804 0.622768 0.075893 0.075893
0 0.477679 0.676339 0.080357 0.058036
0 0.551339 0.723214 0.075893 0.071429
0 0.477679 0.772321 0.089286 0.062500
0 0.542411 0.819196 0.075893 0.075893
0 0.477679 0.877232 0.080357 0.058036
0 0.546875 0.928571 0.084821 0.071429
0 0.477679 0.970982 0.080357 0.058036
0 0.805804 0.426339 0.075893 0.075893
0 0.736607 0.477679 0.080357 0.071429
0 0.736607 0.582589 0.080357 0.066964
0 0.801339 0.627232 0.075893 0.084821
0 0.729911 0.680804 0.075893 0.058036
0 0.801339 0.725446 0.075893 0.066964
0 0.727679 0.781250 0.089286 0.062500
0 0.805804 0.837054 0.066964 0.066964
0 0.723214 0.881696 0.098214 0.066964
0 0.801339 0.926339 0.075893 0.066964
0 0.723214 0.968750 0.089286 0.062500
0 0.979911 0.323661 0.040179 0.058036
0 0.975446 0.535714 0.049107 0.062500
0 0.975446 0.620536 0.049107 0.053571
0 0.970982 0.727679 0.058036 0.053571
0 0.975446 0.832589 0.049107 0.075893
0 0.973214 0.930804 0.053571 0.058036
