1 0.928500 0.884500 0.141000 0.069000
1 0.665500 0.898000 0.163000 0.058000
1 0.381500 0.704500 0.165000 0.071000
1 0.242500 0.931500 0.161000 0.095000
1 0.156500 0.553000 0.165000 0.072000
1 0.633500 0.558000 0.183000 0.054000
1 0.947000 0.628000 0.104000 0.046000
1 0.952000 0.417500 0.094000 0.063000
1 0.745000 0.391500 0.154000 0.071000
1 0.616000 0.301000 0.156000 0.080000
1 0.858500 0.141000 0.123000 0.058000
1 0.331500 0.336500 0.131000 0.071000
1 0.045500 0.447500 0.089000 0.041000
1 0.058000 0.164500 0.114000 0.055000
1 0.329500 0.163000 0.163000 0.072000
