1 0.536250 0.679375 0.020000 0.008750
1 0.711250 0.516250 0.022500 0.015000
1 0.608750 0.665000 0.027500 0.015000
1 0.788750 0.501250 0.020000 0.012500
1 0.563750 0.478750 0.025000 0.015000
1 0.509375 0.590000 0.023750 0.010000
1 0.599375 0.501250 0.023750 0.015000
1 0.699375 0.429375 0.021250 0.013750
1 0.607500 0.671875 0.017500 0.013750
1 0.870000 0.378125 0.017500 0.008750
1 0.673750 0.669375 0.022500 0.008750
1 0.870000 0.383750 0.012500 0.007500
1 0.827500 0.527500 0.007500 0.010000
1 0.875000 0.630625 0.025000 0.016250
1 0.656875 0.564375 0.018750 0.008750
1 0.868750 0.666250 0.025000 0.022500
1 0.968125 0.551875 0.028750 0.013750
1 0.457500 0.538750 0.027500 0.012500
1 0.921875 0.698750 0.011250 0.007500
1 0.453750 0.965000 0.020000 0.017500
1 0.312500 0.523750 0.017500 0.010000
1 0.583750 0.731250 0.027500 0.010000
1 0.678125 0.605625 0.013750 0.006250
1 0.770625 0.761250 0.011250 0.007500
1 0.920625 0.709375 0.013750 0.008750
1 0.498125 0.994375 0.016250 0.011250
1 0.973750 0.730625 0.012500 0.011250
1 0.335625 0.655000 0.011250 0.005000
1 0.645000 0.490000 0.025000 0.015000
1 0.710000 0.230625 0.012500 0.011250
1 0.568125 0.540000 0.021250 0.012500
1 0.761875 0.448125 0.026250 0.013750
1 0.672500 0.674375 0.015000 0.006250
1 0.930000 0.399375 0.025000 0.011250
1 0.646250 0.532500 0.012500 0.010000
1 0.926250 0.406875 0.015000 0.008750
1 0.534375 0.558125 0.016250 0.013750
1 0.476250 0.710000 0.030000 0.015000
1 0.581875 0.558125 0.023750 0.011250
1 0.475625 0.718750 0.021250 0.012500
1 0.651875 0.535625 0.011250 0.013750
1 0.883125 0.458750 0.023750 0.015000
1 0.353125 0.331875 0.016250 0.016250
1 0.879375 0.524375 0.018750 0.008750
1 0.699375 0.624375 0.013750 0.006250
1 0.860000 0.759375 0.027500 0.018750
1 0.772500 0.583125 0.035000 0.018750
1 0.402500 0.554375 0.025000 0.013750
1 0.167500 0.726250 0.015000 0.020000
1 0.453750 0.590000 0.022500 0.012500
1 0.380000 0.892500 0.025000 0.017500
1 0.331250 0.627500 0.017500 0.010000
1 0.761250 0.632500 0.025000 0.015000
1 0.805000 0.831250 0.025000 0.025000
1 0.788125 0.671875 0.028750 0.013750
1 0.971875 0.432500 0.016250 0.010000
1 0.409375 0.925000 0.021250 0.020000
1 0.493750 0.645625 0.027500 0.013750
1 0.463750 0.941875 0.017500 0.016250
1 0.688125 0.053750 0.068750 0.030000
1 0.531250 0.610625 0.027500 0.013750
1 0.588125 0.595000 0.026250 0.015000
