4 0.814453 0.379883 0.070312 0.056641
4 0.886719 0.391602 0.062500 0.056641
4 0.721680 0.437500 0.064453 0.054688
4 0.796875 0.449219 0.066406 0.058594
4 0.875000 0.460938 0.074219 0.058594
4 0.708984 0.829102 0.074219 0.064453
4 0.784180 0.837891 0.068359 0.054688
4 0.873047 0.851562 0.062500 0.058594
4 0.943359 0.860352 0.062500 0.060547
4 0.935547 0.935547 0.066406 0.062500
4 0.870117 0.919922 0.064453 0.050781
4 0.776367 0.904297 0.068359 0.054688
4 0.701172 0.895508 0.078125 0.056641
4 0.682617 0.965820 0.076172 0.056641
4 0.751953 0.976562 0.050781 0.046875
4 0.851562 0.978516 0.066406 0.042969
4 0.930664 0.986328 0.068359 0.027344
