1 0.697266 0.539062 0.121094 0.085938
1 0.890625 0.513672 0.078125 0.066406
1 0.626953 0.660156 0.066406 0.046875
1 0.691406 0.603516 0.046875 0.050781
1 0.480469 0.857422 0.117188 0.105469
1 0.324219 0.955078 0.078125 0.066406
1 0.208984 0.906250 0.058594 0.039062
1 0.822266 0.580078 0.082031 0.066406
1 0.615234 0.724609 0.066406 0.058594
1 0.708984 0.722656 0.058594 0.046875
1 0.384766 0.841797 0.050781 0.050781
1 0.437500 0.802734 0.039062 0.042969
1 0.222656 0.162109 0.437500 0.316406
1 0.279297 0.845703 0.050781 0.066406
1 0.757812 0.650391 0.054688 0.066406
