1 0.097656 0.445312 0.109375 0.109375
1 0.273438 0.556641 0.140625 0.082031
1 0.408203 0.521484 0.105469 0.089844
1 0.261719 0.134766 0.093750 0.105469
1 0.371094 0.257812 0.093750 0.070312
1 0.505859 0.724609 0.121094 0.082031
1 0.664062 0.134766 0.093750 0.097656
1 0.673828 0.371094 0.113281 0.101562
1 0.605469 0.515625 0.109375 0.078125
1 0.822266 0.414062 0.082031 0.070312
1 0.833984 0.597656 0.089844 0.078125
1 0.677734 0.753906 0.089844 0.070312
1 0.896484 0.892578 0.089844 0.089844
1 0.894531 0.162109 0.093750 0.074219
1 0.945312 0.296875 0.085938 0.070312
1 0.933594 0.039062 0.085938 0.070312
