4 0.250977 0.653320 0.044922 0.052734
4 0.265625 0.588867 0.050781 0.056641
4 0.279297 0.509766 0.070312 0.070312
4 0.301758 0.426758 0.068359 0.072266
4 0.239258 0.378906 0.064453 0.062500
4 0.250000 0.291016 0.058594 0.070312
4 0.313477 0.345703 0.064453 0.066406
4 0.181641 0.062500 0.062500 0.070312
4 0.236328 0.101562 0.058594 0.062500
4 0.268555 0.037109 0.060547 0.058594
4 0.315430 0.077148 0.048828 0.048828
4 0.287109 0.138672 0.054688 0.054688
4 0.361328 0.124023 0.050781 0.056641
4 0.330078 0.176758 0.042969 0.052734
4 0.408203 0.156250 0.042969 0.054688
4 0.373047 0.204102 0.046875 0.052734
1 0.918945 0.415039 0.033203 0.044922
