2 0.124023 0.133789 0.068359 0.072266
2 0.370117 0.134766 0.056641 0.066406
2 0.618164 0.134766 0.041016 0.050781
2 0.868164 0.132812 0.048828 0.058594
2 0.121094 0.385742 0.050781 0.064453
2 0.371094 0.375977 0.082031 0.083984
2 0.621094 0.375977 0.078125 0.083984
2 0.871094 0.374023 0.074219 0.076172
2 0.119141 0.625977 0.085938 0.083984
2 0.368164 0.623047 0.087891 0.085938
2 0.617188 0.625977 0.085938 0.060547
2 0.873047 0.621094 0.062500 0.058594
2 0.124023 0.881836 0.072266 0.056641
2 0.375977 0.882812 0.076172 0.054688
2 0.614258 0.874023 0.083984 0.048828
2 0.865234 0.874023 0.085938 0.041016
