4 0.080078 0.466797 0.113281 0.113281
4 0.121094 0.328125 0.140625 0.117188
4 0.128906 0.193359 0.109375 0.105469
4 0.222656 0.833984 0.093750 0.097656
4 0.332031 0.853516 0.093750 0.089844
4 0.437500 0.869141 0.085938 0.089844
4 0.548828 0.882812 0.105469 0.085938
4 0.677734 0.953125 0.113281 0.093750
4 0.798828 0.908203 0.121094 0.105469
4 0.207031 0.607422 0.093750 0.097656
4 0.320312 0.623047 0.101562 0.082031
4 0.197266 0.708984 0.097656 0.089844
4 0.304688 0.716797 0.101562 0.089844
4 0.933594 0.507812 0.132812 0.117188
4 0.869141 0.640625 0.144531 0.109375
4 0.748047 0.679688 0.121094 0.093750
4 0.906250 0.785156 0.109375 0.101562
4 0.867188 0.083984 0.117188 0.121094
