4 0.525391 0.813477 0.050781 0.048828
4 0.515625 0.752930 0.039062 0.044922
4 0.514648 0.693359 0.048828 0.046875
4 0.513672 0.638672 0.042969 0.039062
4 0.594727 0.768555 0.072266 0.068359
4 0.666992 0.755859 0.064453 0.070312
4 0.750000 0.734375 0.066406 0.066406
4 0.822266 0.721680 0.054688 0.068359
4 0.584961 0.686523 0.060547 0.072266
4 0.654297 0.671875 0.062500 0.062500
4 0.737305 0.651367 0.064453 0.068359
4 0.810547 0.636719 0.054688 0.066406
4 0.571289 0.601562 0.060547 0.066406
4 0.641602 0.587891 0.060547 0.070312
4 0.725586 0.567383 0.052734 0.068359
4 0.795898 0.553711 0.056641 0.076172
