4 0.402344 0.130859 0.039062 0.027344
4 0.335938 0.134766 0.031250 0.035156
4 0.273438 0.134766 0.039062 0.027344
4 0.404297 0.179688 0.035156 0.031250
4 0.337891 0.181641 0.035156 0.027344
4 0.275391 0.181641 0.035156 0.027344
4 0.210938 0.179688 0.031250 0.031250
4 0.275391 0.226562 0.035156 0.031250
4 0.216797 0.226562 0.035156 0.031250
4 0.111328 0.171875 0.035156 0.031250
4 0.048828 0.171875 0.035156 0.023438
4 0.083984 0.193359 0.035156 0.027344
4 0.113281 0.210938 0.023438 0.023438
4 0.052734 0.210938 0.027344 0.015625
4 0.083984 0.230469 0.035156 0.023438
4 0.117188 0.240234 0.023438 0.027344
4 0.050781 0.238281 0.023438 0.023438
