1 0.550000 0.673125 0.047500 0.026250
1 0.637500 0.860000 0.025000 0.017500
1 0.600000 0.742500 0.040000 0.015000
1 0.651250 0.892500 0.027500 0.017500
1 0.686250 0.175000 0.030000 0.020000
1 0.070000 0.891250 0.035000 0.025000
1 0.633125 0.721875 0.038750 0.016250
1 0.632500 0.779375 0.035000 0.013750
1 0.858125 0.803125 0.026250 0.018750
1 0.786875 0.824375 0.018750 0.013750
1 0.750625 0.072500 0.018750 0.022500
1 0.846250 0.008125 0.030000 0.016250
1 0.803125 0.716250 0.023750 0.017500
1 0.755625 0.761250 0.013750 0.020000
1 0.761250 0.449375 0.057500 0.023750
1 0.598125 0.057500 0.018750 0.030000
1 0.432500 0.166875 0.067500 0.058750
1 0.016875 0.845625 0.033750 0.026250
1 0.665000 0.799375 0.027500 0.011250
1 0.690000 0.773750 0.030000 0.010000
1 0.196250 0.698750 0.047500 0.032500
1 0.264375 0.730000 0.043750 0.027500
1 0.716875 0.720625 0.038750 0.013750
1 0.843125 0.746875 0.018750 0.013750
1 0.858750 0.366875 0.050000 0.026250
1 0.600000 0.316250 0.030000 0.012500
1 0.701250 0.286250 0.030000 0.017500
1 0.911875 0.144375 0.033750 0.021250
1 0.817500 0.207500 0.020000 0.025000
