2 0.121094 0.115234 0.046875 0.070312
2 0.375000 0.124023 0.042969 0.056641
2 0.621094 0.121094 0.050781 0.066406
2 0.870117 0.117188 0.060547 0.074219
2 0.120117 0.365234 0.044922 0.070312
2 0.369141 0.369141 0.062500 0.078125
2 0.624023 0.367188 0.068359 0.082031
2 0.869141 0.369141 0.058594 0.070312
2 0.119141 0.618164 0.070312 0.072266
2 0.368164 0.618164 0.072266 0.072266
2 0.619141 0.621094 0.070312 0.074219
2 0.869141 0.618164 0.070312 0.064453
2 0.117188 0.866211 0.074219 0.064453
2 0.371094 0.868164 0.074219 0.056641
2 0.623047 0.863281 0.085938 0.066406
2 0.866211 0.869141 0.072266 0.050781
