2 0.388672 0.409180 0.125000 0.142578
2 0.445312 0.455078 0.109375 0.125000
2 0.500000 0.500977 0.121094 0.146484
2 0.550781 0.541016 0.117188 0.152344
2 0.294922 0.557617 0.078125 0.130859
2 0.374023 0.693359 0.134766 0.152344
2 0.439453 0.748047 0.136719 0.156250
2 0.505859 0.803711 0.132812 0.150391
2 0.694336 0.684570 0.134766 0.146484
2 0.745117 0.731445 0.126953 0.142578
2 0.813477 0.778320 0.111328 0.126953
2 0.213867 0.732422 0.134766 0.117188
2 0.227539 0.873047 0.150391 0.128906
2 0.208008 0.945312 0.146484 0.105469
