0 0.078125 0.953125 0.058036 0.075893
0 0.062500 0.571429 0.080357 0.071429
0 0.129464 0.500000 0.071429 0.071429
0 0.189732 0.566964 0.066964 0.080357
0 0.252232 0.497768 0.075893 0.075893
0 0.316964 0.571429 0.062500 0.080357
0 0.383929 0.497768 0.071429 0.075893
0 0.453125 0.571429 0.066964 0.071429
0 0.506696 0.493304 0.049107 0.084821
0 0.571429 0.571429 0.071429 0.071429
0 0.640625 0.502232 0.058036 0.075893
0 0.698661 0.571429 0.075893 0.080357
0 0.756696 0.488839 0.058036 0.075893
0 0.816964 0.566964 0.080357 0.071429
0 0.886161 0.491071 0.049107 0.080357
0 0.941964 0.566964 0.071429 0.071429
0 0.372768 0.810268 0.066964 0.066964
0 0.446429 0.883929 0.071429 0.071429
0 0.511161 0.805804 0.058036 0.084821
0 0.569196 0.875000 0.075893 0.071429
0 0.631696 0.810268 0.066964 0.066964
0 0.703125 0.881696 0.066964 0.066964
0 0.767857 0.810268 0.062500 0.075893
0 0.823661 0.877232 0.058036 0.084821
0 0.886161 0.808036 0.066964 0.062500
0 0.962054 0.881696 0.058036 0.075893
