1 0.599609 0.226562 0.160156 0.179688
1 0.525391 0.062500 0.136719 0.117188
4 0.744141 0.187500 0.089844 0.078125
4 0.789062 0.248047 0.093750 0.074219
4 0.839844 0.308594 0.109375 0.085938
4 0.890625 0.384766 0.101562 0.097656
4 0.927734 0.187500 0.136719 0.093750
4 0.890625 0.117188 0.132812 0.085938
4 0.964844 0.445312 0.070312 0.070312
4 0.824219 0.033203 0.093750 0.058594
4 0.685547 0.095703 0.097656 0.089844
4 0.748047 0.064453 0.105469 0.082031
4 0.964844 0.306641 0.070312 0.082031
1 0.560547 0.591797 0.042969 0.144531
