2 0.500000 0.202148 0.093750 0.119141
2 0.560547 0.218750 0.089844 0.121094
2 0.745117 0.256836 0.087891 0.119141
2 0.871094 0.318359 0.074219 0.101562
2 0.950195 0.457031 0.091797 0.128906
2 0.890625 0.430664 0.093750 0.138672
2 0.822266 0.418945 0.074219 0.099609
2 0.759766 0.402344 0.082031 0.109375
2 0.690430 0.394531 0.091797 0.132812
2 0.639648 0.363281 0.095703 0.125000
2 0.580078 0.335938 0.093750 0.132812
2 0.446289 0.324219 0.087891 0.109375
2 0.271484 0.579102 0.082031 0.115234
2 0.196289 0.578125 0.068359 0.105469
2 0.159180 0.696289 0.076172 0.111328
2 0.347656 0.723633 0.082031 0.115234
2 0.442383 0.656250 0.083984 0.113281
2 0.516602 0.666992 0.076172 0.111328
2 0.583984 0.677734 0.078125 0.109375
2 0.529297 0.814453 0.089844 0.109375
2 0.643555 0.701172 0.076172 0.097656
2 0.705078 0.720703 0.078125 0.105469
2 0.772461 0.737305 0.080078 0.107422
2 0.831055 0.765625 0.080078 0.105469
2 0.905273 0.772461 0.087891 0.119141
2 0.657227 0.851562 0.087891 0.113281
2 0.714844 0.861328 0.082031 0.101562
2 0.106445 0.943359 0.068359 0.101562
