4 0.980469 0.046875 0.023438 0.023438
4 0.931641 0.048828 0.027344 0.027344
4 0.884766 0.048828 0.035156 0.027344
4 0.833984 0.048828 0.027344 0.027344
4 0.789062 0.048828 0.023438 0.027344
4 0.980469 0.083984 0.023438 0.027344
4 0.933594 0.083984 0.031250 0.035156
4 0.882812 0.082031 0.023438 0.031250
4 0.837891 0.082031 0.027344 0.031250
4 0.794922 0.085938 0.027344 0.031250
4 0.283203 0.007812 0.027344 0.015625
4 0.238281 0.011719 0.031250 0.023438
4 0.195312 0.007812 0.031250 0.015625
4 0.154297 0.009766 0.019531 0.019531
4 0.279297 0.035156 0.027344 0.023438
4 0.238281 0.039062 0.031250 0.023438
4 0.191406 0.037109 0.039062 0.035156
4 0.150391 0.041016 0.027344 0.027344
4 0.244141 0.070312 0.035156 0.031250
4 0.195312 0.072266 0.031250 0.027344
4 0.150391 0.074219 0.027344 0.031250
4 0.277344 0.160156 0.031250 0.031250
4 0.234375 0.158203 0.031250 0.027344
4 0.187500 0.160156 0.023438 0.031250
4 0.144531 0.160156 0.031250 0.023438
4 0.103516 0.162109 0.027344 0.027344
4 0.273438 0.189453 0.031250 0.027344
4 0.232422 0.191406 0.027344 0.023438
4 0.185547 0.189453 0.027344 0.027344
4 0.142578 0.191406 0.019531 0.023438
4 0.109375 0.189453 0.023438 0.019531
4 0.109375 0.218750 0.023438 0.023438
4 0.132812 0.218750 0.015625 0.015625
4 0.162109 0.218750 0.019531 0.023438
4 0.191406 0.218750 0.015625 0.023438
4 0.250000 0.218750 0.023438 0.023438
4 0.275391 0.246094 0.035156 0.031250
4 0.234375 0.246094 0.031250 0.031250
4 0.132812 0.546875 0.031250 0.031250
4 0.072266 0.558594 0.027344 0.031250
4 0.052734 0.582031 0.035156 0.031250
4 0.066406 0.693359 0.031250 0.035156
4 0.044922 0.714844 0.035156 0.031250
4 0.785156 0.589844 0.031250 0.031250
4 0.779297 0.621094 0.035156 0.031250
4 0.781250 0.652344 0.039062 0.031250
4 0.781250 0.683594 0.039062 0.031250
4 0.847656 0.685547 0.031250 0.027344
4 0.857422 0.623047 0.027344 0.027344
3 0.320312 0.433594 0.023438 0.031250
