4 0.244141 0.884766 0.105469 0.113281
4 0.371094 0.896484 0.093750 0.128906
4 0.472656 0.910156 0.085938 0.109375
4 0.558594 0.818359 0.101562 0.113281
4 0.394531 0.761719 0.109375 0.109375
4 0.269531 0.753906 0.109375 0.101562
4 0.332031 0.496094 0.117188 0.117188
4 0.431641 0.595703 0.128906 0.113281
4 0.525391 0.472656 0.113281 0.140625
4 0.691406 0.501953 0.101562 0.121094
4 0.796875 0.486328 0.085938 0.113281
4 0.902344 0.466797 0.093750 0.113281
4 0.486328 0.302734 0.097656 0.097656
4 0.595703 0.312500 0.082031 0.101562
4 0.748047 0.322266 0.113281 0.097656
4 0.869141 0.300781 0.097656 0.093750
4 0.482422 0.185547 0.097656 0.113281
4 0.595703 0.187500 0.089844 0.117188
4 0.732422 0.197266 0.097656 0.097656
4 0.857422 0.177734 0.105469 0.113281
