2 0.123047 0.119141 0.074219 0.089844
2 0.374023 0.117188 0.068359 0.089844
2 0.625000 0.123047 0.058594 0.082031
2 0.873047 0.130859 0.054688 0.078125
2 0.125977 0.376953 0.048828 0.078125
2 0.373047 0.377930 0.050781 0.076172
2 0.625000 0.369141 0.058594 0.082031
2 0.878906 0.371094 0.070312 0.089844
2 0.130859 0.618164 0.078125 0.095703
2 0.377930 0.624023 0.064453 0.080078
2 0.625000 0.626953 0.058594 0.070312
2 0.878906 0.620117 0.085938 0.083984
2 0.125977 0.876953 0.087891 0.078125
2 0.377930 0.873047 0.083984 0.066406
2 0.628906 0.875000 0.089844 0.058594
2 0.875977 0.875000 0.083984 0.054688
