1 0.201875 0.325000 0.018750 0.012500
1 0.256250 0.337500 0.010000 0.015000
1 0.358750 0.375000 0.012500 0.015000
1 0.246250 0.335000 0.010000 0.015000
1 0.905000 0.051875 0.017500 0.036250
1 0.235000 0.331250 0.010000 0.015000
1 0.993125 0.467500 0.013750 0.042500
1 0.196875 0.318750 0.021250 0.022500
1 0.268750 0.281875 0.050000 0.016250
1 0.159375 0.307500 0.018750 0.015000
1 0.176250 0.305625 0.032500 0.028750
1 0.183750 0.312500 0.027500 0.025000
1 0.191875 0.313125 0.023750 0.021250
1 0.470625 0.187500 0.016250 0.022500
