2 0.590820 0.057617 0.119141 0.115234
2 0.749023 0.101562 0.119141 0.109375
2 0.704102 0.162109 0.134766 0.117188
2 0.434570 0.043945 0.111328 0.087891
2 0.536133 0.127930 0.126953 0.111328
2 0.657227 0.220703 0.130859 0.109375
2 0.392578 0.097656 0.125000 0.113281
2 0.355469 0.163086 0.125000 0.107422
2 0.511719 0.190430 0.121094 0.111328
2 0.620117 0.277344 0.138672 0.125000
2 0.466797 0.255859 0.128906 0.121094
2 0.583984 0.369141 0.132812 0.121094
2 0.745117 0.349609 0.154297 0.210938
2 0.409180 0.319336 0.130859 0.119141
2 0.537109 0.428711 0.140625 0.119141
2 0.500977 0.500000 0.134766 0.117188
2 0.404297 0.426758 0.121094 0.107422
2 0.370117 0.497070 0.115234 0.115234
2 0.472656 0.592773 0.105469 0.099609
2 0.572266 0.647461 0.105469 0.119141
2 0.333008 0.573242 0.123047 0.115234
2 0.433594 0.658203 0.113281 0.101562
2 0.941406 0.509766 0.113281 0.117188
2 0.935547 0.730469 0.125000 0.121094
2 0.926758 0.794922 0.103516 0.121094
2 0.887695 0.896484 0.173828 0.148438
