0 0.312500 0.080357 0.187500 0.133929
0 0.151786 0.196429 0.205357 0.142857
0 0.292411 0.287946 0.191964 0.147321
0 0.169643 0.417411 0.187500 0.129464
0 0.305804 0.529018 0.191964 0.138393
0 0.162946 0.638393 0.191964 0.133929
0 0.312500 0.729911 0.169643 0.138393
0 0.151786 0.852679 0.178571 0.133929
0 0.301339 0.946429 0.174107 0.107143
0 0.781250 0.042411 0.205357 0.084821
0 0.926339 0.129464 0.147321 0.133929
0 0.774554 0.247768 0.191964 0.138393
0 0.928571 0.350446 0.142857 0.138393
0 0.767857 0.453125 0.196429 0.147321
0 0.917411 0.549107 0.165179 0.116071
0 0.783482 0.683036 0.183036 0.160714
0 0.915179 0.772321 0.169643 0.142857
0 0.781250 0.908482 0.187500 0.129464
