1 0.097656 0.140625 0.140625 0.140625
4 0.597656 0.042969 0.070312 0.078125
4 0.691406 0.082031 0.070312 0.078125
4 0.810547 0.033203 0.074219 0.058594
4 0.771484 0.109375 0.066406 0.070312
4 0.777344 0.197266 0.070312 0.058594
4 0.689453 0.166016 0.066406 0.066406
4 0.798828 0.320312 0.066406 0.070312
4 0.718750 0.287109 0.070312 0.074219
4 0.650391 0.257812 0.074219 0.078125
4 0.636719 0.345703 0.078125 0.074219
4 0.716797 0.375000 0.058594 0.062500
4 0.792969 0.404297 0.062500 0.066406
4 0.558594 0.214844 0.046875 0.070312
4 0.490234 0.183594 0.082031 0.078125
4 0.396484 0.148438 0.066406 0.078125
4 0.367188 0.240234 0.078125 0.082031
4 0.462891 0.265625 0.074219 0.062500
4 0.521484 0.306641 0.058594 0.074219
