4 0.548828 0.345703 0.113281 0.097656
4 0.572266 0.433594 0.105469 0.085938
4 0.589844 0.515625 0.093750 0.085938
4 0.498047 0.630859 0.089844 0.089844
4 0.578125 0.613281 0.085938 0.078125
4 0.554688 0.718750 0.101562 0.093750
4 0.455078 0.734375 0.097656 0.101562
4 0.412109 0.650391 0.066406 0.066406
4 0.439453 0.345703 0.074219 0.066406
4 0.462891 0.414062 0.066406 0.062500
4 0.476562 0.468750 0.070312 0.070312
4 0.496094 0.539062 0.093750 0.078125
4 0.261719 0.205078 0.078125 0.058594
4 0.285156 0.273438 0.070312 0.062500
4 0.296875 0.337891 0.070312 0.058594
4 0.318359 0.470703 0.066406 0.074219
4 0.337891 0.541016 0.058594 0.058594
