2 0.371094 0.500000 0.054688 0.019531
2 0.389648 0.475586 0.044922 0.021484
2 0.419922 0.432617 0.054688 0.021484
2 0.454102 0.372070 0.048828 0.017578
2 0.463867 0.350586 0.044922 0.017578
2 0.476562 0.330078 0.050781 0.019531
2 0.494141 0.308594 0.039062 0.019531
2 0.508789 0.287109 0.052734 0.023438
2 0.593750 0.329102 0.039062 0.041016
2 0.575195 0.344727 0.033203 0.041016
2 0.563477 0.369141 0.037109 0.039062
2 0.538086 0.406250 0.037109 0.039062
2 0.488281 0.496094 0.039062 0.042969
2 0.501953 0.471680 0.031250 0.037109
2 0.731445 0.385742 0.048828 0.017578
2 0.710938 0.406250 0.046875 0.019531
2 0.696289 0.425781 0.044922 0.019531
2 0.678711 0.448242 0.048828 0.021484
2 0.637695 0.348633 0.037109 0.041016
2 0.623047 0.371094 0.035156 0.042969
