2 0.118164 0.125000 0.087891 0.062500
2 0.368164 0.125977 0.076172 0.072266
2 0.615234 0.126953 0.082031 0.085938
2 0.867188 0.123047 0.070312 0.078125
2 0.116211 0.373047 0.064453 0.074219
2 0.366211 0.374023 0.060547 0.076172
2 0.616211 0.372070 0.064453 0.076172
2 0.869141 0.376953 0.050781 0.066406
2 0.121094 0.628906 0.046875 0.078125
2 0.373047 0.628906 0.046875 0.070312
2 0.617188 0.619141 0.046875 0.070312
2 0.870117 0.616211 0.052734 0.076172
2 0.119141 0.867188 0.058594 0.074219
2 0.370117 0.870117 0.068359 0.080078
2 0.620117 0.865234 0.076172 0.085938
2 0.871094 0.865234 0.074219 0.074219
