1 0.410156 0.025391 0.023438 0.015625
1 0.368164 0.064453 0.033203 0.019531
1 0.309570 0.082031 0.033203 0.023438
1 0.340820 0.034180 0.033203 0.025391
1 0.288086 0.039062 0.033203 0.023438
1 0.333008 0.091797 0.029297 0.023438
1 0.280273 0.126953 0.037109 0.031250
1 0.242188 0.135742 0.035156 0.025391
1 0.327148 0.192383 0.068359 0.060547
1 0.097656 0.265625 0.035156 0.015625
1 0.105469 0.210938 0.027344 0.015625
3 0.041992 0.292969 0.025391 0.281250
1 0.152344 0.204102 0.035156 0.021484
1 0.097656 0.151367 0.011719 0.025391
1 0.025391 0.335938 0.027344 0.015625
1 0.050781 0.284180 0.031250 0.025391
