4 0.058594 0.802734 0.039062 0.035156
4 0.134766 0.804688 0.035156 0.031250
4 0.207031 0.806641 0.039062 0.035156
4 0.279297 0.808594 0.042969 0.031250
4 0.417969 0.814453 0.039062 0.035156
4 0.488281 0.814453 0.039062 0.027344
4 0.556641 0.812500 0.035156 0.031250
4 0.617188 0.814453 0.031250 0.035156
4 0.048828 0.859375 0.027344 0.031250
4 0.107422 0.863281 0.027344 0.023438
4 0.167969 0.867188 0.031250 0.023438
4 0.226562 0.861328 0.023438 0.019531
4 0.287109 0.867188 0.027344 0.023438
4 0.427734 0.867188 0.027344 0.023438
4 0.486328 0.871094 0.027344 0.023438
4 0.349609 0.871094 0.035156 0.023438
4 0.552734 0.869141 0.027344 0.027344
4 0.619141 0.871094 0.035156 0.023438
4 0.617188 0.919922 0.031250 0.027344
4 0.548828 0.919922 0.027344 0.019531
4 0.044922 0.908203 0.027344 0.019531
4 0.107422 0.906250 0.027344 0.023438
4 0.160156 0.908203 0.039062 0.019531
4 0.222656 0.910156 0.039062 0.023438
4 0.287109 0.910156 0.035156 0.023438
4 0.347656 0.912109 0.031250 0.035156
4 0.037109 0.949219 0.035156 0.023438
4 0.082031 0.953125 0.023438 0.023438
4 0.132812 0.953125 0.031250 0.023438
4 0.171875 0.953125 0.031250 0.023438
4 0.218750 0.953125 0.031250 0.023438
4 0.263672 0.953125 0.027344 0.023438
4 0.308594 0.955078 0.023438 0.027344
4 0.353516 0.957031 0.027344 0.023438
4 0.353516 0.986328 0.027344 0.019531
