2 0.561523 0.046875 0.130859 0.054688
2 0.527344 0.212891 0.125000 0.066406
2 0.520508 0.269531 0.123047 0.058594
2 0.518555 0.329102 0.126953 0.064453
2 0.509766 0.387695 0.117188 0.060547
2 0.500977 0.444336 0.119141 0.056641
2 0.500977 0.500000 0.115234 0.058594
2 0.492188 0.551758 0.113281 0.048828
2 0.481445 0.606445 0.119141 0.060547
2 0.769531 0.794922 0.117188 0.062500
2 0.928711 0.801758 0.115234 0.068359
2 0.800781 0.583008 0.101562 0.056641
2 0.823242 0.521484 0.103516 0.062500
2 0.826172 0.416016 0.125000 0.054688
2 0.832031 0.353516 0.121094 0.070312
2 0.832031 0.255859 0.093750 0.062500
2 0.867188 0.140625 0.093750 0.062500
2 0.888672 0.034180 0.136719 0.068359
