4 0.724609 0.576172 0.035156 0.027344
4 0.757812 0.576172 0.031250 0.027344
4 0.722656 0.531250 0.031250 0.023438
4 0.761719 0.535156 0.031250 0.023438
4 0.722656 0.507812 0.031250 0.023438
4 0.761719 0.507812 0.031250 0.023438
4 0.802734 0.535156 0.027344 0.023438
4 0.800781 0.513672 0.023438 0.019531
4 0.802734 0.488281 0.027344 0.015625
4 0.833984 0.535156 0.035156 0.023438
4 0.835938 0.507812 0.023438 0.023438
4 0.833984 0.490234 0.019531 0.011719
4 0.433594 0.691406 0.031250 0.031250
4 0.437500 0.664062 0.039062 0.031250
4 0.406250 0.720703 0.015625 0.027344
4 0.431641 0.720703 0.019531 0.019531
4 0.396484 0.679688 0.019531 0.023438
4 0.394531 0.662109 0.023438 0.011719
4 0.396484 0.646484 0.019531 0.019531
4 0.755859 0.429688 0.035156 0.031250
4 0.755859 0.404297 0.027344 0.027344
4 0.753906 0.376953 0.039062 0.027344
4 0.009766 0.888672 0.019531 0.019531
4 0.023438 0.896484 0.015625 0.019531
4 0.042969 0.904297 0.023438 0.019531
4 0.060547 0.912109 0.019531 0.019531
4 0.015625 0.876953 0.007812 0.011719
4 0.033203 0.884766 0.011719 0.011719
4 0.052734 0.886719 0.011719 0.015625
4 0.068359 0.894531 0.019531 0.015625
4 0.011719 0.835938 0.015625 0.023438
4 0.033203 0.845703 0.019531 0.019531
4 0.023438 0.822266 0.015625 0.011719
4 0.042969 0.830078 0.015625 0.011719
4 0.031250 0.806641 0.015625 0.011719
4 0.054688 0.814453 0.015625 0.011719
4 0.039062 0.791016 0.015625 0.011719
4 0.050781 0.794922 0.015625 0.011719
4 0.062500 0.802734 0.015625 0.011719
4 0.050781 0.775391 0.015625 0.011719
4 0.058594 0.779297 0.015625 0.011719
4 0.070312 0.783203 0.015625 0.011719
4 0.058594 0.861328 0.015625 0.011719
4 0.078125 0.865234 0.015625 0.011719
4 0.070312 0.845703 0.015625 0.011719
4 0.082031 0.849609 0.015625 0.019531
4 0.074219 0.830078 0.015625 0.019531
4 0.093750 0.837891 0.015625 0.019531
4 0.085938 0.818359 0.015625 0.019531
4 0.101562 0.822266 0.015625 0.019531
4 0.089844 0.806641 0.015625 0.019531
4 0.109375 0.810547 0.015625 0.019531
4 0.101562 0.794922 0.015625 0.019531
4 0.117188 0.798828 0.015625 0.019531
