0 0.756696 0.636161 0.066964 0.084821
0 0.810268 0.575893 0.066964 0.071429
0 0.812500 0.658482 0.053571 0.075893
0 0.754464 0.712054 0.053571 0.058036
0 0.805804 0.741071 0.066964 0.071429
0 0.758929 0.781250 0.062500 0.053571
0 0.808036 0.819196 0.062500 0.066964
0 0.763393 0.863839 0.062500 0.058036
0 0.808036 0.899554 0.062500 0.058036
0 0.955357 0.299107 0.071429 0.071429
0 0.962054 0.388393 0.058036 0.053571
0 0.953125 0.473214 0.058036 0.071429
0 0.948661 0.540179 0.058036 0.071429
0 0.955357 0.613839 0.062500 0.058036
0 0.957589 0.700893 0.049107 0.062500
0 0.948661 0.776786 0.049107 0.062500
0 0.986607 0.821429 0.026786 0.044643
0 0.955357 0.857143 0.044643 0.062500
0 0.984375 0.879464 0.031250 0.062500
0 0.959821 0.919643 0.053571 0.053571
0 0.984375 0.957589 0.031250 0.058036
