4 0.271484 0.867188 0.089844 0.101562
4 0.179688 0.800781 0.093750 0.101562
4 0.087891 0.718750 0.089844 0.093750
4 0.025391 0.644531 0.042969 0.125000
4 0.060547 0.515625 0.113281 0.117188
4 0.150391 0.585938 0.082031 0.085938
4 0.234375 0.691406 0.085938 0.093750
4 0.322266 0.753906 0.089844 0.101562
4 0.248047 0.435547 0.105469 0.128906
4 0.134766 0.355469 0.113281 0.132812
4 0.050781 0.271484 0.093750 0.136719
4 0.103516 0.138672 0.113281 0.136719
4 0.210938 0.228516 0.101562 0.128906
4 0.308594 0.310547 0.109375 0.121094
1 0.892578 0.488281 0.214844 0.257812
