2 0.406250 0.166992 0.125000 0.095703
2 0.291992 0.200195 0.134766 0.099609
2 0.447266 0.282227 0.140625 0.107422
2 0.361328 0.318359 0.121094 0.089844
2 0.236328 0.259766 0.125000 0.089844
2 0.274414 0.356445 0.138672 0.107422
2 0.201172 0.395508 0.105469 0.083984
2 0.123047 0.432617 0.136719 0.099609
2 0.041016 0.500000 0.070312 0.058594
2 0.623047 0.557617 0.117188 0.083984
2 0.758789 0.625000 0.103516 0.070312
2 0.548828 0.599609 0.113281 0.078125
2 0.679688 0.666992 0.105469 0.080078
2 0.458008 0.626953 0.107422 0.078125
2 0.599609 0.697266 0.125000 0.097656
2 0.523438 0.726562 0.105469 0.085938
2 0.383789 0.669922 0.083984 0.054688
2 0.443359 0.764648 0.113281 0.091797
2 0.354492 0.796875 0.087891 0.066406
2 0.296875 0.843750 0.109375 0.082031
2 0.208984 0.866211 0.101562 0.076172
2 0.120117 0.890625 0.103516 0.074219
2 0.038086 0.927734 0.076172 0.062500
2 0.787109 0.906250 0.136719 0.109375
2 0.708008 0.952148 0.123047 0.087891
