4 0.431641 0.222656 0.019531 0.023438
4 0.433594 0.191406 0.031250 0.031250
4 0.437500 0.160156 0.039062 0.031250
4 0.406250 0.218750 0.015625 0.023438
4 0.392578 0.181641 0.027344 0.019531
4 0.394531 0.166016 0.031250 0.019531
4 0.396484 0.144531 0.027344 0.023438
4 0.722656 0.076172 0.039062 0.027344
4 0.757812 0.080078 0.031250 0.027344
4 0.726562 0.031250 0.031250 0.023438
4 0.761719 0.031250 0.031250 0.023438
4 0.718750 0.009766 0.031250 0.019531
4 0.759766 0.005859 0.027344 0.019531
4 0.802734 0.035156 0.035156 0.023438
4 0.833984 0.035156 0.027344 0.023438
4 0.800781 0.013672 0.023438 0.019531
4 0.832031 0.011719 0.023438 0.015625
4 0.060547 0.410156 0.019531 0.015625
4 0.046875 0.404297 0.023438 0.019531
4 0.068359 0.394531 0.011719 0.015625
4 0.052734 0.386719 0.019531 0.015625
4 0.023438 0.394531 0.015625 0.015625
4 0.031250 0.382812 0.015625 0.015625
4 0.007812 0.392578 0.015625 0.011719
4 0.031250 0.345703 0.023438 0.019531
4 0.013672 0.339844 0.027344 0.015625
4 0.023438 0.320312 0.023438 0.015625
4 0.042969 0.326172 0.023438 0.019531
4 0.033203 0.308594 0.019531 0.015625
4 0.048828 0.316406 0.011719 0.007812
4 0.062500 0.357422 0.023438 0.019531
4 0.078125 0.365234 0.023438 0.019531
4 0.070312 0.343750 0.015625 0.015625
4 0.087891 0.349609 0.027344 0.011719
4 0.074219 0.332031 0.015625 0.015625
4 0.095703 0.337891 0.019531 0.011719
4 0.083984 0.320312 0.011719 0.015625
4 0.103516 0.324219 0.019531 0.007812
4 0.093750 0.304688 0.015625 0.015625
4 0.113281 0.312500 0.015625 0.015625
4 0.125000 0.298828 0.023438 0.011719
4 0.150391 0.400391 0.011719 0.019531
4 0.134766 0.392578 0.011719 0.019531
4 0.123047 0.388672 0.011719 0.019531
4 0.158203 0.392578 0.011719 0.019531
4 0.138672 0.380859 0.011719 0.019531
4 0.103516 0.294922 0.011719 0.019531
4 0.060547 0.298828 0.011719 0.019531
4 0.048828 0.294922 0.011719 0.019531
4 0.037109 0.287109 0.011719 0.019531
4 0.052734 0.275391 0.011719 0.019531
4 0.064453 0.279297 0.011719 0.019531
4 0.072266 0.283203 0.011719 0.019531
