1 0.111328 0.599609 0.042969 0.074219
4 0.490234 0.367188 0.089844 0.078125
4 0.576172 0.345703 0.074219 0.082031
4 0.654297 0.316406 0.066406 0.085938
4 0.755859 0.300781 0.074219 0.070312
4 0.771484 0.398438 0.074219 0.070312
4 0.695312 0.414062 0.070312 0.070312
4 0.589844 0.437500 0.078125 0.070312
4 0.515625 0.458984 0.070312 0.074219
4 0.435547 0.468750 0.058594 0.054688
4 0.451172 0.601562 0.058594 0.054688
4 0.525391 0.548828 0.074219 0.074219
4 0.603516 0.523438 0.058594 0.070312
4 0.708984 0.505859 0.066406 0.066406
4 0.789062 0.486328 0.062500 0.066406
