4 0.048828 0.806641 0.046875 0.062500
4 0.049805 0.923828 0.048828 0.066406
4 0.104492 0.867188 0.048828 0.066406
4 0.149414 0.933594 0.052734 0.062500
4 0.229492 0.550781 0.041016 0.039062
4 0.281250 0.539062 0.042969 0.042969
4 0.238281 0.606445 0.042969 0.044922
4 0.291992 0.595703 0.048828 0.046875
4 0.242188 0.667969 0.039062 0.054688
4 0.299805 0.657227 0.052734 0.052734
4 0.304688 0.722656 0.046875 0.046875
4 0.314453 0.789062 0.058594 0.054688
4 0.373047 0.613281 0.066406 0.070312
4 0.447266 0.599609 0.054688 0.066406
4 0.512695 0.585938 0.060547 0.070312
4 0.583984 0.572266 0.058594 0.070312
4 0.455078 0.705078 0.058594 0.062500
4 0.523438 0.694336 0.058594 0.064453
4 0.589844 0.679688 0.058594 0.066406
4 0.466797 0.789062 0.066406 0.062500
4 0.534180 0.774414 0.064453 0.072266
4 0.608398 0.763672 0.064453 0.074219
