0 0.136161 0.756696 0.084821 0.066964
0 0.075893 0.810268 0.071429 0.066964
0 0.158482 0.812500 0.075893 0.053571
0 0.212054 0.754464 0.058036 0.053571
0 0.241071 0.805804 0.071429 0.066964
0 0.281250 0.758929 0.053571 0.062500
0 0.319196 0.808036 0.066964 0.062500
0 0.363839 0.763393 0.058036 0.062500
0 0.399554 0.808036 0.058036 0.062500
0 0.040179 0.948661 0.071429 0.058036
0 0.113839 0.955357 0.058036 0.062500
0 0.200893 0.957589 0.062500 0.049107
0 0.276786 0.948661 0.062500 0.049107
0 0.321429 1.000000 0.044643 0.053571
0 0.357143 0.955357 0.062500 0.044643
0 0.379464 1.000000 0.062500 0.062500
0 0.419643 0.959821 0.053571 0.053571
0 0.457589 0.997768 0.058036 0.058036
0 0.504464 0.953125 0.062500 0.058036
0 0.562500 0.957589 0.053571 0.040179
