0 0.352679 0.506696 0.035714 0.075893
0 0.486607 0.502232 0.044643 0.066964
0 0.613839 0.506696 0.040179 0.066964
0 0.370536 0.787946 0.035714 0.058036
0 0.441964 0.792411 0.044643 0.058036
0 0.511161 0.792411 0.031250 0.066964
0 0.582589 0.796875 0.031250 0.058036
0 0.656250 0.796875 0.035714 0.066964
0 0.073661 0.982143 0.031250 0.062500
0 0.142857 0.975446 0.026786 0.049107
0 0.214286 0.979911 0.035714 0.058036
0 0.276786 0.970982 0.035714 0.058036
0 0.339286 0.973214 0.044643 0.062500
0 0.408482 0.970982 0.040179 0.058036
0 0.479911 0.975446 0.049107 0.058036
0 0.544643 0.984375 0.053571 0.066964
0 0.609375 0.977679 0.031250 0.062500
