2 0.926758 0.857422 0.056641 0.085938
2 0.922852 0.541016 0.044922 0.066406
2 0.844727 0.555664 0.056641 0.091797
2 0.773438 0.525391 0.050781 0.082031
2 0.700195 0.530273 0.048828 0.068359
2 0.633789 0.521484 0.048828 0.070312
2 0.568359 0.530273 0.046875 0.060547
2 0.500000 0.500977 0.042969 0.076172
2 0.431641 0.496094 0.054688 0.089844
2 0.356445 0.506836 0.052734 0.107422
2 0.291992 0.489258 0.052734 0.087891
2 0.225586 0.486328 0.044922 0.066406
2 0.148438 0.488281 0.042969 0.101562
2 0.317383 0.763672 0.103516 0.054688
2 0.461914 0.782227 0.138672 0.060547
2 0.472656 0.838867 0.136719 0.048828
2 0.330078 0.839844 0.105469 0.046875
2 0.312500 0.907227 0.117188 0.048828
2 0.481445 0.902344 0.123047 0.050781
2 0.328125 0.960938 0.117188 0.039062
2 0.477539 0.964844 0.130859 0.054688
