2 0.123047 0.134766 0.082031 0.046875
2 0.375977 0.131836 0.083984 0.060547
2 0.630859 0.124023 0.089844 0.064453
2 0.889648 0.124023 0.099609 0.052734
2 0.131836 0.373047 0.064453 0.042969
2 0.383789 0.378906 0.064453 0.035156
2 0.625977 0.381836 0.068359 0.025391
2 0.873047 0.381836 0.066406 0.025391
2 0.122070 0.626953 0.072266 0.039062
2 0.367188 0.627930 0.089844 0.052734
2 0.619141 0.628906 0.082031 0.050781
2 0.875000 0.629883 0.082031 0.056641
2 0.124023 0.878906 0.080078 0.062500
2 0.371094 0.874023 0.085938 0.076172
2 0.621094 0.877930 0.078125 0.064453
2 0.870117 0.878906 0.076172 0.070312
