1 0.076000 0.974500 0.106000 0.049000
1 0.543500 0.621000 0.245000 0.048000
1 0.558500 0.679500 0.267000 0.065000
1 0.544500 0.724000 0.287000 0.062000
1 0.559500 0.767500 0.283000 0.053000
1 0.559000 0.802500 0.278000 0.059000
1 0.551500 0.832500 0.233000 0.081000
1 0.536000 0.874500 0.238000 0.069000
1 0.546000 0.920000 0.218000 0.078000
1 0.543000 0.964500 0.340000 0.069000
1 0.912000 0.683500 0.174000 0.049000
1 0.909500 0.728500 0.179000 0.055000
1 0.927500 0.764000 0.143000 0.050000
1 0.934000 0.798000 0.130000 0.046000
1 0.906000 0.827500 0.186000 0.067000
1 0.892500 0.873500 0.213000 0.069000
1 0.900500 0.931000 0.197000 0.080000
