0 0.015625 0.814732 0.066964 0.084821
0 0.080357 0.877232 0.062500 0.058036
0 0.140625 0.812500 0.058036 0.071429
0 0.212054 0.881696 0.066964 0.075893
0 0.279018 0.816964 0.066964 0.071429
0 0.334821 0.881696 0.062500 0.075893
0 0.216518 0.566964 0.066964 0.089286
0 0.343750 0.566964 0.071429 0.080357
0 0.464286 0.573661 0.080357 0.075893
0 0.598214 0.573661 0.062500 0.075893
0 0.401786 0.810268 0.062500 0.075893
0 0.462054 0.879464 0.066964 0.071429
0 0.529018 0.810268 0.066964 0.084821
0 0.587054 0.877232 0.066964 0.084821
0 0.656250 0.801339 0.071429 0.084821
