2 0.119141 0.128906 0.074219 0.046875
2 0.369141 0.129883 0.085938 0.052734
2 0.619141 0.125977 0.089844 0.072266
2 0.865234 0.128906 0.085938 0.066406
2 0.118164 0.377930 0.080078 0.068359
2 0.369141 0.376953 0.082031 0.070312
2 0.618164 0.373047 0.087891 0.085938
2 0.865234 0.377930 0.089844 0.083984
2 0.119141 0.624023 0.078125 0.080078
2 0.371094 0.625977 0.074219 0.083984
2 0.619141 0.622070 0.066406 0.080078
2 0.872070 0.627930 0.060547 0.072266
2 0.120117 0.875977 0.056641 0.072266
2 0.368164 0.877930 0.052734 0.072266
2 0.617188 0.874023 0.042969 0.064453
2 0.874023 0.877930 0.052734 0.072266
