4 0.053711 0.035156 0.056641 0.070312
4 0.093750 0.104492 0.066406 0.060547
4 0.150391 0.048828 0.058594 0.070312
4 0.141602 0.168945 0.056641 0.064453
4 0.195312 0.114258 0.054688 0.064453
4 0.185547 0.239258 0.058594 0.068359
4 0.240234 0.182617 0.058594 0.068359
4 0.286133 0.250000 0.056641 0.062500
4 0.268555 0.041016 0.060547 0.062500
4 0.371094 0.057617 0.058594 0.068359
4 0.314453 0.113281 0.062500 0.058594
4 0.411133 0.124023 0.056641 0.064453
4 0.359375 0.174805 0.058594 0.060547
4 0.458984 0.186523 0.054688 0.064453
4 0.402344 0.238281 0.070312 0.070312
