4 0.468750 0.460938 0.039062 0.031250
4 0.394531 0.462891 0.023438 0.019531
4 0.253906 0.458984 0.039062 0.035156
4 0.189453 0.458984 0.035156 0.027344
4 0.123047 0.460938 0.042969 0.023438
4 0.072266 0.462891 0.027344 0.027344
4 0.398438 0.660156 0.046875 0.039062
4 0.316406 0.660156 0.054688 0.039062
4 0.408203 0.724609 0.042969 0.035156
4 0.314453 0.734375 0.066406 0.046875
4 0.205078 0.753906 0.035156 0.023438
4 0.226562 0.667969 0.054688 0.046875
4 0.121094 0.642578 0.023438 0.027344
4 0.148438 0.677734 0.031250 0.019531
4 0.148438 0.714844 0.031250 0.023438
4 0.099609 0.677734 0.035156 0.019531
4 0.099609 0.714844 0.035156 0.023438
4 0.050781 0.677734 0.031250 0.019531
4 0.050781 0.716797 0.039062 0.027344
4 0.005859 0.679688 0.019531 0.023438
4 0.005859 0.714844 0.019531 0.031250
3 0.613281 0.925781 0.039062 0.015625
