4 0.136719 0.412109 0.109375 0.136719
4 0.269531 0.433594 0.125000 0.140625
4 0.123047 0.585938 0.113281 0.140625
4 0.261719 0.597656 0.109375 0.132812
4 0.435547 0.597656 0.105469 0.132812
4 0.572266 0.607422 0.113281 0.128906
4 0.109375 0.804688 0.109375 0.132812
4 0.248047 0.818359 0.105469 0.136719
4 0.423828 0.767578 0.121094 0.128906
4 0.566406 0.781250 0.109375 0.132812
4 0.099609 0.957031 0.105469 0.085938
4 0.236328 0.960938 0.113281 0.078125
4 0.414062 0.939453 0.101562 0.121094
4 0.554688 0.941406 0.109375 0.117188
4 0.074219 0.125000 0.101562 0.140625
4 0.898438 0.044922 0.101562 0.082031
