0 0.662946 0.058036 0.183036 0.116071
0 0.488839 0.154018 0.200893 0.156250
0 0.667411 0.270089 0.183036 0.156250
0 0.488839 0.368304 0.200893 0.165179
0 0.674107 0.482143 0.205357 0.142857
0 0.497768 0.598214 0.209821 0.142857
0 0.667411 0.712054 0.191964 0.147321
0 0.484375 0.810268 0.200893 0.138393
0 0.676339 0.921875 0.191964 0.147321
0 0.062500 0.162946 0.125000 0.084821
0 0.069196 0.312500 0.138393 0.089286
0 0.069196 0.486607 0.138393 0.098214
0 0.069196 0.642857 0.138393 0.098214
0 0.071429 0.796875 0.142857 0.084821
0 0.069196 0.959821 0.138393 0.080357
