1 0.082031 0.978516 0.085938 0.035156
1 0.212891 0.853516 0.097656 0.050781
1 0.589844 0.777344 0.093750 0.039062
1 0.593750 0.583984 0.085938 0.042969
1 0.439453 0.099609 0.121094 0.035156
1 0.593750 0.074219 0.140625 0.031250
1 0.728516 0.089844 0.113281 0.031250
1 0.521484 0.214844 0.097656 0.031250
1 0.460938 0.158203 0.140625 0.035156
1 0.138672 0.494141 0.058594 0.035156
1 0.072266 0.406250 0.058594 0.031250
1 0.037109 0.359375 0.042969 0.023438
1 0.050781 0.275391 0.070312 0.035156
1 0.460938 0.304688 0.070312 0.039062
1 0.306641 0.191406 0.058594 0.031250
1 0.759766 0.171875 0.160156 0.070312
1 0.767578 0.029297 0.066406 0.035156
