2 0.120117 0.129883 0.060547 0.080078
2 0.371094 0.130859 0.074219 0.085938
2 0.623047 0.131836 0.082031 0.087891
2 0.875977 0.125977 0.095703 0.095703
2 0.123047 0.377930 0.093750 0.080078
2 0.376953 0.376953 0.097656 0.078125
2 0.621094 0.375977 0.097656 0.076172
2 0.869141 0.377930 0.097656 0.068359
2 0.116211 0.622070 0.095703 0.064453
2 0.373047 0.625000 0.097656 0.046875
2 0.622070 0.627930 0.080078 0.037109
2 0.866211 0.625977 0.087891 0.033203
2 0.116211 0.875000 0.095703 0.042969
2 0.368164 0.878906 0.091797 0.046875
2 0.622070 0.874023 0.083984 0.048828
2 0.875000 0.876953 0.078125 0.054688
