4 0.267578 0.416016 0.035156 0.027344
4 0.234375 0.416016 0.031250 0.027344
4 0.269531 0.460938 0.031250 0.023438
4 0.230469 0.457031 0.031250 0.023438
4 0.269531 0.484375 0.031250 0.023438
4 0.230469 0.484375 0.031250 0.023438
4 0.189453 0.457031 0.027344 0.023438
4 0.191406 0.478516 0.023438 0.019531
4 0.189453 0.503906 0.027344 0.015625
4 0.158203 0.457031 0.035156 0.023438
4 0.156250 0.484375 0.023438 0.023438
4 0.158203 0.501953 0.019531 0.011719
4 0.558594 0.300781 0.031250 0.031250
4 0.554688 0.328125 0.039062 0.031250
4 0.585938 0.271484 0.015625 0.027344
4 0.560547 0.271484 0.019531 0.019531
4 0.595703 0.312500 0.019531 0.023438
4 0.597656 0.330078 0.023438 0.011719
4 0.595703 0.345703 0.019531 0.019531
4 0.236328 0.562500 0.035156 0.031250
4 0.236328 0.587891 0.027344 0.027344
4 0.238281 0.615234 0.039062 0.027344
4 0.982422 0.103516 0.019531 0.019531
4 0.968750 0.095703 0.015625 0.019531
4 0.949219 0.087891 0.023438 0.019531
4 0.931641 0.080078 0.019531 0.019531
4 0.976562 0.115234 0.007812 0.011719
4 0.958984 0.107422 0.011719 0.011719
4 0.939453 0.105469 0.011719 0.015625
4 0.923828 0.097656 0.019531 0.015625
4 0.980469 0.156250 0.015625 0.023438
4 0.958984 0.146484 0.019531 0.019531
4 0.968750 0.169922 0.015625 0.011719
4 0.949219 0.162109 0.015625 0.011719
4 0.960938 0.185547 0.015625 0.011719
4 0.937500 0.177734 0.015625 0.011719
4 0.953125 0.201172 0.015625 0.011719
4 0.941406 0.197266 0.015625 0.011719
4 0.929688 0.189453 0.015625 0.011719
4 0.941406 0.216797 0.015625 0.011719
4 0.933594 0.212891 0.015625 0.011719
4 0.921875 0.208984 0.015625 0.011719
4 0.933594 0.130859 0.015625 0.011719
4 0.914062 0.126953 0.015625 0.011719
4 0.921875 0.146484 0.015625 0.011719
4 0.910156 0.142578 0.015625 0.019531
4 0.917969 0.162109 0.015625 0.019531
4 0.898438 0.154297 0.015625 0.019531
4 0.906250 0.173828 0.015625 0.019531
4 0.890625 0.169922 0.015625 0.019531
4 0.902344 0.185547 0.015625 0.019531
4 0.882812 0.181641 0.015625 0.019531
4 0.890625 0.197266 0.015625 0.019531
4 0.875000 0.193359 0.015625 0.019531
