4 0.592773 0.467773 0.060547 0.060547
4 0.583008 0.534180 0.068359 0.056641
4 0.674805 0.477539 0.080078 0.060547
4 0.662109 0.547852 0.074219 0.056641
4 0.647461 0.635742 0.068359 0.056641
4 0.566406 0.624023 0.074219 0.056641
4 0.743164 0.488281 0.072266 0.050781
4 0.731445 0.556641 0.068359 0.058594
4 0.715820 0.647461 0.060547 0.056641
4 0.785156 0.661133 0.058594 0.060547
4 0.888672 0.548828 0.062500 0.050781
4 0.877930 0.598633 0.048828 0.037109
4 0.869141 0.649414 0.042969 0.044922
4 0.924805 0.655273 0.048828 0.044922
4 0.922852 0.708008 0.048828 0.044922
4 0.854492 0.700195 0.044922 0.041016
4 0.849609 0.748047 0.039062 0.035156
4 0.908203 0.759766 0.050781 0.039062
4 0.817383 0.524414 0.052734 0.044922
4 0.808594 0.560547 0.066406 0.039062
4 0.906250 0.013672 0.070312 0.062500
4 0.933594 0.083984 0.058594 0.058594
4 0.958984 0.149414 0.066406 0.052734
