4 0.041016 0.231445 0.058594 0.068359
4 0.036133 0.315430 0.052734 0.064453
4 0.112305 0.236328 0.060547 0.066406
4 0.108398 0.324219 0.060547 0.062500
4 0.208008 0.247070 0.052734 0.068359
4 0.276367 0.252930 0.060547 0.064453
4 0.363281 0.260742 0.058594 0.064453
4 0.435547 0.267578 0.054688 0.070312
4 0.264648 0.116211 0.052734 0.064453
4 0.203125 0.332031 0.058594 0.066406
4 0.271484 0.338867 0.054688 0.068359
4 0.196289 0.418945 0.060547 0.064453
4 0.264648 0.425781 0.060547 0.070312
4 0.359375 0.346680 0.054688 0.068359
4 0.501953 0.275391 0.058594 0.070312
4 0.428711 0.354492 0.056641 0.064453
4 0.497070 0.360352 0.056641 0.068359
4 0.587891 0.362305 0.054688 0.068359
4 0.654297 0.368164 0.058594 0.068359
4 0.351562 0.457031 0.054688 0.066406
4 0.420898 0.463867 0.056641 0.068359
4 0.491211 0.470703 0.060547 0.066406
4 0.579102 0.446289 0.060547 0.076172
4 0.651367 0.452148 0.060547 0.068359
4 0.350586 0.543945 0.052734 0.068359
4 0.416016 0.551758 0.054688 0.064453
4 0.484375 0.556641 0.062500 0.066406
4 0.576172 0.531250 0.058594 0.070312
4 0.644531 0.540039 0.054688 0.068359
4 0.338867 0.123047 0.064453 0.070312
4 0.402344 0.125000 0.054688 0.066406
4 0.268555 0.026367 0.064453 0.064453
4 0.334961 0.034180 0.056641 0.064453
4 0.407227 0.040039 0.064453 0.068359
4 0.811523 0.073242 0.060547 0.068359
4 0.869141 0.018555 0.062500 0.060547
