1 0.166250 0.332500 0.012500 0.022500
1 0.118125 0.418125 0.021250 0.018750
1 0.014375 0.486875 0.013750 0.018750
1 0.031875 0.515000 0.011250 0.017500
1 0.087500 0.315000 0.017500 0.027500
1 0.021250 0.353125 0.015000 0.016250
1 0.086875 0.071875 0.018750 0.008750
1 0.003750 0.356875 0.007500 0.013750
1 0.018750 0.202500 0.012500 0.020000
1 0.048125 0.506250 0.016250 0.022500
1 0.113750 0.598750 0.015000 0.015000
1 0.158125 0.776250 0.018750 0.015000
1 0.053750 0.233125 0.010000 0.021250
1 0.071250 0.262500 0.012500 0.015000
1 0.042500 0.383125 0.017500 0.023750
1 0.023125 0.070000 0.008750 0.022500
1 0.055000 0.035000 0.012500 0.017500
1 0.017500 0.606250 0.020000 0.020000
1 0.033750 0.274375 0.007500 0.023750
1 0.005000 0.457500 0.010000 0.020000
1 0.003750 0.326250 0.007500 0.022500
1 0.063125 0.448750 0.021250 0.022500
1 0.062500 0.153750 0.017500 0.010000
1 0.070000 0.350625 0.017500 0.021250
1 0.076250 0.343125 0.022500 0.023750
1 0.085000 0.342500 0.017500 0.020000
