0 0.775391 0.443359 0.019531 0.019531
0 0.800781 0.443359 0.015625 0.019531
0 0.820312 0.449219 0.015625 0.023438
0 0.843750 0.447266 0.023438 0.019531
0 0.869141 0.445312 0.019531 0.023438
0 0.888672 0.445312 0.019531 0.023438
0 0.910156 0.445312 0.015625 0.023438
0 0.955078 0.449219 0.019531 0.023438
0 0.976562 0.449219 0.015625 0.023438
0 0.992188 0.451172 0.015625 0.019531
0 0.837891 0.185547 0.027344 0.019531
0 0.888672 0.187500 0.019531 0.023438
0 0.966797 0.189453 0.019531 0.019531
0 0.990234 0.193359 0.019531 0.019531
0 0.816406 0.677734 0.031250 0.019531
0 0.865234 0.679688 0.027344 0.023438
0 0.912109 0.681641 0.035156 0.019531
0 0.958984 0.681641 0.019531 0.019531
0 0.828125 0.726562 0.015625 0.015625
0 0.865234 0.726562 0.011719 0.015625
0 0.916016 0.726562 0.011719 0.015625
0 0.880859 0.779297 0.011719 0.019531
0 0.916016 0.833984 0.011719 0.019531
0 0.857422 0.878906 0.019531 0.015625
0 0.960938 0.738281 0.015625 0.015625
0 0.978516 0.740234 0.011719 0.019531
0 0.994141 0.742188 0.011719 0.015625
0 0.953125 0.835938 0.015625 0.015625
0 0.970703 0.835938 0.011719 0.015625
0 0.929688 0.783203 0.023438 0.019531
0 0.972656 0.783203 0.015625 0.019531
0 0.957031 0.791016 0.023438 0.019531
0 0.988281 0.785156 0.015625 0.023438
0 0.998047 0.785156 0.003906 0.023438
