2 0.125977 0.122070 0.064453 0.080078
2 0.373047 0.120117 0.070312 0.091797
2 0.622070 0.123047 0.056641 0.085938
2 0.870117 0.126953 0.056641 0.085938
2 0.125977 0.377930 0.048828 0.072266
2 0.375000 0.376953 0.046875 0.078125
2 0.625000 0.378906 0.046875 0.078125
2 0.875000 0.373047 0.058594 0.085938
2 0.127930 0.618164 0.076172 0.095703
2 0.375977 0.619141 0.056641 0.082031
2 0.627930 0.620117 0.060547 0.080078
2 0.872070 0.628906 0.068359 0.070312
2 0.126953 0.873047 0.082031 0.082031
2 0.376953 0.873047 0.082031 0.082031
2 0.625977 0.875000 0.083984 0.070312
2 0.872070 0.876953 0.076172 0.058594
