2 0.114258 0.126953 0.076172 0.070312
2 0.368164 0.117188 0.083984 0.070312
2 0.617188 0.123047 0.082031 0.070312
2 0.863281 0.122070 0.082031 0.072266
2 0.116211 0.371094 0.076172 0.062500
2 0.368164 0.366211 0.083984 0.083984
2 0.618164 0.363281 0.072266 0.078125
2 0.869141 0.367188 0.074219 0.078125
2 0.121094 0.613281 0.070312 0.082031
2 0.369141 0.613281 0.066406 0.082031
2 0.619141 0.616211 0.074219 0.080078
2 0.871094 0.611328 0.058594 0.078125
2 0.117188 0.861328 0.074219 0.089844
2 0.374023 0.868164 0.056641 0.068359
2 0.628906 0.870117 0.082031 0.083984
2 0.880859 0.865234 0.070312 0.082031
