2 0.119141 0.124023 0.093750 0.072266
2 0.370117 0.124023 0.087891 0.072266
2 0.621094 0.126953 0.085938 0.070312
2 0.872070 0.124023 0.083984 0.076172
2 0.118164 0.375000 0.083984 0.074219
2 0.367188 0.371094 0.089844 0.082031
2 0.619141 0.375977 0.082031 0.080078
2 0.866211 0.374023 0.076172 0.083984
2 0.114258 0.623047 0.076172 0.085938
2 0.372070 0.622070 0.068359 0.083984
2 0.622070 0.623047 0.064453 0.082031
2 0.873047 0.630859 0.054688 0.066406
2 0.122070 0.887695 0.048828 0.052734
2 0.375977 0.880859 0.048828 0.050781
2 0.621094 0.872070 0.050781 0.076172
2 0.872070 0.872070 0.072266 0.091797
