3 0.163086 0.195312 0.146484 0.156250
4 0.058594 0.991211 0.050781 0.041016
4 0.387695 0.873047 0.052734 0.058594
4 0.457031 0.901367 0.058594 0.060547
4 0.526367 0.929688 0.060547 0.054688
4 0.429688 0.966797 0.054688 0.058594
4 0.367188 0.933594 0.070312 0.058594
4 0.266602 0.473633 0.064453 0.052734
4 0.333008 0.502930 0.056641 0.060547
4 0.428711 0.515625 0.064453 0.058594
4 0.495117 0.541016 0.056641 0.054688
4 0.563477 0.567383 0.056641 0.060547
4 0.532227 0.633789 0.060547 0.060547
4 0.463867 0.603516 0.056641 0.058594
4 0.399414 0.576172 0.056641 0.054688
4 0.310547 0.567383 0.074219 0.060547
4 0.239258 0.538086 0.072266 0.056641
4 0.207031 0.605469 0.074219 0.058594
4 0.281250 0.630859 0.066406 0.058594
4 0.359375 0.657227 0.058594 0.060547
4 0.332031 0.721680 0.058594 0.060547
4 0.426758 0.685547 0.064453 0.058594
4 0.398438 0.750000 0.062500 0.050781
4 0.497070 0.716797 0.056641 0.062500
4 0.465820 0.782227 0.060547 0.060547
4 0.611328 0.687500 0.062500 0.062500
4 0.674805 0.714844 0.060547 0.050781
4 0.577148 0.751953 0.056641 0.058594
4 0.647461 0.779297 0.060547 0.058594
4 0.547852 0.816406 0.052734 0.054688
4 0.622070 0.842773 0.068359 0.060547
4 0.750977 0.819336 0.068359 0.060547
4 0.710938 0.881836 0.058594 0.056641
4 0.816406 0.846680 0.058594 0.060547
4 0.782227 0.915039 0.068359 0.060547
4 0.882812 0.877930 0.074219 0.056641
4 0.853516 0.941406 0.070312 0.062500
