2 0.125000 0.119141 0.089844 0.058594
2 0.375000 0.118164 0.085938 0.041016
2 0.625977 0.119141 0.083984 0.046875
2 0.874023 0.120117 0.080078 0.044922
2 0.122070 0.368164 0.083984 0.052734
2 0.370117 0.369141 0.083984 0.058594
2 0.619141 0.374023 0.089844 0.060547
2 0.868164 0.371094 0.080078 0.062500
2 0.118164 0.624023 0.076172 0.068359
2 0.370117 0.623047 0.080078 0.074219
2 0.614258 0.621094 0.095703 0.082031
2 0.865234 0.623047 0.097656 0.085938
2 0.112305 0.871094 0.072266 0.074219
2 0.366211 0.870117 0.064453 0.076172
2 0.615234 0.875977 0.089844 0.091797
2 0.870117 0.874023 0.064453 0.083984
