4 0.039062 0.179688 0.023438 0.023438
4 0.041016 0.216797 0.027344 0.027344
4 0.269531 0.029297 0.031250 0.019531
4 0.246094 0.066406 0.031250 0.023438
4 0.597656 0.033203 0.031250 0.027344
4 0.613281 0.068359 0.031250 0.027344
4 0.660156 0.072266 0.031250 0.027344
4 0.722656 0.103516 0.031250 0.027344
4 0.675781 0.103516 0.031250 0.027344
4 0.632812 0.103516 0.031250 0.027344
4 0.593750 0.099609 0.031250 0.027344
4 0.566406 0.068359 0.031250 0.027344
4 0.597656 0.134766 0.031250 0.027344
4 0.636719 0.134766 0.031250 0.027344
4 0.679688 0.134766 0.031250 0.027344
4 0.726562 0.134766 0.031250 0.027344
4 0.722656 0.166016 0.031250 0.027344
4 0.679688 0.166016 0.031250 0.027344
4 0.636719 0.166016 0.031250 0.027344
4 0.593750 0.166016 0.031250 0.027344
4 0.640625 0.201172 0.031250 0.027344
4 0.683594 0.201172 0.031250 0.027344
4 0.722656 0.201172 0.031250 0.027344
4 0.765625 0.291016 0.031250 0.027344
4 0.734375 0.291016 0.031250 0.027344
4 0.687500 0.291016 0.031250 0.027344
4 0.644531 0.287109 0.031250 0.027344
4 0.597656 0.291016 0.031250 0.027344
4 0.597656 0.318359 0.031250 0.027344
4 0.644531 0.318359 0.031250 0.027344
4 0.687500 0.318359 0.031250 0.027344
4 0.734375 0.318359 0.031250 0.027344
4 0.769531 0.318359 0.031250 0.027344
4 0.089844 0.718750 0.031250 0.023438
4 0.089844 0.750000 0.031250 0.023438
4 0.093750 0.781250 0.031250 0.023438
4 0.093750 0.812500 0.031250 0.023438
4 0.031250 0.812500 0.031250 0.023438
4 0.621094 0.347656 0.023438 0.023438
4 0.687500 0.347656 0.023438 0.023438
4 0.714844 0.347656 0.023438 0.023438
4 0.742188 0.347656 0.023438 0.023438
4 0.769531 0.343750 0.023438 0.023438
4 0.640625 0.378906 0.023438 0.023438
4 0.599609 0.375000 0.027344 0.031250
4 0.880859 0.750000 0.027344 0.023438
4 0.904297 0.789062 0.027344 0.023438
4 0.919922 0.824219 0.027344 0.023438
4 0.912109 0.859375 0.027344 0.023438
4 0.884766 0.824219 0.027344 0.023438
4 0.861328 0.796875 0.027344 0.023438
4 0.830078 0.761719 0.027344 0.023438
4 0.818359 0.714844 0.027344 0.023438
4 0.802734 0.691406 0.027344 0.023438
4 0.740234 0.671875 0.027344 0.023438
4 0.673828 0.671875 0.027344 0.023438
4 0.697266 0.691406 0.027344 0.023438
4 0.810547 0.824219 0.027344 0.023438
4 0.830078 0.847656 0.027344 0.023438
4 0.324219 0.027344 0.031250 0.023438
4 0.376953 0.023438 0.042969 0.031250
4 0.376953 0.050781 0.042969 0.031250
3 0.562500 0.566406 0.023438 0.039062
3 0.982422 0.884766 0.027344 0.019531
