0 0.093750 0.214286 0.142857 0.196429
0 0.223214 0.044643 0.151786 0.187500
0 0.323661 0.207589 0.129464 0.183036
0 0.448661 0.044643 0.138393 0.196429
0 0.544643 0.203125 0.125000 0.191964
0 0.660714 0.046875 0.125000 0.191964
0 0.770089 0.205357 0.129464 0.196429
0 0.883929 0.042411 0.133929 0.183036
0 0.979911 0.209821 0.156250 0.205357
0 0.037946 0.662946 0.138393 0.200893
0 0.147321 0.830357 0.125000 0.178571
0 0.258929 0.667411 0.151786 0.200893
0 0.363839 0.839286 0.138393 0.178571
0 0.464286 0.676339 0.151786 0.200893
0 0.584821 0.819196 0.133929 0.200893
0 0.696429 0.667411 0.142857 0.200893
0 0.801339 0.830357 0.111607 0.196429
0 0.921875 0.665179 0.129464 0.205357
