1 0.265625 0.626953 0.132812 0.128906
4 0.656250 0.369141 0.085938 0.097656
4 0.732422 0.404297 0.089844 0.097656
4 0.804688 0.443359 0.093750 0.097656
4 0.904297 0.470703 0.089844 0.082031
4 0.974609 0.498047 0.050781 0.097656
4 0.640625 0.457031 0.078125 0.085938
4 0.707031 0.494141 0.078125 0.082031
4 0.787109 0.523438 0.066406 0.070312
4 0.884766 0.556641 0.074219 0.082031
4 0.958984 0.591797 0.074219 0.082031
4 0.574219 0.632812 0.078125 0.093750
4 0.556641 0.716797 0.074219 0.082031
4 0.666016 0.660156 0.089844 0.101562
4 0.644531 0.750000 0.085938 0.101562
4 0.705078 0.777344 0.074219 0.078125
4 0.732422 0.681641 0.089844 0.097656
4 0.839844 0.734375 0.085938 0.085938
4 0.812500 0.822266 0.101562 0.082031
4 0.910156 0.757812 0.078125 0.093750
4 0.978516 0.798828 0.042969 0.074219
4 0.892578 0.861328 0.097656 0.097656
4 0.964844 0.886719 0.070312 0.093750
4 0.574219 0.863281 0.062500 0.062500
4 0.626953 0.884766 0.058594 0.066406
4 0.552734 0.931641 0.066406 0.066406
4 0.607422 0.955078 0.066406 0.066406
4 0.664062 0.970703 0.078125 0.058594
4 0.687500 0.916016 0.078125 0.074219
