0 0.756696 0.136161 0.066964 0.084821
0 0.810268 0.075893 0.066964 0.071429
0 0.812500 0.158482 0.053571 0.075893
0 0.754464 0.212054 0.053571 0.058036
0 0.805804 0.241071 0.066964 0.071429
0 0.758929 0.281250 0.062500 0.053571
0 0.808036 0.319196 0.062500 0.066964
0 0.763393 0.363839 0.062500 0.058036
0 0.808036 0.399554 0.062500 0.058036
0 0.948661 0.040179 0.058036 0.071429
0 0.955357 0.113839 0.062500 0.058036
0 0.957589 0.200893 0.049107 0.062500
0 0.948661 0.276786 0.049107 0.062500
0 0.986607 0.321429 0.026786 0.044643
0 0.955357 0.357143 0.044643 0.062500
0 0.984375 0.379464 0.031250 0.062500
0 0.959821 0.419643 0.053571 0.053571
0 0.984375 0.457589 0.031250 0.058036
0 0.953125 0.504464 0.058036 0.062500
0 0.957589 0.562500 0.040179 0.053571
