4 0.189453 0.677734 0.062500 0.058594
4 0.184570 0.751953 0.064453 0.054688
4 0.265625 0.749023 0.070312 0.056641
4 0.302734 0.806641 0.058594 0.054688
4 0.236328 0.839844 0.058594 0.050781
4 0.353516 0.863281 0.066406 0.050781
4 0.426758 0.628906 0.056641 0.054688
4 0.439453 0.558594 0.058594 0.054688
4 0.522461 0.573242 0.060547 0.056641
4 0.588867 0.541992 0.056641 0.056641
4 0.666016 0.578125 0.062500 0.058594
4 0.732422 0.556641 0.054688 0.058594
4 0.714844 0.476562 0.062500 0.050781
4 0.639648 0.458984 0.056641 0.058594
4 0.566406 0.445312 0.062500 0.058594
4 0.478516 0.359375 0.058594 0.058594
4 0.407227 0.383789 0.060547 0.056641
4 0.340820 0.410156 0.064453 0.054688
4 0.275391 0.381836 0.062500 0.052734
4 0.542969 0.320312 0.062500 0.054688
4 0.742188 0.417969 0.050781 0.046875
1 0.039062 0.267578 0.089844 0.207031
