2 0.477539 0.965820 0.107422 0.064453
2 0.219727 0.891602 0.111328 0.150391
2 0.271484 0.827148 0.093750 0.130859
2 0.318359 0.769531 0.093750 0.132812
2 0.406250 0.629883 0.101562 0.119141
2 0.471680 0.583984 0.080078 0.113281
2 0.524414 0.910156 0.107422 0.082031
2 0.640625 0.744141 0.101562 0.066406
2 0.500977 0.500977 0.068359 0.099609
2 0.555664 0.436523 0.072266 0.111328
2 0.611328 0.374023 0.074219 0.111328
2 0.690430 0.679688 0.150391 0.101562
2 0.740234 0.621094 0.128906 0.089844
2 0.787109 0.566406 0.113281 0.074219
2 0.817383 0.509766 0.103516 0.066406
2 0.868164 0.456055 0.115234 0.083984
2 0.905273 0.392578 0.115234 0.078125
2 0.749023 0.175781 0.091797 0.128906
2 0.659180 0.310547 0.068359 0.093750
2 0.708984 0.258789 0.062500 0.099609
2 0.724609 0.934570 0.093750 0.126953
2 0.760742 0.863281 0.080078 0.105469
2 0.810547 0.813477 0.078125 0.111328
2 0.862305 0.776367 0.064453 0.099609
2 0.902344 0.695312 0.078125 0.121094
