1 0.076172 0.083008 0.023438 0.041016
1 0.153320 0.112305 0.021484 0.025391
1 0.133789 0.033203 0.009766 0.035156
1 0.044922 0.301758 0.027344 0.037109
1 0.076172 0.229492 0.027344 0.029297
1 0.091797 0.478516 0.031250 0.031250
1 0.052734 0.454102 0.015625 0.033203
1 0.008789 0.414062 0.021484 0.042969
1 0.200195 0.587891 0.044922 0.019531
1 0.229492 0.663086 0.048828 0.013672
1 0.095703 0.688477 0.042969 0.013672
1 0.363281 0.693359 0.046875 0.019531
1 0.508789 0.769531 0.064453 0.027344
1 0.226562 0.809570 0.050781 0.013672
1 0.021484 0.824219 0.066406 0.027344
1 0.218750 0.933594 0.062500 0.023438
1 0.517578 0.956055 0.054688 0.041016
