1 0.912109 0.157227 0.039062 0.033203
1 0.854492 0.132812 0.029297 0.019531
1 0.942383 0.100586 0.025391 0.025391
1 0.968750 0.081055 0.019531 0.021484
1 0.812500 0.239258 0.031250 0.013672
1 0.806641 0.306641 0.027344 0.019531
1 0.725586 0.315430 0.025391 0.017578
1 0.556641 0.477539 0.027344 0.025391
1 0.526367 0.569336 0.029297 0.029297
1 0.483398 0.557617 0.029297 0.029297
1 0.500977 0.501953 0.029297 0.015625
1 0.488281 0.435547 0.023438 0.015625
1 0.461914 0.579102 0.033203 0.017578
1 0.410156 0.634766 0.023438 0.015625
1 0.368164 0.673828 0.033203 0.019531
1 0.309570 0.691406 0.033203 0.023438
1 0.340820 0.643555 0.033203 0.025391
1 0.288086 0.648438 0.033203 0.023438
1 0.333008 0.701172 0.029297 0.023438
1 0.280273 0.736328 0.037109 0.031250
1 0.242188 0.745117 0.035156 0.025391
1 0.327148 0.801758 0.068359 0.060547
1 0.097656 0.875000 0.035156 0.015625
1 0.105469 0.820312 0.027344 0.015625
3 0.041992 0.902344 0.025391 0.281250
1 0.152344 0.813477 0.035156 0.021484
1 0.097656 0.760742 0.011719 0.025391
1 0.025391 0.945312 0.027344 0.015625
1 0.050781 0.893555 0.031250 0.025391
1 0.124023 0.059570 0.115234 0.060547
