2 0.123047 0.119141 0.074219 0.085938
2 0.375977 0.120117 0.083984 0.083984
2 0.619141 0.126953 0.070312 0.074219
2 0.875000 0.118164 0.082031 0.076172
2 0.125977 0.367188 0.083984 0.074219
2 0.374023 0.365234 0.095703 0.082031
2 0.619141 0.369141 0.078125 0.062500
2 0.873047 0.370117 0.082031 0.064453
2 0.128906 0.614258 0.109375 0.060547
2 0.375977 0.618164 0.091797 0.041016
2 0.621094 0.615234 0.097656 0.054688
2 0.872070 0.619141 0.095703 0.050781
2 0.122070 0.867188 0.099609 0.066406
2 0.369141 0.868164 0.097656 0.056641
2 0.620117 0.868164 0.087891 0.064453
2 0.873047 0.868164 0.101562 0.076172
