4 0.416016 0.316406 0.113281 0.101562
4 0.341797 0.232422 0.113281 0.105469
4 0.267578 0.158203 0.113281 0.089844
4 0.195312 0.087891 0.125000 0.089844
4 0.109375 0.033203 0.125000 0.058594
4 0.585938 0.322266 0.125000 0.105469
4 0.505859 0.238281 0.136719 0.101562
4 0.433594 0.166016 0.101562 0.097656
4 0.349609 0.093750 0.113281 0.101562
4 0.273438 0.041016 0.117188 0.074219
4 0.779297 0.296875 0.113281 0.101562
4 0.861328 0.253906 0.128906 0.101562
4 0.779297 0.169922 0.136719 0.097656
4 0.695312 0.230469 0.117188 0.101562
4 0.626953 0.164062 0.121094 0.101562
4 0.707031 0.099609 0.132812 0.105469
4 0.626953 0.046875 0.144531 0.085938
4 0.527344 0.082031 0.140625 0.117188
4 0.466797 0.039062 0.121094 0.070312
