4 0.685547 0.478516 0.105469 0.089844
4 0.539062 0.500000 0.109375 0.109375
4 0.632812 0.558594 0.101562 0.109375
4 0.476562 0.576172 0.109375 0.105469
4 0.218750 0.515625 0.117188 0.117188
4 0.158203 0.587891 0.089844 0.097656
4 0.320312 0.556641 0.117188 0.105469
4 0.259766 0.630859 0.105469 0.097656
4 0.203125 0.697266 0.101562 0.105469
4 0.419922 0.640625 0.136719 0.117188
4 0.339844 0.716797 0.078125 0.089844
4 0.421875 0.767578 0.078125 0.082031
4 0.279297 0.794922 0.074219 0.113281
4 0.353516 0.824219 0.097656 0.093750
