1 0.162109 0.787109 0.035156 0.035156
1 0.384766 0.888672 0.042969 0.027344
1 0.447266 0.843750 0.042969 0.054688
1 0.560547 0.783203 0.050781 0.035156
1 0.605469 0.794922 0.046875 0.035156
1 0.841797 0.802734 0.035156 0.042969
1 0.960938 0.818359 0.054688 0.074219
1 0.947266 0.919922 0.058594 0.058594
1 0.708984 0.876953 0.050781 0.035156
1 0.605469 0.912109 0.031250 0.035156
1 0.478516 0.664062 0.042969 0.023438
1 0.417969 0.707031 0.023438 0.023438
1 0.859375 0.912109 0.039062 0.042969
1 0.806641 0.941406 0.027344 0.039062
1 0.697266 0.800781 0.027344 0.031250
1 0.732422 0.951172 0.027344 0.027344
