1 0.232422 0.177734 0.058594 0.066406
1 0.414062 0.251953 0.054688 0.074219
1 0.435547 0.349609 0.050781 0.097656
1 0.232422 0.373047 0.074219 0.128906
1 0.351562 0.429688 0.078125 0.117188
1 0.113281 0.451172 0.070312 0.082031
1 0.187500 0.552734 0.054688 0.082031
1 0.292969 0.580078 0.070312 0.066406
1 0.412109 0.558594 0.050781 0.085938
1 0.060547 0.642578 0.050781 0.066406
1 0.341797 0.666016 0.050781 0.074219
1 0.156250 0.726562 0.062500 0.085938
1 0.021484 0.828125 0.042969 0.093750
1 0.126953 0.843750 0.058594 0.070312
1 0.289062 0.794922 0.046875 0.058594
1 0.382812 0.806641 0.062500 0.058594
1 0.300781 0.945312 0.085938 0.101562
