4 0.839844 0.539062 0.015625 0.015625
4 0.818359 0.527344 0.019531 0.023438
4 0.855469 0.523438 0.023438 0.015625
4 0.792969 0.513672 0.023438 0.019531
4 0.779297 0.498047 0.019531 0.019531
4 0.791016 0.482422 0.019531 0.019531
4 0.810547 0.496094 0.019531 0.015625
4 0.832031 0.511719 0.023438 0.015625
4 0.824219 0.457031 0.023438 0.023438
4 0.841797 0.468750 0.019531 0.023438
4 0.857422 0.478516 0.027344 0.019531
4 0.878906 0.492188 0.023438 0.015625
4 0.839844 0.439453 0.023438 0.019531
4 0.857422 0.451172 0.019531 0.019531
4 0.876953 0.464844 0.019531 0.015625
4 0.892578 0.474609 0.027344 0.019531
3 0.343750 0.384766 0.031250 0.035156
3 0.361328 0.359375 0.042969 0.039062
