0 0.480469 0.515625 0.023438 0.015625
0 0.509766 0.509766 0.019531 0.027344
0 0.539062 0.513672 0.023438 0.027344
0 0.570312 0.513672 0.023438 0.027344
0 0.601562 0.519531 0.031250 0.031250
0 0.650391 0.521484 0.027344 0.035156
0 0.740234 0.525391 0.027344 0.027344
0 0.792969 0.527344 0.031250 0.031250
0 0.849609 0.531250 0.027344 0.031250
0 0.539062 0.638672 0.023438 0.035156
0 0.597656 0.646484 0.031250 0.035156
0 0.658203 0.646484 0.027344 0.042969
0 0.708984 0.648438 0.027344 0.031250
0 0.775391 0.652344 0.027344 0.031250
0 0.828125 0.654297 0.023438 0.027344
0 0.884766 0.652344 0.027344 0.031250
0 0.943359 0.658203 0.027344 0.027344
0 0.328125 0.773438 0.031250 0.031250
0 0.357422 0.738281 0.042969 0.031250
0 0.386719 0.777344 0.031250 0.039062
0 0.416016 0.742188 0.027344 0.031250
0 0.441406 0.775391 0.031250 0.035156
0 0.478516 0.746094 0.019531 0.031250
0 0.505859 0.781250 0.027344 0.039062
0 0.535156 0.748047 0.031250 0.035156
0 0.562500 0.785156 0.023438 0.031250
0 0.589844 0.753906 0.031250 0.031250
0 0.625000 0.785156 0.031250 0.031250
0 0.660156 0.751953 0.023438 0.035156
0 0.687500 0.777344 0.023438 0.031250
0 0.714844 0.750000 0.031250 0.031250
0 0.748047 0.789062 0.027344 0.031250
0 0.792969 0.794922 0.039062 0.035156
0 0.832031 0.755859 0.023438 0.035156
0 0.863281 0.794922 0.023438 0.035156
0 0.904297 0.757812 0.035156 0.031250
0 0.921875 0.800781 0.023438 0.031250
0 0.949219 0.767578 0.031250 0.035156
0 0.353516 0.906250 0.042969 0.031250
0 0.382812 0.878906 0.023438 0.031250
0 0.410156 0.912109 0.023438 0.027344
0 0.439453 0.878906 0.027344 0.031250
0 0.474609 0.902344 0.019531 0.023438
0 0.500000 0.882812 0.023438 0.039062
0 0.531250 0.908203 0.031250 0.035156
0 0.556641 0.884766 0.027344 0.035156
0 0.587891 0.921875 0.027344 0.039062
0 0.615234 0.884766 0.027344 0.042969
0 0.642578 0.921875 0.027344 0.031250
0 0.675781 0.890625 0.023438 0.031250
0 0.701172 0.929688 0.035156 0.046875
0 0.726562 0.888672 0.031250 0.035156
0 0.759766 0.929688 0.035156 0.031250
0 0.785156 0.894531 0.031250 0.031250
0 0.814453 0.933594 0.035156 0.039062
0 0.845703 0.902344 0.035156 0.031250
0 0.876953 0.931641 0.035156 0.035156
0 0.906250 0.904297 0.031250 0.035156
0 0.931641 0.943359 0.035156 0.035156
0 0.962891 0.910156 0.027344 0.031250
0 0.984375 0.949219 0.031250 0.039062
