4 0.523438 0.531250 0.039062 0.031250
4 0.597656 0.529297 0.023438 0.019531
4 0.738281 0.533203 0.039062 0.035156
4 0.802734 0.533203 0.035156 0.027344
4 0.869141 0.531250 0.042969 0.023438
4 0.919922 0.529297 0.027344 0.027344
4 0.593750 0.332031 0.046875 0.039062
4 0.675781 0.332031 0.054688 0.039062
4 0.583984 0.267578 0.042969 0.035156
4 0.677734 0.257812 0.066406 0.046875
4 0.787109 0.238281 0.035156 0.023438
4 0.765625 0.324219 0.054688 0.046875
4 0.871094 0.349609 0.023438 0.027344
4 0.843750 0.314453 0.031250 0.019531
4 0.843750 0.277344 0.031250 0.023438
4 0.892578 0.314453 0.035156 0.019531
4 0.892578 0.277344 0.035156 0.023438
4 0.941406 0.314453 0.031250 0.019531
4 0.941406 0.275391 0.039062 0.027344
4 0.988281 0.312500 0.023438 0.023438
4 0.988281 0.277344 0.023438 0.031250
3 0.378906 0.066406 0.039062 0.015625
