2 0.120117 0.123047 0.099609 0.058594
2 0.373047 0.120117 0.097656 0.076172
2 0.618164 0.117188 0.107422 0.085938
2 0.871094 0.123047 0.066406 0.082031
2 0.119141 0.374023 0.066406 0.080078
2 0.369141 0.375977 0.042969 0.068359
2 0.617188 0.378906 0.062500 0.082031
2 0.872070 0.377930 0.037109 0.056641
2 0.118164 0.624023 0.041016 0.068359
2 0.371094 0.629883 0.050781 0.064453
2 0.625000 0.627930 0.039062 0.060547
2 0.874023 0.623047 0.064453 0.082031
2 0.121094 0.872070 0.070312 0.083984
2 0.373047 0.869141 0.070312 0.078125
2 0.624023 0.871094 0.080078 0.082031
2 0.874023 0.871094 0.080078 0.078125
