2 0.128906 0.123047 0.078125 0.085938
2 0.376953 0.118164 0.074219 0.087891
2 0.625977 0.116211 0.080078 0.087891
2 0.875000 0.118164 0.085938 0.091797
2 0.126953 0.365234 0.093750 0.089844
2 0.376953 0.367188 0.093750 0.085938
2 0.623047 0.371094 0.085938 0.066406
2 0.878906 0.369141 0.085938 0.058594
2 0.122070 0.620117 0.083984 0.052734
2 0.376953 0.618164 0.093750 0.048828
2 0.626953 0.621094 0.089844 0.054688
2 0.874023 0.620117 0.087891 0.072266
2 0.120117 0.871094 0.091797 0.085938
2 0.364258 0.870117 0.072266 0.076172
2 0.617188 0.869141 0.078125 0.085938
2 0.871094 0.870117 0.074219 0.087891
