1 0.977539 0.673828 0.033203 0.019531
1 0.918945 0.691406 0.033203 0.023438
1 0.950195 0.643555 0.033203 0.025391
1 0.897461 0.648438 0.033203 0.023438
1 0.942383 0.701172 0.029297 0.023438
1 0.889648 0.736328 0.037109 0.031250
1 0.851562 0.745117 0.035156 0.025391
1 0.936523 0.801758 0.068359 0.060547
1 0.707031 0.875000 0.035156 0.015625
1 0.714844 0.820312 0.027344 0.015625
3 0.651367 0.902344 0.025391 0.281250
1 0.761719 0.813477 0.035156 0.021484
1 0.707031 0.760742 0.011719 0.025391
1 0.634766 0.945312 0.027344 0.015625
1 0.660156 0.893555 0.031250 0.025391
1 0.591797 0.916016 0.019531 0.015625
1 0.532227 0.906250 0.056641 0.023438
1 0.581055 0.861328 0.056641 0.027344
1 0.733398 0.059570 0.115234 0.060547
1 0.444336 0.220703 0.115234 0.070312
