4 0.060547 0.878906 0.113281 0.140625
4 0.080078 0.705078 0.128906 0.136719
4 0.097656 0.535156 0.085938 0.109375
4 0.183594 0.443359 0.101562 0.113281
4 0.888672 0.771484 0.121094 0.136719
4 0.865234 0.601562 0.121094 0.125000
4 0.845703 0.435547 0.113281 0.128906
4 0.949219 0.320312 0.101562 0.148438
4 0.585938 0.351562 0.085938 0.101562
4 0.685547 0.333984 0.082031 0.097656
4 0.667969 0.214844 0.093750 0.101562
4 0.568359 0.232422 0.089844 0.105469
4 0.062500 0.220703 0.117188 0.113281
4 0.150391 0.097656 0.113281 0.140625
4 0.316406 0.126953 0.101562 0.121094
4 0.421875 0.111328 0.085938 0.113281
4 0.527344 0.091797 0.093750 0.113281
4 0.623047 0.068359 0.097656 0.113281
