2 0.625977 0.027344 0.115234 0.054688
2 0.618164 0.079102 0.099609 0.056641
2 0.581055 0.135742 0.099609 0.064453
2 0.514648 0.433594 0.119141 0.054688
2 0.526367 0.368164 0.123047 0.060547
2 0.500000 0.500000 0.128906 0.066406
2 0.510742 0.561523 0.099609 0.048828
2 0.497070 0.619141 0.103516 0.042969
2 0.496094 0.678711 0.093750 0.060547
2 0.497070 0.744141 0.087891 0.050781
2 0.498047 0.807617 0.093750 0.060547
2 0.512695 0.865234 0.095703 0.058594
2 0.557617 0.928711 0.111328 0.056641
2 0.039062 0.742188 0.078125 0.101562
2 0.094727 0.905273 0.099609 0.115234
2 0.041016 0.864258 0.082031 0.099609
