4 0.927734 0.822266 0.113281 0.097656
4 0.917969 0.910156 0.093750 0.085938
4 0.769531 0.994141 0.125000 0.011719
4 0.771484 0.943359 0.121094 0.105469
4 0.777344 0.832031 0.132812 0.109375
4 0.785156 0.728516 0.117188 0.089844
4 0.671875 0.708984 0.109375 0.113281
4 0.664062 0.822266 0.109375 0.097656
4 0.650391 0.927734 0.113281 0.089844
4 0.546875 0.716797 0.132812 0.121094
4 0.537109 0.824219 0.144531 0.117188
4 0.527344 0.929688 0.125000 0.109375
4 0.412109 0.705078 0.113281 0.121094
4 0.392578 0.800781 0.113281 0.109375
4 0.390625 0.896484 0.101562 0.113281
4 0.291016 0.699219 0.121094 0.109375
4 0.277344 0.796875 0.117188 0.117188
4 0.277344 0.882812 0.117188 0.125000
4 0.134766 0.689453 0.113281 0.105469
4 0.130859 0.783203 0.113281 0.128906
4 0.035156 0.685547 0.062500 0.121094
4 0.033203 0.787109 0.058594 0.113281
4 0.384766 0.568359 0.152344 0.105469
4 0.716797 0.330078 0.105469 0.074219
4 0.826172 0.162109 0.082031 0.097656
4 0.910156 0.164062 0.085938 0.101562
4 0.273438 0.177734 0.085938 0.082031
4 0.140625 0.291016 0.101562 0.082031
4 0.507812 0.566406 0.117188 0.101562
1 0.150391 0.054688 0.167969 0.101562
1 0.060547 0.169922 0.113281 0.136719
