1 0.966797 0.630859 0.058594 0.058594
1 0.986328 0.519531 0.027344 0.031250
1 0.976562 0.386719 0.046875 0.031250
1 0.923828 0.673828 0.066406 0.035156
1 0.820312 0.785156 0.046875 0.031250
1 0.736328 0.863281 0.066406 0.039062
1 0.619141 0.898438 0.066406 0.046875
1 0.681641 0.802734 0.066406 0.050781
1 0.576172 0.812500 0.066406 0.046875
1 0.666016 0.917969 0.058594 0.046875
1 0.560547 0.978516 0.074219 0.042969
1 0.484375 0.990234 0.070312 0.019531
1 0.664062 0.724609 0.078125 0.050781
1 0.349609 0.962891 0.097656 0.058594
1 0.845703 0.722656 0.105469 0.062500
1 0.814453 0.638672 0.074219 0.074219
1 0.933594 0.519531 0.054688 0.062500
1 0.890625 0.587891 0.039062 0.058594
