0 0.042411 0.283482 0.084821 0.156250
0 0.042411 0.495536 0.084821 0.116071
0 0.046875 0.712054 0.093750 0.102679
0 0.044643 0.937500 0.089286 0.125000
0 0.421875 0.044643 0.156250 0.089286
0 0.421875 0.265625 0.156250 0.120536
0 0.421875 0.479911 0.138393 0.147321
0 0.430804 0.700893 0.138393 0.125000
0 0.428571 0.926339 0.125000 0.129464
0 0.908482 0.058036 0.183036 0.116071
0 0.912946 0.243304 0.174107 0.084821
0 0.917411 0.395089 0.165179 0.093750
0 0.919643 0.558036 0.160714 0.107143
0 0.917411 0.725446 0.165179 0.093750
0 0.919643 0.890625 0.160714 0.075893
