2 0.123047 0.126953 0.062500 0.074219
2 0.375977 0.135742 0.044922 0.044922
2 0.628906 0.135742 0.042969 0.044922
2 0.875977 0.140625 0.041016 0.035156
2 0.122070 0.386719 0.041016 0.042969
2 0.377930 0.372070 0.052734 0.076172
2 0.623047 0.378906 0.058594 0.066406
2 0.875977 0.377930 0.068359 0.080078
2 0.124023 0.628906 0.068359 0.074219
2 0.374023 0.629883 0.072266 0.056641
2 0.628906 0.631836 0.082031 0.060547
2 0.876953 0.628906 0.085938 0.070312
2 0.132812 0.876953 0.085938 0.054688
2 0.384766 0.874023 0.097656 0.060547
2 0.625977 0.875977 0.087891 0.060547
2 0.871094 0.880859 0.078125 0.039062
