2 0.119141 0.118164 0.082031 0.072266
2 0.369141 0.116211 0.082031 0.072266
2 0.622070 0.120117 0.072266 0.048828
2 0.875000 0.117188 0.085938 0.054688
2 0.125000 0.371094 0.078125 0.050781
2 0.376953 0.371094 0.074219 0.039062
2 0.624023 0.367188 0.076172 0.046875
2 0.874023 0.368164 0.076172 0.048828
2 0.125000 0.621094 0.078125 0.039062
2 0.376953 0.619141 0.082031 0.054688
2 0.627930 0.619141 0.083984 0.070312
2 0.875977 0.617188 0.080078 0.070312
2 0.125977 0.868164 0.083984 0.072266
2 0.374023 0.868164 0.083984 0.076172
2 0.625977 0.869141 0.083984 0.082031
2 0.874023 0.870117 0.087891 0.087891
