0 0.660156 0.693359 0.015625 0.019531
0 0.687500 0.695312 0.015625 0.015625
0 0.699219 0.705078 0.015625 0.019531
0 0.708984 0.693359 0.019531 0.019531
0 0.718750 0.707031 0.015625 0.015625
0 0.728516 0.695312 0.019531 0.015625
0 0.738281 0.708984 0.015625 0.019531
0 0.751953 0.699219 0.011719 0.015625
0 0.761719 0.708984 0.015625 0.011719
0 0.773438 0.697266 0.015625 0.019531
0 0.783203 0.708984 0.019531 0.011719
0 0.794922 0.695312 0.019531 0.015625
0 0.804688 0.710938 0.015625 0.015625
0 0.820312 0.699219 0.015625 0.015625
0 0.828125 0.712891 0.015625 0.019531
0 0.841797 0.699219 0.011719 0.015625
0 0.863281 0.699219 0.015625 0.015625
0 0.884766 0.699219 0.019531 0.015625
0 0.853516 0.712891 0.019531 0.011719
0 0.875000 0.710938 0.015625 0.015625
0 0.894531 0.712891 0.023438 0.011719
