2 0.125000 0.122070 0.082031 0.037109
2 0.379883 0.119141 0.087891 0.046875
2 0.626953 0.120117 0.085938 0.052734
2 0.875000 0.122070 0.093750 0.060547
2 0.129883 0.373047 0.091797 0.062500
2 0.376953 0.374023 0.089844 0.060547
2 0.625977 0.375000 0.080078 0.066406
2 0.873047 0.371094 0.082031 0.074219
2 0.123047 0.623047 0.085938 0.082031
2 0.373047 0.621094 0.097656 0.089844
2 0.624023 0.618164 0.080078 0.087891
2 0.872070 0.623047 0.080078 0.093750
2 0.120117 0.870117 0.072266 0.091797
2 0.369141 0.875977 0.066406 0.083984
2 0.624023 0.879883 0.064453 0.076172
2 0.872070 0.888672 0.060547 0.062500
