0 0.089286 0.064732 0.178571 0.129464
0 0.084821 0.263393 0.169643 0.116071
0 0.087054 0.497768 0.174107 0.156250
0 0.087054 0.709821 0.174107 0.133929
0 0.084821 0.933036 0.169643 0.133929
0 0.714286 0.093750 0.196429 0.142857
0 0.544643 0.223214 0.187500 0.151786
0 0.707589 0.323661 0.183036 0.129464
0 0.544643 0.448661 0.196429 0.138393
0 0.703125 0.544643 0.191964 0.125000
0 0.546875 0.660714 0.191964 0.125000
0 0.705357 0.770089 0.196429 0.129464
0 0.542411 0.883929 0.183036 0.133929
0 0.709821 0.950893 0.205357 0.098214
