2 0.120117 0.124023 0.072266 0.083984
2 0.375000 0.125977 0.074219 0.087891
2 0.622070 0.125000 0.072266 0.082031
2 0.875000 0.125000 0.046875 0.054688
2 0.125977 0.375000 0.076172 0.078125
2 0.374023 0.386719 0.044922 0.058594
2 0.622070 0.383789 0.048828 0.068359
2 0.870117 0.382812 0.056641 0.062500
2 0.127930 0.625977 0.076172 0.083984
2 0.374023 0.620117 0.052734 0.080078
2 0.621094 0.630859 0.066406 0.074219
2 0.875000 0.622070 0.082031 0.083984
2 0.122070 0.875977 0.068359 0.068359
2 0.373047 0.868164 0.082031 0.080078
2 0.627930 0.867188 0.083984 0.078125
2 0.874023 0.874023 0.087891 0.072266
