1 0.980469 0.523438 0.039062 0.046875
1 0.951172 0.437500 0.066406 0.046875
1 0.935547 0.613281 0.074219 0.062500
1 0.859375 0.630859 0.070312 0.050781
1 0.980469 0.744141 0.039062 0.121094
1 0.570312 0.890625 0.070312 0.031250
1 0.585938 0.781250 0.054688 0.031250
3 0.458984 0.832031 0.050781 0.335938
1 0.679688 0.767578 0.070312 0.042969
1 0.570312 0.662109 0.023438 0.050781
1 0.476562 0.927734 0.062500 0.050781
1 0.339844 0.972656 0.039062 0.031250
1 0.220703 0.953125 0.113281 0.046875
1 0.318359 0.863281 0.113281 0.054688
