1 0.414375 0.515000 0.031250 0.022500
1 0.198125 0.139375 0.018750 0.016250
1 0.431875 0.524375 0.018750 0.028750
1 0.130000 0.088125 0.010000 0.013750
1 0.563750 0.567500 0.015000 0.015000
1 0.046250 0.173125 0.010000 0.011250
1 0.589375 0.566875 0.013750 0.016250
1 0.065000 0.223125 0.022500 0.026250
1 0.951875 0.608125 0.031250 0.016250
1 0.400000 0.508125 0.027500 0.021250
1 0.412500 0.342500 0.042500 0.025000
1 0.246875 0.186250 0.021250 0.020000
1 0.304375 0.194375 0.013750 0.013750
1 0.681875 0.382500 0.018750 0.022500
