4 0.210938 0.525391 0.031250 0.019531
4 0.220703 0.542969 0.027344 0.031250
4 0.283203 0.503906 0.027344 0.031250
4 0.259766 0.517578 0.035156 0.027344
4 0.294922 0.531250 0.027344 0.031250
4 0.267578 0.542969 0.027344 0.031250
4 0.306641 0.554688 0.027344 0.031250
4 0.281250 0.566406 0.031250 0.031250
4 0.152344 0.689453 0.046875 0.042969
4 0.167969 0.585938 0.046875 0.031250
4 0.228516 0.595703 0.035156 0.027344
3 0.410156 0.046875 0.046875 0.046875
4 0.335938 0.519531 0.031250 0.031250
4 0.353516 0.541016 0.027344 0.035156
4 0.216797 0.644531 0.035156 0.039062
4 0.160156 0.634766 0.031250 0.027344
