4 0.056641 0.908203 0.105469 0.105469
4 0.228516 0.386719 0.105469 0.117188
4 0.367188 0.443359 0.117188 0.121094
4 0.505859 0.500000 0.121094 0.109375
4 0.443359 0.628906 0.121094 0.117188
4 0.312500 0.574219 0.109375 0.117188
4 0.187500 0.507812 0.140625 0.117188
4 0.119141 0.640625 0.144531 0.109375
4 0.156250 0.785156 0.109375 0.101562
4 0.212891 0.679688 0.089844 0.117188
4 0.335938 0.736328 0.117188 0.105469
4 0.265625 0.826172 0.117188 0.097656
4 0.117188 0.083984 0.117188 0.121094
4 0.250000 0.140625 0.125000 0.101562
4 0.447266 0.074219 0.113281 0.125000
4 0.384766 0.205078 0.121094 0.121094
4 0.802734 0.070312 0.121094 0.101562
4 0.607422 0.144531 0.113281 0.117188
4 0.748047 0.199219 0.121094 0.117188
4 0.548828 0.273438 0.105469 0.109375
4 0.697266 0.326172 0.136719 0.121094
4 0.943359 0.279297 0.113281 0.121094
4 0.875000 0.404297 0.117188 0.113281
