4 0.901367 0.946289 0.060547 0.072266
4 0.968750 0.952148 0.062500 0.076172
4 0.509766 0.930664 0.066406 0.068359
4 0.564453 0.874023 0.062500 0.064453
4 0.640625 0.888672 0.066406 0.066406
4 0.686523 0.829102 0.060547 0.072266
4 0.764648 0.812500 0.060547 0.062500
4 0.755859 0.728516 0.062500 0.066406
4 0.944336 0.583008 0.068359 0.068359
4 0.925781 0.500977 0.066406 0.068359
4 0.854492 0.531250 0.060547 0.066406
4 0.805664 0.479492 0.072266 0.060547
4 0.853516 0.420898 0.070312 0.064453
4 0.751953 0.431641 0.074219 0.066406
