4 0.080078 0.091797 0.113281 0.113281
4 0.222656 0.458984 0.093750 0.097656
4 0.332031 0.478516 0.093750 0.089844
4 0.437500 0.494141 0.085938 0.089844
4 0.548828 0.507812 0.105469 0.085938
4 0.677734 0.583984 0.113281 0.105469
4 0.798828 0.533203 0.121094 0.105469
4 0.884766 0.632812 0.105469 0.109375
4 0.593750 0.695312 0.101562 0.085938
4 0.419922 0.630859 0.082031 0.082031
4 0.316406 0.625000 0.109375 0.101562
4 0.166016 0.589844 0.082031 0.085938
4 0.156250 0.691406 0.093750 0.085938
4 0.294922 0.712891 0.089844 0.089844
4 0.414062 0.730469 0.117188 0.101562
4 0.544922 0.787109 0.097656 0.089844
4 0.654297 0.822266 0.105469 0.097656
4 0.691406 0.734375 0.093750 0.093750
4 0.207031 0.232422 0.093750 0.097656
4 0.320312 0.248047 0.101562 0.082031
4 0.197266 0.333984 0.097656 0.089844
4 0.304688 0.341797 0.101562 0.089844
4 0.933594 0.132812 0.132812 0.117188
4 0.869141 0.265625 0.144531 0.109375
4 0.748047 0.304688 0.121094 0.093750
4 0.906250 0.410156 0.109375 0.101562
