4 0.717773 0.942383 0.064453 0.068359
4 0.651367 0.958008 0.060547 0.068359
4 0.583984 0.973633 0.054688 0.064453
4 0.526367 0.971680 0.044922 0.048828
4 0.298828 0.586914 0.050781 0.048828
4 0.289062 0.526367 0.039062 0.044922
4 0.288086 0.466797 0.048828 0.046875
4 0.287109 0.412109 0.042969 0.039062
4 0.368164 0.541992 0.072266 0.068359
4 0.440430 0.529297 0.064453 0.070312
4 0.523438 0.507812 0.066406 0.066406
4 0.595703 0.495117 0.054688 0.068359
4 0.358398 0.459961 0.060547 0.072266
4 0.427734 0.445312 0.062500 0.062500
4 0.510742 0.424805 0.064453 0.068359
4 0.583984 0.410156 0.054688 0.066406
4 0.344727 0.375000 0.060547 0.066406
4 0.415039 0.361328 0.060547 0.070312
4 0.499023 0.340820 0.052734 0.068359
4 0.569336 0.327148 0.056641 0.076172
