2 0.391602 0.041992 0.080078 0.083984
2 0.082031 0.359375 0.113281 0.117188
2 0.275391 0.348633 0.113281 0.111328
2 0.084961 0.463867 0.099609 0.107422
2 0.241211 0.484375 0.103516 0.101562
2 0.326172 0.499023 0.093750 0.083984
2 0.415039 0.498047 0.095703 0.089844
2 0.500977 0.500000 0.103516 0.097656
2 0.584961 0.504883 0.103516 0.103516
2 0.064453 0.717773 0.089844 0.107422
2 0.141602 0.708984 0.091797 0.113281
2 0.241211 0.733398 0.099609 0.119141
2 0.316406 0.722656 0.097656 0.117188
2 0.397461 0.732422 0.087891 0.109375
2 0.484375 0.738281 0.093750 0.117188
2 0.561523 0.736328 0.076172 0.105469
2 0.100586 0.837891 0.099609 0.113281
2 0.369141 0.846680 0.109375 0.107422
2 0.503906 0.884766 0.085938 0.089844
