1 0.113281 0.593750 0.039062 0.125000
1 0.076172 0.238281 0.035156 0.078125
1 0.259766 0.238281 0.082031 0.039062
1 0.343750 0.722656 0.085938 0.039062
1 0.251953 0.416016 0.097656 0.042969
1 0.566406 0.806641 0.046875 0.105469
1 0.468750 0.603516 0.054688 0.035156
1 0.408203 0.427734 0.066406 0.027344
1 0.609375 0.423828 0.046875 0.035156
1 0.218750 0.337891 0.062500 0.027344
1 0.357422 0.083984 0.058594 0.035156
1 0.476562 0.078125 0.054688 0.039062
1 0.398438 0.136719 0.062500 0.031250
1 0.482422 0.164062 0.058594 0.039062
1 0.593750 0.312500 0.054688 0.039062
