4 0.297852 0.810547 0.064453 0.050781
4 0.277344 0.750977 0.050781 0.044922
4 0.282227 0.690430 0.056641 0.052734
4 0.284180 0.632812 0.048828 0.050781
4 0.341797 0.602539 0.070312 0.068359
4 0.415039 0.585938 0.052734 0.062500
4 0.490234 0.564453 0.062500 0.066406
4 0.568359 0.550781 0.070312 0.074219
4 0.354492 0.684570 0.060547 0.064453
4 0.426758 0.668945 0.060547 0.068359
4 0.512695 0.653320 0.068359 0.064453
4 0.580078 0.633789 0.058594 0.068359
4 0.366211 0.769531 0.068359 0.066406
4 0.436523 0.753906 0.068359 0.066406
4 0.522461 0.732422 0.064453 0.070312
4 0.590820 0.720703 0.064453 0.066406
1 0.127930 0.802734 0.029297 0.132812
