2 0.876953 0.301758 0.113281 0.060547
2 0.877930 0.367188 0.099609 0.062500
2 0.850586 0.480469 0.119141 0.062500
2 0.843750 0.641602 0.125000 0.052734
2 0.818359 0.753906 0.117188 0.054688
2 0.810547 0.822266 0.089844 0.050781
2 0.796875 0.915039 0.101562 0.052734
2 0.562500 0.120117 0.117188 0.052734
2 0.565430 0.168945 0.126953 0.060547
2 0.539062 0.227539 0.125000 0.060547
2 0.547852 0.281250 0.103516 0.050781
2 0.527344 0.342773 0.117188 0.048828
2 0.524414 0.393555 0.134766 0.060547
2 0.500977 0.500977 0.123047 0.052734
2 0.504883 0.557617 0.119141 0.052734
2 0.485352 0.613281 0.119141 0.054688
2 0.486328 0.670898 0.113281 0.052734
2 0.459961 0.828125 0.107422 0.050781
2 0.457031 0.886719 0.128906 0.050781
2 0.444336 0.943359 0.115234 0.050781
