2 0.122070 0.134766 0.091797 0.058594
2 0.377930 0.125977 0.080078 0.048828
2 0.625977 0.128906 0.083984 0.046875
2 0.874023 0.129883 0.087891 0.037109
2 0.124023 0.381836 0.068359 0.025391
2 0.369141 0.377930 0.085938 0.044922
2 0.619141 0.377930 0.089844 0.048828
2 0.873047 0.377930 0.078125 0.052734
2 0.123047 0.628906 0.082031 0.058594
2 0.368164 0.629883 0.076172 0.064453
2 0.621094 0.627930 0.078125 0.068359
2 0.869141 0.625977 0.082031 0.087891
2 0.120117 0.883789 0.052734 0.064453
2 0.369141 0.887695 0.035156 0.044922
2 0.614258 0.882812 0.044922 0.050781
2 0.867188 0.873047 0.066406 0.085938
