0 0.957589 0.191964 0.049107 0.062500
0 0.857143 0.191964 0.053571 0.062500
0 0.756696 0.180804 0.049107 0.058036
0 0.660714 0.178571 0.053571 0.071429
0 0.558036 0.174107 0.044643 0.071429
0 0.448661 0.169643 0.049107 0.062500
0 0.343750 0.162946 0.044643 0.058036
0 0.243304 0.158482 0.058036 0.058036
0 0.138393 0.162946 0.035714 0.058036
0 0.033482 0.147321 0.066964 0.062500
0 0.198661 0.495536 0.049107 0.044643
0 0.247768 0.537946 0.040179 0.049107
0 0.274554 0.500000 0.040179 0.044643
0 0.312500 0.533482 0.044643 0.049107
0 0.343750 0.493304 0.035714 0.031250
0 0.381696 0.529018 0.040179 0.040179
0 0.415179 0.493304 0.035714 0.040179
0 0.450893 0.533482 0.035714 0.040179
0 0.482143 0.493304 0.044643 0.058036
0 0.520089 0.524554 0.040179 0.031250
0 0.555804 0.493304 0.040179 0.040179
0 0.593750 0.529018 0.044643 0.040179
0 0.627232 0.488839 0.040179 0.049107
0 0.660714 0.524554 0.044643 0.040179
0 0.691964 0.488839 0.044643 0.049107
0 0.727679 0.524554 0.044643 0.031250
0 0.763393 0.486607 0.044643 0.035714
0 0.796875 0.520089 0.049107 0.049107
0 0.832589 0.486607 0.040179 0.044643
0 0.866071 0.524554 0.035714 0.040179
0 0.901786 0.486607 0.044643 0.044643
0 0.937500 0.522321 0.044643 0.044643
0 0.973214 0.484375 0.044643 0.049107
0 0.966518 0.703125 0.049107 0.040179
0 0.930804 0.665179 0.049107 0.044643
0 0.897321 0.700893 0.044643 0.044643
0 0.857143 0.665179 0.044643 0.044643
0 0.823661 0.705357 0.049107 0.044643
0 0.794643 0.662946 0.053571 0.049107
0 0.756696 0.700893 0.040179 0.035714
0 0.720982 0.665179 0.049107 0.053571
0 0.689732 0.705357 0.040179 0.044643
0 0.656250 0.667411 0.053571 0.049107
0 0.620536 0.707589 0.044643 0.040179
0 0.587054 0.669643 0.049107 0.044643
0 0.549107 0.707589 0.053571 0.040179
0 0.522321 0.669643 0.053571 0.044643
0 0.482143 0.712054 0.035714 0.040179
0 0.446429 0.669643 0.035714 0.044643
0 0.408482 0.709821 0.049107 0.044643
0 0.379464 0.669643 0.044643 0.053571
0 0.339286 0.707589 0.044643 0.040179
0 0.308036 0.667411 0.044643 0.049107
0 0.272321 0.714286 0.035714 0.044643
0 0.241071 0.671875 0.053571 0.049107
0 0.196429 0.709821 0.044643 0.044643
0 0.171875 0.671875 0.049107 0.049107
0 0.136161 0.709821 0.040179 0.044643
0 0.098214 0.676339 0.044643 0.040179
0 0.064732 0.714286 0.040179 0.044643
0 0.024554 0.676339 0.040179 0.040179
0 0.064732 0.899554 0.049107 0.049107
0 0.142857 0.899554 0.053571 0.049107
0 0.214286 0.899554 0.044643 0.049107
0 0.283482 0.897321 0.049107 0.044643
0 0.348214 0.899554 0.044643 0.040179
0 0.417411 0.892857 0.049107 0.044643
0 0.488839 0.899554 0.049107 0.049107
0 0.558036 0.890625 0.044643 0.049107
0 0.629464 0.892857 0.044643 0.044643
0 0.691964 0.895089 0.044643 0.040179
0 0.765625 0.890625 0.049107 0.040179
0 0.834821 0.890625 0.035714 0.058036
0 0.904018 0.886161 0.040179 0.049107
0 0.970982 0.890625 0.040179 0.040179
