2 0.119141 0.125977 0.058594 0.080078
2 0.374023 0.125000 0.080078 0.089844
2 0.624023 0.119141 0.083984 0.097656
2 0.871094 0.125000 0.085938 0.085938
2 0.119141 0.369141 0.089844 0.089844
2 0.370117 0.375000 0.095703 0.085938
2 0.624023 0.373047 0.091797 0.078125
2 0.875977 0.374023 0.095703 0.072266
2 0.115234 0.624023 0.074219 0.068359
2 0.374023 0.621094 0.087891 0.054688
2 0.624023 0.621094 0.087891 0.046875
2 0.875977 0.622070 0.099609 0.048828
2 0.120117 0.875000 0.076172 0.027344
2 0.369141 0.874023 0.085938 0.048828
2 0.617188 0.873047 0.078125 0.042969
2 0.871094 0.873047 0.078125 0.046875
