1 0.304688 0.131836 0.058594 0.044922
4 0.416016 0.850586 0.058594 0.056641
4 0.490234 0.860352 0.062500 0.056641
4 0.565430 0.872070 0.052734 0.052734
4 0.407227 0.920898 0.060547 0.060547
4 0.482422 0.930664 0.058594 0.064453
4 0.547852 0.941406 0.060547 0.054688
4 0.733398 0.401367 0.052734 0.056641
4 0.805664 0.377930 0.052734 0.056641
4 0.757812 0.466797 0.058594 0.054688
4 0.829102 0.445312 0.056641 0.050781
4 0.923828 0.410156 0.054688 0.050781
4 0.997070 0.448242 0.005859 0.052734
4 0.946289 0.475586 0.060547 0.052734
4 0.857422 0.510742 0.066406 0.060547
4 0.782227 0.535156 0.060547 0.054688
4 0.881836 0.579102 0.056641 0.056641
4 0.813477 0.603516 0.052734 0.058594
4 0.834961 0.669922 0.056641 0.054688
4 0.905273 0.642578 0.056641 0.054688
4 0.862305 0.732422 0.052734 0.058594
4 0.928711 0.709961 0.056641 0.056641
4 0.887695 0.802734 0.056641 0.058594
4 0.958984 0.778320 0.058594 0.052734
4 0.976562 0.843750 0.046875 0.054688
4 0.914062 0.870117 0.058594 0.052734
4 0.935547 0.936523 0.058594 0.060547
4 0.990234 0.911133 0.019531 0.052734
4 0.974609 0.543945 0.050781 0.056641
4 0.985352 0.608398 0.029297 0.056641
4 0.998047 0.673828 0.003906 0.058594
