2 0.427734 0.041016 0.128906 0.082031
2 0.234375 0.115234 0.113281 0.085938
2 0.045898 0.100586 0.091797 0.080078
2 0.183594 0.172852 0.097656 0.068359
2 0.100586 0.205078 0.115234 0.085938
2 0.138672 0.631836 0.136719 0.103516
2 0.094727 0.520508 0.119141 0.091797
2 0.225586 0.592773 0.130859 0.091797
2 0.328125 0.561523 0.148438 0.107422
2 0.185547 0.498047 0.125000 0.089844
2 0.274414 0.461914 0.123047 0.091797
2 0.345703 0.422852 0.113281 0.087891
2 0.421875 0.535156 0.105469 0.074219
2 0.500977 0.500977 0.142578 0.099609
2 0.592773 0.461914 0.076172 0.068359
2 0.401367 0.369141 0.103516 0.085938
2 0.703125 0.403320 0.121094 0.087891
2 0.916992 0.636719 0.162109 0.117188
2 0.831055 0.678711 0.115234 0.080078
2 0.735352 0.696289 0.119141 0.080078
2 0.682617 0.739258 0.083984 0.064453
2 0.738281 0.836914 0.097656 0.083984
2 0.597656 0.902344 0.125000 0.101562
2 0.668945 0.874023 0.060547 0.056641
2 0.800781 0.793945 0.085938 0.072266
2 0.866211 0.765625 0.107422 0.074219
2 0.198242 0.929688 0.126953 0.101562
