4 0.268555 0.472656 0.068359 0.054688
4 0.337891 0.502930 0.062500 0.056641
4 0.241211 0.538086 0.068359 0.060547
4 0.312500 0.568359 0.058594 0.054688
4 0.212891 0.605469 0.066406 0.066406
4 0.280273 0.635742 0.068359 0.060547
4 0.431641 0.514648 0.054688 0.060547
4 0.500000 0.538086 0.054688 0.056641
4 0.566406 0.568359 0.054688 0.062500
4 0.399414 0.578125 0.052734 0.058594
4 0.467773 0.607422 0.048828 0.058594
4 0.534180 0.633789 0.060547 0.056641
4 0.361328 0.658203 0.058594 0.058594
4 0.332031 0.724609 0.062500 0.058594
4 0.428711 0.688477 0.056641 0.060547
4 0.400391 0.756836 0.058594 0.060547
4 0.496094 0.718750 0.062500 0.058594
4 0.466797 0.782227 0.058594 0.056641
4 0.611328 0.689453 0.058594 0.058594
4 0.581055 0.755859 0.060547 0.058594
4 0.549805 0.818359 0.060547 0.054688
4 0.681641 0.716797 0.058594 0.058594
4 0.652344 0.782227 0.054688 0.060547
4 0.625977 0.846680 0.056641 0.056641
4 0.748047 0.820312 0.066406 0.070312
4 0.819336 0.850586 0.060547 0.060547
4 0.888672 0.876953 0.066406 0.062500
4 0.713867 0.885742 0.056641 0.064453
4 0.782227 0.912109 0.060547 0.062500
4 0.857422 0.941406 0.066406 0.062500
4 0.392578 0.874023 0.054688 0.064453
4 0.460938 0.904297 0.054688 0.062500
4 0.527344 0.930664 0.058594 0.064453
4 0.430664 0.967773 0.056641 0.060547
4 0.365234 0.936523 0.062500 0.060547
3 0.162109 0.189453 0.144531 0.171875
