0 0.287946 0.095982 0.147321 0.147321
0 0.482143 0.095982 0.125000 0.147321
0 0.649554 0.093750 0.120536 0.160714
0 0.825893 0.093750 0.133929 0.151786
0 0.995536 0.095982 0.107143 0.147321
0 0.296875 0.613839 0.129464 0.156250
0 0.377232 0.475446 0.138393 0.147321
0 0.470982 0.618304 0.129464 0.156250
0 0.555804 0.473214 0.120536 0.160714
0 0.649554 0.625000 0.111607 0.160714
0 0.729911 0.473214 0.120536 0.160714
0 0.890625 0.475446 0.129464 0.147321
0 0.982143 0.627232 0.125000 0.156250
0 0.303571 0.997768 0.142857 0.183036
