0 0.080357 0.035714 0.053571 0.080357
0 0.174107 0.026786 0.062500 0.080357
0 0.272321 0.033482 0.062500 0.075893
0 0.386161 0.026786 0.058036 0.080357
0 0.495536 0.031250 0.080357 0.080357
0 0.584821 0.022321 0.071429 0.089286
0 0.591518 0.218750 0.075893 0.080357
0 0.544643 0.283482 0.080357 0.093750
0 0.497768 0.223214 0.075893 0.089286
0 0.435268 0.281250 0.084821 0.089286
0 0.386161 0.218750 0.066964 0.080357
0 0.332589 0.281250 0.066964 0.089286
0 0.281250 0.218750 0.071429 0.089286
0 0.227679 0.281250 0.089286 0.089286
0 0.187500 0.227679 0.071429 0.089286
0 0.131696 0.279018 0.075893 0.102679
0 0.082589 0.223214 0.084821 0.089286
0 0.033482 0.287946 0.066964 0.093750
0 0.109375 0.502232 0.066964 0.075893
0 0.216518 0.502232 0.066964 0.084821
0 0.424107 0.495536 0.071429 0.080357
0 0.758929 0.484375 0.062500 0.084821
0 0.770089 0.714286 0.058036 0.098214
0 0.687500 0.718750 0.044643 0.089286
0 0.607143 0.716518 0.053571 0.102679
0 0.520089 0.716518 0.058036 0.084821
0 0.430804 0.718750 0.058036 0.098214
0 0.343750 0.723214 0.053571 0.089286
0 0.258929 0.720982 0.062500 0.093750
0 0.178571 0.725446 0.053571 0.084821
0 0.091518 0.716518 0.049107 0.093750
0 0.006696 0.723214 0.058036 0.098214
0 0.006696 0.950893 0.049107 0.062500
0 0.075893 0.950893 0.053571 0.062500
0 0.142857 0.955357 0.044643 0.062500
0 0.209821 0.955357 0.044643 0.062500
0 0.274554 0.953125 0.049107 0.058036
0 0.339286 0.948661 0.044643 0.058036
0 0.415179 0.946429 0.044643 0.053571
0 0.482143 0.948661 0.035714 0.058036
0 0.555804 0.946429 0.058036 0.062500
0 0.620536 0.944196 0.044643 0.049107
0 0.689732 0.941964 0.049107 0.062500
0 0.754464 0.941964 0.044643 0.062500
