4 0.097656 0.712891 0.117188 0.136719
4 0.087891 0.880859 0.105469 0.128906
4 0.240234 0.722656 0.121094 0.132812
4 0.232422 0.898438 0.121094 0.125000
4 0.431641 0.744141 0.105469 0.136719
4 0.568359 0.755859 0.121094 0.128906
4 0.742188 0.771484 0.117188 0.128906
4 0.886719 0.785156 0.109375 0.140625
4 0.544922 0.482422 0.105469 0.128906
4 0.421875 0.914062 0.117188 0.132812
4 0.558594 0.927734 0.109375 0.136719
4 0.734375 0.937500 0.109375 0.125000
4 0.873047 0.947266 0.113281 0.105469
4 0.693359 0.496094 0.128906 0.140625
4 0.820312 0.500000 0.109375 0.132812
4 0.552734 0.302734 0.128906 0.128906
4 0.685547 0.318359 0.113281 0.128906
4 0.830078 0.330078 0.128906 0.136719
4 0.619141 0.134766 0.105469 0.113281
4 0.746094 0.146484 0.093750 0.128906
4 0.847656 0.160156 0.085938 0.109375
4 0.933594 0.068359 0.101562 0.113281
