2 0.342773 0.039062 0.095703 0.035156
2 0.489258 0.048828 0.095703 0.039062
2 0.321289 0.096680 0.103516 0.048828
2 0.464844 0.096680 0.093750 0.060547
2 0.316406 0.150391 0.109375 0.046875
2 0.474609 0.163086 0.097656 0.037109
2 0.315430 0.210938 0.099609 0.042969
2 0.471680 0.213867 0.103516 0.044922
2 0.314453 0.267578 0.109375 0.058594
2 0.478516 0.273438 0.105469 0.050781
2 0.329102 0.333008 0.123047 0.041016
2 0.467773 0.334961 0.095703 0.041016
2 0.319336 0.387695 0.099609 0.041016
2 0.466797 0.399414 0.085938 0.037109
2 0.500000 0.500000 0.121094 0.058594
2 0.483398 0.447266 0.119141 0.046875
2 0.327148 0.450195 0.123047 0.052734
2 0.870117 0.361328 0.103516 0.046875
2 0.857422 0.466797 0.113281 0.042969
2 0.871094 0.582031 0.089844 0.046875
2 0.873047 0.698242 0.097656 0.052734
