4 0.833984 0.429688 0.042969 0.039062
4 0.230469 0.222656 0.039062 0.023438
4 0.236328 0.246094 0.027344 0.015625
4 0.113281 0.267578 0.023438 0.019531
4 0.089844 0.263672 0.015625 0.019531
5 0.591797 0.119141 0.238281 0.199219
5 0.224609 0.316406 0.152344 0.070312
5 0.222656 0.457031 0.179688 0.046875
5 0.214844 0.531250 0.171875 0.054688
5 0.199219 0.597656 0.148438 0.023438
5 0.699219 0.404297 0.117188 0.160156
5 0.763672 0.347656 0.136719 0.164062
5 0.837891 0.316406 0.097656 0.132812
5 0.648438 0.445312 0.109375 0.117188
