4 0.034180 0.549805 0.056641 0.052734
4 0.094727 0.524414 0.060547 0.052734
4 0.137695 0.574219 0.052734 0.054688
4 0.009766 0.605469 0.015625 0.042969
4 0.025391 0.668945 0.046875 0.048828
4 0.041016 0.625000 0.046875 0.046875
4 0.184570 0.263672 0.052734 0.058594
4 0.253906 0.291992 0.058594 0.060547
4 0.323242 0.320312 0.060547 0.054688
4 0.291992 0.384766 0.060547 0.058594
4 0.226562 0.357422 0.054688 0.058594
4 0.164062 0.324219 0.070312 0.058594
4 0.129883 0.390625 0.072266 0.054688
4 0.069336 0.410156 0.060547 0.046875
4 0.148438 0.462891 0.054688 0.050781
4 0.176758 0.410156 0.044922 0.058594
4 0.238281 0.438477 0.058594 0.052734
4 0.203125 0.483398 0.058594 0.048828
4 0.329102 0.024414 0.060547 0.060547
4 0.078125 0.021484 0.066406 0.058594
4 0.156250 0.047852 0.058594 0.060547
4 0.128906 0.112305 0.058594 0.060547
4 0.223633 0.076172 0.064453 0.058594
4 0.195312 0.140625 0.062500 0.050781
4 0.293945 0.107422 0.056641 0.062500
4 0.262695 0.172852 0.060547 0.060547
4 0.408203 0.078125 0.062500 0.062500
4 0.471680 0.105469 0.060547 0.050781
4 0.374023 0.142578 0.056641 0.058594
4 0.444336 0.169922 0.060547 0.058594
4 0.344727 0.207031 0.052734 0.054688
4 0.418945 0.233398 0.068359 0.060547
4 0.547852 0.209961 0.068359 0.060547
4 0.507812 0.272461 0.058594 0.056641
4 0.613281 0.237305 0.058594 0.060547
4 0.579102 0.305664 0.068359 0.060547
4 0.679688 0.268555 0.074219 0.056641
4 0.650391 0.332031 0.070312 0.062500
1 0.635742 0.563477 0.048828 0.048828
