0 0.093750 0.236607 0.116071 0.160714
0 0.261161 0.236607 0.120536 0.160714
0 0.433036 0.229911 0.098214 0.165179
0 0.600446 0.236607 0.120536 0.151786
0 0.774554 0.232143 0.102679 0.160714
0 0.937500 0.234375 0.133929 0.165179
0 0.517857 0.397321 0.116071 0.187500
0 0.683036 0.392857 0.116071 0.196429
0 0.203125 0.946429 0.120536 0.178571
0 0.287946 0.792411 0.102679 0.129464
0 0.484375 0.799107 0.129464 0.151786
0 0.571429 0.944196 0.125000 0.191964
0 0.665179 0.794643 0.098214 0.151786
0 0.750000 0.955357 0.125000 0.169643
