2 0.128906 0.111328 0.105469 0.074219
2 0.376953 0.117188 0.089844 0.050781
2 0.628906 0.119141 0.093750 0.035156
2 0.870117 0.120117 0.091797 0.033203
2 0.122070 0.367188 0.087891 0.042969
2 0.365234 0.367188 0.109375 0.062500
2 0.621094 0.368164 0.093750 0.056641
2 0.870117 0.370117 0.091797 0.056641
2 0.124023 0.623047 0.095703 0.074219
2 0.375000 0.622070 0.097656 0.080078
2 0.615234 0.613281 0.113281 0.097656
2 0.864258 0.621094 0.107422 0.097656
2 0.125000 0.872070 0.089844 0.087891
2 0.365234 0.870117 0.097656 0.103516
2 0.623047 0.871094 0.082031 0.093750
2 0.876953 0.878906 0.074219 0.085938
