4 0.524414 0.590820 0.048828 0.044922
4 0.579102 0.586914 0.064453 0.072266
4 0.646484 0.571289 0.062500 0.072266
4 0.713867 0.560547 0.068359 0.070312
4 0.584961 0.671875 0.064453 0.062500
4 0.659180 0.658203 0.068359 0.070312
4 0.297852 0.201172 0.064453 0.050781
4 0.277344 0.141602 0.050781 0.044922
4 0.282227 0.081055 0.056641 0.052734
4 0.284180 0.023438 0.048828 0.050781
4 0.354492 0.075195 0.060547 0.064453
4 0.426758 0.059570 0.060547 0.068359
4 0.512695 0.043945 0.068359 0.064453
4 0.580078 0.024414 0.058594 0.068359
4 0.366211 0.160156 0.068359 0.066406
4 0.436523 0.144531 0.068359 0.066406
4 0.522461 0.123047 0.064453 0.070312
4 0.590820 0.111328 0.064453 0.066406
1 0.127930 0.193359 0.029297 0.132812
