1 0.912109 0.279297 0.128906 0.121094
1 0.855469 0.107422 0.117188 0.105469
1 0.699219 0.205078 0.078125 0.066406
1 0.583984 0.156250 0.058594 0.039062
1 0.978516 0.003906 0.042969 0.000000
1 0.759766 0.091797 0.050781 0.050781
1 0.812500 0.052734 0.039062 0.042969
1 0.500000 0.369141 0.062500 0.027344
1 0.488281 0.503906 0.054688 0.039062
1 0.326172 0.521484 0.050781 0.035156
1 0.371094 0.582031 0.062500 0.054688
1 0.136719 0.574219 0.078125 0.078125
1 0.041016 0.615234 0.074219 0.050781
1 0.099609 0.792969 0.097656 0.070312
1 0.654297 0.095703 0.042969 0.066406
1 0.263672 0.689453 0.082031 0.058594
1 0.244141 0.613281 0.082031 0.070312
1 0.597656 0.308594 0.070312 0.054688
