4 0.052734 0.214844 0.097656 0.125000
4 0.041016 0.458984 0.074219 0.113281
4 0.130859 0.349609 0.105469 0.121094
4 0.119141 0.589844 0.097656 0.117188
4 0.220703 0.482422 0.105469 0.121094
4 0.205078 0.734375 0.113281 0.132812
4 0.310547 0.621094 0.113281 0.125000
4 0.404297 0.753906 0.097656 0.117188
4 0.195312 0.066406 0.109375 0.125000
4 0.287109 0.203125 0.105469 0.125000
4 0.394531 0.091797 0.101562 0.121094
4 0.371094 0.332031 0.109375 0.125000
4 0.486328 0.218750 0.097656 0.117188
4 0.472656 0.472656 0.093750 0.140625
4 0.576172 0.357422 0.113281 0.136719
4 0.546875 0.603516 0.109375 0.136719
4 0.664062 0.496094 0.109375 0.125000
4 0.642578 0.738281 0.113281 0.125000
4 0.746094 0.628906 0.109375 0.125000
