0 0.046875 0.165179 0.093750 0.133929
0 0.046875 0.321429 0.093750 0.133929
0 0.042411 0.500000 0.084821 0.125000
0 0.044643 0.662946 0.089286 0.138393
0 0.044643 0.834821 0.089286 0.133929
0 0.140625 0.930804 0.156250 0.120536
0 0.685268 0.062500 0.165179 0.125000
0 0.540179 0.138393 0.160714 0.107143
0 0.685268 0.229911 0.165179 0.129464
0 0.542411 0.314732 0.156250 0.129464
0 0.687500 0.399554 0.151786 0.111607
0 0.685268 0.566964 0.147321 0.142857
0 0.544643 0.660714 0.125000 0.107143
0 0.676339 0.745536 0.156250 0.116071
0 0.542411 0.832589 0.147321 0.129464
