4 0.592773 0.850586 0.060547 0.060547
4 0.583008 0.916992 0.068359 0.056641
4 0.674805 0.860352 0.080078 0.060547
4 0.662109 0.930664 0.074219 0.056641
4 0.743164 0.871094 0.072266 0.050781
4 0.731445 0.939453 0.068359 0.058594
4 0.888672 0.931641 0.062500 0.050781
4 0.877930 0.981445 0.048828 0.037109
4 0.817383 0.907227 0.052734 0.044922
4 0.808594 0.943359 0.066406 0.039062
4 0.906250 0.396484 0.070312 0.062500
4 0.980469 0.376953 0.058594 0.050781
4 0.933594 0.466797 0.058594 0.058594
4 0.958984 0.532227 0.066406 0.052734
1 0.485352 0.132812 0.060547 0.042969
1 0.113281 0.086914 0.085938 0.056641
