4 0.197266 0.039062 0.113281 0.070312
4 0.052734 0.167969 0.097656 0.132812
4 0.185547 0.179688 0.121094 0.140625
4 0.048828 0.333984 0.089844 0.128906
4 0.175781 0.351562 0.109375 0.140625
4 0.367188 0.050781 0.125000 0.093750
4 0.511719 0.054688 0.109375 0.101562
4 0.644531 0.066406 0.125000 0.125000
4 0.363281 0.199219 0.101562 0.125000
4 0.498047 0.210938 0.113281 0.140625
4 0.636719 0.222656 0.109375 0.132812
4 0.810547 0.222656 0.105469 0.132812
4 0.945312 0.232422 0.109375 0.128906
4 0.345703 0.423828 0.113281 0.136719
4 0.484375 0.429688 0.109375 0.132812
4 0.623047 0.443359 0.105469 0.136719
4 0.798828 0.392578 0.121094 0.128906
4 0.941406 0.406250 0.109375 0.132812
4 0.335938 0.587891 0.109375 0.136719
4 0.474609 0.601562 0.105469 0.125000
4 0.611328 0.609375 0.113281 0.125000
4 0.789062 0.568359 0.101562 0.128906
4 0.929688 0.578125 0.109375 0.140625
