2 0.118164 0.122070 0.087891 0.072266
2 0.370117 0.120117 0.099609 0.091797
2 0.620117 0.119141 0.091797 0.089844
2 0.872070 0.120117 0.091797 0.091797
2 0.121094 0.370117 0.097656 0.095703
2 0.373047 0.372070 0.082031 0.091797
2 0.620117 0.370117 0.083984 0.099609
2 0.871094 0.375977 0.070312 0.083984
2 0.128906 0.633789 0.066406 0.076172
2 0.375977 0.633789 0.044922 0.068359
2 0.623047 0.645508 0.046875 0.048828
2 0.869141 0.634766 0.039062 0.074219
2 0.119141 0.880859 0.042969 0.070312
2 0.369141 0.876953 0.062500 0.085938
2 0.624023 0.876953 0.080078 0.089844
2 0.869141 0.883789 0.074219 0.080078
