2 0.321289 0.070312 0.150391 0.132812
2 0.211914 0.332031 0.111328 0.093750
2 0.087891 0.419922 0.109375 0.089844
2 0.124023 0.466797 0.091797 0.078125
2 0.305664 0.415039 0.099609 0.076172
2 0.360352 0.456055 0.095703 0.080078
2 0.399414 0.500977 0.095703 0.076172
2 0.468750 0.536133 0.097656 0.076172
2 0.530273 0.585938 0.111328 0.082031
2 0.634766 0.669922 0.121094 0.101562
2 0.867188 0.823242 0.125000 0.095703
2 0.705078 0.938477 0.144531 0.107422
2 0.612305 0.836914 0.103516 0.080078
2 0.391602 0.673828 0.099609 0.082031
2 0.328125 0.630859 0.089844 0.074219
2 0.288086 0.582031 0.099609 0.085938
2 0.244141 0.536133 0.109375 0.095703
2 0.203125 0.492188 0.105469 0.089844
2 0.134766 0.865234 0.113281 0.089844
2 0.241211 0.955078 0.099609 0.082031
