4 0.253906 0.160156 0.031250 0.031250
4 0.255859 0.189453 0.027344 0.027344
4 0.203125 0.187500 0.031250 0.031250
4 0.158203 0.191406 0.027344 0.031250
4 0.107422 0.193359 0.027344 0.027344
4 0.134766 0.230469 0.019531 0.023438
4 0.162109 0.230469 0.019531 0.023438
4 0.197266 0.226562 0.019531 0.023438
4 0.224609 0.226562 0.019531 0.023438
4 0.224609 0.250000 0.019531 0.023438
4 0.197266 0.250000 0.019531 0.023438
4 0.158203 0.250000 0.019531 0.023438
4 0.134766 0.250000 0.019531 0.023438
4 0.376953 0.457031 0.027344 0.031250
4 0.191406 0.673828 0.039062 0.035156
4 0.150391 0.732422 0.058594 0.050781
4 0.236328 0.722656 0.035156 0.031250
4 0.302734 0.720703 0.035156 0.035156
4 0.373047 0.722656 0.035156 0.031250
4 0.263672 0.677734 0.035156 0.035156
