4 0.250000 0.650391 0.042969 0.054688
4 0.266602 0.588867 0.044922 0.056641
4 0.279297 0.513672 0.066406 0.070312
4 0.302734 0.427734 0.058594 0.066406
4 0.238281 0.376953 0.058594 0.066406
4 0.314453 0.347656 0.058594 0.070312
4 0.249023 0.290039 0.056641 0.068359
4 0.377930 0.214844 0.044922 0.050781
4 0.332031 0.181641 0.046875 0.050781
4 0.286133 0.140625 0.044922 0.046875
4 0.237305 0.103516 0.056641 0.062500
4 0.182617 0.062500 0.064453 0.062500
4 0.271484 0.039062 0.058594 0.058594
4 0.317383 0.074219 0.041016 0.042969
4 0.359375 0.126953 0.042969 0.046875
4 0.403320 0.158203 0.044922 0.050781
