0 0.066964 0.073661 0.071429 0.058036
0 0.062500 0.198661 0.071429 0.066964
0 0.064732 0.323661 0.075893 0.066964
0 0.069196 0.457589 0.084821 0.066964
0 0.069196 0.566964 0.075893 0.053571
0 0.299107 0.026786 0.071429 0.053571
0 0.375000 0.073661 0.071429 0.058036
0 0.310268 0.129464 0.066964 0.062500
0 0.381696 0.200893 0.075893 0.071429
0 0.301339 0.267857 0.075893 0.071429
0 0.379464 0.334821 0.080357 0.062500
0 0.308036 0.392857 0.062500 0.062500
0 0.375000 0.453125 0.071429 0.058036
0 0.301339 0.517857 0.066964 0.062500
0 0.361607 0.566964 0.080357 0.062500
0 0.303571 0.649554 0.071429 0.075893
0 0.377232 0.703125 0.075893 0.066964
0 0.305804 0.758929 0.075893 0.071429
0 0.375000 0.830357 0.080357 0.071429
0 0.316964 0.881696 0.071429 0.058036
0 0.375000 0.955357 0.071429 0.062500
0 0.616071 0.886161 0.080357 0.075893
0 0.618304 0.763393 0.075893 0.080357
0 0.616071 0.638393 0.080357 0.071429
0 0.618304 0.506696 0.075893 0.075893
0 0.616071 0.386161 0.071429 0.084821
0 0.622768 0.256696 0.075893 0.058036
0 0.620536 0.138393 0.080357 0.080357
0 0.620536 0.024554 0.080357 0.049107
0 0.895089 0.776786 0.058036 0.044643
0 0.955357 0.823661 0.062500 0.066964
0 0.955357 0.930804 0.062500 0.049107
0 0.901786 0.979911 0.062500 0.040179
