2 0.117188 0.125000 0.070312 0.039062
2 0.371094 0.126953 0.078125 0.050781
2 0.608398 0.120117 0.056641 0.052734
2 0.864258 0.120117 0.064453 0.064453
2 0.119141 0.375000 0.078125 0.078125
2 0.364258 0.368164 0.060547 0.072266
2 0.621094 0.376953 0.054688 0.074219
2 0.870117 0.374023 0.052734 0.072266
2 0.118164 0.633789 0.033203 0.048828
2 0.370117 0.633789 0.037109 0.048828
2 0.621094 0.627930 0.039062 0.048828
2 0.870117 0.624023 0.048828 0.068359
2 0.123047 0.867188 0.054688 0.066406
2 0.378906 0.864258 0.066406 0.072266
2 0.624023 0.880859 0.072266 0.078125
2 0.875000 0.883789 0.058594 0.064453
