0 0.814732 0.024554 0.084821 0.049107
0 0.877232 0.080357 0.058036 0.062500
0 0.812500 0.140625 0.071429 0.058036
0 0.881696 0.212054 0.075893 0.066964
0 0.816964 0.279018 0.071429 0.066964
0 0.881696 0.334821 0.075893 0.062500
0 0.566964 0.216518 0.089286 0.066964
0 0.566964 0.343750 0.080357 0.071429
0 0.573661 0.464286 0.075893 0.080357
0 0.573661 0.598214 0.075893 0.062500
0 0.810268 0.401786 0.075893 0.062500
0 0.879464 0.462054 0.071429 0.066964
0 0.810268 0.529018 0.084821 0.066964
0 0.877232 0.587054 0.084821 0.066964
0 0.801339 0.656250 0.084821 0.071429
