0 0.279018 0.062500 0.147321 0.196429
0 0.392857 0.212054 0.169643 0.174107
0 0.495536 0.044643 0.151786 0.187500
0 0.593750 0.214286 0.142857 0.196429
0 0.723214 0.044643 0.151786 0.187500
0 0.823661 0.207589 0.129464 0.183036
0 0.948661 0.044643 0.138393 0.196429
0 0.312500 0.678571 0.151786 0.187500
0 0.430804 0.839286 0.147321 0.169643
0 0.537946 0.662946 0.138393 0.200893
0 0.647321 0.830357 0.125000 0.178571
0 0.758929 0.667411 0.151786 0.200893
0 0.863839 0.839286 0.138393 0.178571
0 0.964286 0.676339 0.151786 0.200893
