2 0.121094 0.128906 0.082031 0.050781
2 0.371094 0.129883 0.070312 0.037109
2 0.624023 0.133789 0.076172 0.041016
2 0.868164 0.132812 0.072266 0.027344
2 0.114258 0.382812 0.076172 0.035156
2 0.362305 0.376953 0.080078 0.050781
2 0.616211 0.382812 0.076172 0.035156
2 0.870117 0.382812 0.072266 0.050781
2 0.120117 0.629883 0.076172 0.056641
2 0.371094 0.627930 0.078125 0.060547
2 0.619141 0.625977 0.078125 0.064453
2 0.870117 0.627930 0.076172 0.068359
2 0.126953 0.877930 0.062500 0.068359
2 0.378906 0.880859 0.054688 0.058594
2 0.621094 0.872070 0.058594 0.072266
2 0.877930 0.879883 0.048828 0.056641
