2 0.120117 0.121094 0.076172 0.085938
2 0.368164 0.121094 0.052734 0.066406
2 0.622070 0.118164 0.052734 0.064453
2 0.873047 0.115234 0.054688 0.070312
2 0.125000 0.372070 0.046875 0.060547
2 0.370117 0.375000 0.048828 0.054688
2 0.617188 0.368164 0.046875 0.064453
2 0.870117 0.365234 0.060547 0.074219
2 0.120117 0.616211 0.064453 0.076172
2 0.369141 0.616211 0.062500 0.072266
2 0.617188 0.621094 0.066406 0.070312
2 0.866211 0.618164 0.072266 0.072266
2 0.119141 0.867188 0.070312 0.066406
2 0.369141 0.871094 0.066406 0.066406
2 0.615234 0.867188 0.074219 0.070312
2 0.871094 0.870117 0.070312 0.072266
