2 0.125977 0.125977 0.080078 0.068359
2 0.375000 0.125977 0.078125 0.064453
2 0.625000 0.127930 0.085938 0.068359
2 0.878906 0.125977 0.082031 0.052734
2 0.125977 0.378906 0.076172 0.039062
2 0.366211 0.378906 0.083984 0.054688
2 0.619141 0.377930 0.089844 0.060547
2 0.870117 0.378906 0.087891 0.050781
2 0.116211 0.625000 0.083984 0.062500
2 0.367188 0.626953 0.082031 0.066406
2 0.620117 0.627930 0.080078 0.060547
2 0.870117 0.630859 0.083984 0.070312
2 0.116211 0.876953 0.087891 0.074219
2 0.368164 0.878906 0.080078 0.074219
2 0.618164 0.875977 0.076172 0.076172
2 0.867188 0.873047 0.066406 0.082031
