2 0.117188 0.120117 0.078125 0.052734
2 0.370117 0.125000 0.080078 0.062500
2 0.617188 0.123047 0.085938 0.070312
2 0.875000 0.124023 0.074219 0.076172
2 0.124023 0.375000 0.064453 0.078125
2 0.374023 0.374023 0.068359 0.080078
2 0.625000 0.382812 0.050781 0.058594
2 0.873047 0.385742 0.046875 0.056641
2 0.121094 0.633789 0.046875 0.060547
2 0.375000 0.632812 0.050781 0.066406
2 0.625000 0.630859 0.070312 0.082031
2 0.868164 0.637695 0.068359 0.072266
2 0.130859 0.878906 0.078125 0.074219
2 0.379883 0.877930 0.087891 0.068359
2 0.629883 0.875000 0.083984 0.054688
2 0.874023 0.874023 0.080078 0.060547
