2 0.927734 0.050781 0.097656 0.070312
2 0.900391 0.097656 0.105469 0.074219
2 0.871094 0.144531 0.113281 0.082031
2 0.846680 0.188477 0.107422 0.076172
2 0.813477 0.234375 0.103516 0.074219
2 0.791016 0.276367 0.097656 0.076172
2 0.762695 0.322266 0.103516 0.078125
2 0.742188 0.366211 0.113281 0.083984
2 0.710938 0.408203 0.117188 0.085938
2 0.680664 0.456055 0.103516 0.068359
2 0.646484 0.500977 0.101562 0.072266
2 0.624023 0.549805 0.099609 0.080078
2 0.595703 0.595703 0.109375 0.082031
2 0.638672 0.712891 0.082031 0.097656
2 0.701172 0.756836 0.082031 0.099609
2 0.767578 0.791992 0.082031 0.103516
2 0.823242 0.822266 0.080078 0.097656
