0 0.292969 0.902344 0.023438 0.023438
0 0.322266 0.910156 0.019531 0.023438
0 0.353516 0.908203 0.027344 0.027344
0 0.384766 0.912109 0.027344 0.027344
0 0.412109 0.912109 0.019531 0.027344
0 0.431641 0.912109 0.019531 0.027344
0 0.451172 0.914062 0.019531 0.023438
0 0.480469 0.917969 0.015625 0.023438
0 0.517578 0.921875 0.019531 0.031250
0 0.544922 0.923828 0.019531 0.027344
0 0.566406 0.923828 0.023438 0.027344
0 0.585938 0.917969 0.023438 0.023438
0 0.609375 0.925781 0.023438 0.023438
0 0.638672 0.925781 0.019531 0.023438
0 0.656250 0.927734 0.015625 0.027344
0 0.273438 0.703125 0.046875 0.031250
0 0.296875 0.666016 0.046875 0.035156
0 0.361328 0.707031 0.050781 0.023438
0 0.386719 0.667969 0.054688 0.046875
0 0.406250 0.707031 0.039062 0.023438
0 0.449219 0.710938 0.039062 0.023438
0 0.496094 0.718750 0.039062 0.031250
0 0.478516 0.671875 0.050781 0.039062
0 0.544922 0.718750 0.050781 0.046875
0 0.630859 0.726562 0.050781 0.039062
0 0.677734 0.720703 0.035156 0.042969
0 0.701172 0.675781 0.042969 0.046875
0 0.658203 0.675781 0.050781 0.046875
0 0.615234 0.671875 0.042969 0.046875
0 0.570312 0.669922 0.054688 0.042969
0 0.525391 0.666016 0.035156 0.042969
0 0.103516 0.904297 0.042969 0.050781
0 0.050781 0.900391 0.046875 0.042969
0 0.279297 0.566406 0.042969 0.031250
0 0.328125 0.570312 0.039062 0.031250
0 0.371094 0.572266 0.039062 0.027344
0 0.412109 0.576172 0.035156 0.027344
0 0.458984 0.582031 0.042969 0.031250
0 0.507812 0.576172 0.046875 0.027344
0 0.597656 0.587891 0.046875 0.035156
0 0.642578 0.587891 0.042969 0.035156
0 0.689453 0.591797 0.042969 0.035156
0 0.714844 0.550781 0.046875 0.046875
0 0.662109 0.544922 0.050781 0.042969
0 0.580078 0.541016 0.050781 0.050781
0 0.533203 0.535156 0.042969 0.046875
0 0.490234 0.533203 0.042969 0.050781
0 0.441406 0.535156 0.039062 0.039062
0 0.398438 0.533203 0.039062 0.042969
0 0.353516 0.529297 0.042969 0.042969
0 0.304688 0.529297 0.046875 0.042969
0 0.697266 0.447266 0.042969 0.027344
0 0.650391 0.451172 0.042969 0.035156
0 0.607422 0.449219 0.042969 0.031250
0 0.560547 0.449219 0.042969 0.039062
0 0.517578 0.445312 0.042969 0.031250
0 0.472656 0.441406 0.039062 0.031250
0 0.429688 0.437500 0.046875 0.031250
0 0.384766 0.439453 0.042969 0.035156
0 0.335938 0.431641 0.046875 0.035156
0 0.291016 0.431641 0.035156 0.035156
0 0.269531 0.376953 0.039062 0.035156
0 0.318359 0.380859 0.042969 0.042969
0 0.361328 0.380859 0.042969 0.042969
0 0.406250 0.384766 0.039062 0.050781
0 0.449219 0.394531 0.039062 0.046875
0 0.494141 0.400391 0.050781 0.042969
0 0.537109 0.400391 0.042969 0.050781
0 0.583984 0.398438 0.050781 0.046875
0 0.626953 0.406250 0.042969 0.046875
0 0.675781 0.404297 0.046875 0.050781
0 0.720703 0.406250 0.042969 0.046875
0 0.275391 0.296875 0.042969 0.031250
0 0.365234 0.302734 0.042969 0.035156
0 0.416016 0.302734 0.042969 0.035156
0 0.498047 0.310547 0.042969 0.035156
0 0.548828 0.310547 0.042969 0.035156
0 0.593750 0.316406 0.046875 0.039062
0 0.298828 0.251953 0.042969 0.042969
0 0.345703 0.257812 0.042969 0.039062
0 0.388672 0.259766 0.042969 0.042969
0 0.433594 0.250000 0.046875 0.054688
0 0.525391 0.263672 0.050781 0.058594
0 0.574219 0.263672 0.046875 0.058594
0 0.619141 0.265625 0.035156 0.054688
0 0.666016 0.269531 0.050781 0.054688
0 0.712891 0.273438 0.050781 0.046875
0 0.681641 0.320312 0.050781 0.039062
0 0.730469 0.320312 0.039062 0.031250
0 0.330078 0.156250 0.050781 0.046875
0 0.376953 0.162109 0.042969 0.042969
0 0.421875 0.164062 0.046875 0.039062
0 0.468750 0.166016 0.039062 0.035156
0 0.511719 0.164062 0.039062 0.031250
0 0.554688 0.166016 0.039062 0.042969
0 0.605469 0.169922 0.046875 0.042969
0 0.689453 0.179688 0.050781 0.046875
0 0.740234 0.181641 0.042969 0.042969
0 0.314453 0.111328 0.042969 0.050781
0 0.357422 0.115234 0.042969 0.058594
0 0.398438 0.121094 0.046875 0.046875
0 0.445312 0.128906 0.046875 0.046875
0 0.488281 0.125000 0.039062 0.054688
0 0.533203 0.128906 0.050781 0.046875
0 0.582031 0.125000 0.046875 0.046875
0 0.628906 0.125000 0.046875 0.046875
0 0.673828 0.128906 0.035156 0.046875
0 0.716797 0.134766 0.050781 0.050781
0 0.886719 0.146484 0.039062 0.042969
0 0.916016 0.121094 0.035156 0.046875
0 0.941406 0.150391 0.031250 0.042969
0 0.974609 0.119141 0.027344 0.042969
0 0.869141 0.253906 0.027344 0.039062
0 0.898438 0.283203 0.031250 0.042969
0 0.927734 0.253906 0.035156 0.039062
0 0.955078 0.281250 0.027344 0.046875
0 0.861328 0.421875 0.027344 0.039062
0 0.914062 0.427734 0.023438 0.042969
0 0.972656 0.429688 0.039062 0.039062
0 0.857422 0.562500 0.035156 0.039062
0 0.886719 0.527344 0.039062 0.031250
0 0.914062 0.566406 0.031250 0.039062
0 0.943359 0.529297 0.035156 0.035156
0 0.968750 0.570312 0.031250 0.039062
0 0.843750 0.679688 0.023438 0.031250
0 0.900391 0.683594 0.027344 0.039062
0 0.964844 0.691406 0.023438 0.039062
