4 0.196289 0.036133 0.060547 0.064453
4 0.264648 0.042969 0.060547 0.070312
4 0.428711 0.002930 0.056641 0.001953
4 0.497070 0.006836 0.056641 0.009766
4 0.587891 0.007812 0.054688 0.011719
4 0.654297 0.010742 0.058594 0.017578
4 0.351562 0.074219 0.054688 0.066406
4 0.420898 0.081055 0.056641 0.068359
4 0.491211 0.087891 0.060547 0.066406
4 0.579102 0.063477 0.060547 0.076172
4 0.651367 0.069336 0.060547 0.068359
4 0.350586 0.161133 0.052734 0.068359
4 0.416016 0.168945 0.054688 0.064453
4 0.484375 0.173828 0.062500 0.066406
4 0.576172 0.148438 0.058594 0.070312
4 0.644531 0.157227 0.054688 0.068359
