4 0.710938 0.029297 0.046875 0.042969
4 0.792969 0.033203 0.046875 0.042969
4 0.884766 0.031250 0.042969 0.039062
4 0.701172 0.089844 0.042969 0.031250
4 0.791016 0.101562 0.058594 0.054688
4 0.902344 0.119141 0.031250 0.035156
4 0.958984 0.044922 0.035156 0.027344
4 0.960938 0.085938 0.031250 0.031250
4 0.644531 0.804688 0.023438 0.023438
4 0.640625 0.832031 0.023438 0.023438
4 0.640625 0.859375 0.023438 0.023438
4 0.687500 0.839844 0.031250 0.031250
4 0.687500 0.808594 0.031250 0.031250
4 0.685547 0.892578 0.027344 0.027344
4 0.748047 0.810547 0.042969 0.035156
4 0.738281 0.779297 0.023438 0.027344
4 0.765625 0.783203 0.023438 0.027344
4 0.787109 0.812500 0.027344 0.031250
3 0.490234 0.289062 0.035156 0.015625
