4 0.099609 0.263672 0.066406 0.074219
4 0.169922 0.296875 0.066406 0.070312
4 0.250000 0.332031 0.070312 0.085938
4 0.066406 0.355469 0.070312 0.078125
4 0.142578 0.384766 0.058594 0.074219
4 0.222656 0.417969 0.070312 0.078125
4 0.316406 0.457031 0.070312 0.078125
4 0.343750 0.369141 0.070312 0.074219
4 0.435547 0.398438 0.074219 0.078125
4 0.396484 0.484375 0.066406 0.070312
4 0.402344 0.572266 0.070312 0.058594
4 0.314453 0.541016 0.066406 0.066406
4 0.423828 0.695312 0.066406 0.070312
4 0.343750 0.662109 0.070312 0.074219
4 0.275391 0.632812 0.074219 0.078125
4 0.261719 0.720703 0.078125 0.074219
4 0.341797 0.750000 0.058594 0.062500
4 0.417969 0.779297 0.062500 0.066406
4 0.183594 0.589844 0.046875 0.070312
4 0.115234 0.558594 0.082031 0.078125
4 0.087891 0.640625 0.074219 0.062500
4 0.146484 0.681641 0.058594 0.074219
