2 0.123047 0.123047 0.078125 0.082031
2 0.369141 0.126953 0.078125 0.062500
2 0.625000 0.124023 0.085938 0.064453
2 0.870117 0.125000 0.076172 0.062500
2 0.123047 0.371094 0.093750 0.062500
2 0.366211 0.375977 0.087891 0.048828
2 0.617188 0.374023 0.085938 0.052734
2 0.868164 0.374023 0.091797 0.044922
2 0.117188 0.623047 0.082031 0.039062
2 0.372070 0.622070 0.072266 0.029297
2 0.624023 0.623047 0.076172 0.031250
2 0.873047 0.622070 0.078125 0.037109
2 0.122070 0.873047 0.076172 0.042969
2 0.376953 0.873047 0.078125 0.066406
2 0.626953 0.872070 0.078125 0.080078
2 0.875000 0.875000 0.074219 0.078125
