2 0.125977 0.131836 0.060547 0.080078
2 0.370117 0.137695 0.064453 0.076172
2 0.620117 0.141602 0.060547 0.064453
2 0.875000 0.131836 0.078125 0.087891
2 0.125977 0.381836 0.080078 0.083984
2 0.373047 0.381836 0.082031 0.076172
2 0.623047 0.382812 0.085938 0.070312
2 0.875977 0.379883 0.087891 0.068359
2 0.125000 0.630859 0.085938 0.058594
2 0.374023 0.627930 0.083984 0.052734
2 0.616211 0.627930 0.076172 0.033203
2 0.868164 0.625977 0.080078 0.044922
2 0.123047 0.875000 0.089844 0.050781
2 0.369141 0.875000 0.089844 0.054688
2 0.618164 0.874023 0.087891 0.064453
2 0.870117 0.876953 0.083984 0.070312
