4 0.147461 0.477539 0.060547 0.068359
4 0.121094 0.559570 0.062500 0.064453
4 0.213867 0.505859 0.056641 0.070312
4 0.189453 0.591797 0.058594 0.070312
4 0.278320 0.535156 0.056641 0.070312
4 0.253906 0.621094 0.050781 0.062500
4 0.361328 0.576172 0.058594 0.070312
4 0.335938 0.656250 0.054688 0.062500
4 0.432617 0.605469 0.056641 0.074219
4 0.405273 0.692383 0.052734 0.064453
4 0.319336 0.730469 0.052734 0.058594
4 0.385742 0.762695 0.052734 0.060547
4 0.079102 0.708008 0.052734 0.076172
4 0.147461 0.741211 0.056641 0.076172
4 0.207031 0.773438 0.050781 0.062500
4 0.285156 0.816406 0.062500 0.082031
4 0.352539 0.850586 0.056641 0.072266
4 0.418945 0.876953 0.060547 0.082031
4 0.052734 0.788086 0.050781 0.080078
4 0.119141 0.822266 0.058594 0.082031
4 0.179688 0.856445 0.054688 0.064453
4 0.265625 0.895508 0.062500 0.064453
4 0.334961 0.930664 0.056641 0.072266
4 0.403320 0.958984 0.056641 0.066406
