1 0.014375 0.739375 0.016250 0.023750
1 0.015000 0.762500 0.015000 0.015000
1 0.041875 0.734375 0.018750 0.018750
1 0.030625 0.762500 0.021250 0.027500
1 0.219375 0.944375 0.016250 0.018750
1 0.041875 0.948750 0.023750 0.030000
1 0.064375 0.832500 0.018750 0.020000
1 0.096875 0.901250 0.013750 0.025000
1 0.094375 0.836875 0.018750 0.021250
1 0.115000 0.889375 0.012500 0.018750
1 0.216250 0.911250 0.015000 0.020000
1 0.139375 0.898125 0.016250 0.026250
1 0.143750 0.953125 0.017500 0.023750
1 0.071875 0.736875 0.018750 0.021250
1 0.074375 0.790625 0.016250 0.023750
1 0.102500 0.733125 0.020000 0.021250
1 0.130000 0.766875 0.012500 0.016250
1 0.156875 0.869375 0.016250 0.018750
1 0.108750 0.825625 0.017500 0.018750
1 0.173750 0.860000 0.017500 0.017500
1 0.023750 0.561250 0.012500 0.017500
1 0.201250 0.958125 0.017500 0.016250
1 0.007500 0.670000 0.015000 0.027500
1 0.066250 0.696250 0.020000 0.022500
1 0.192500 0.961875 0.025000 0.026250
1 0.073750 0.691250 0.010000 0.017500
1 0.098750 0.766250 0.017500 0.022500
1 0.038125 0.578125 0.011250 0.016250
1 0.088125 0.773125 0.016250 0.016250
1 0.021875 0.593125 0.018750 0.023750
1 0.020000 0.665000 0.012500 0.025000
1 0.080625 0.688750 0.013750 0.025000
1 0.072500 0.643125 0.017500 0.018750
1 0.104375 0.710000 0.016250 0.017500
1 0.151875 0.888750 0.013750 0.017500
1 0.165000 0.940000 0.015000 0.022500
1 0.176250 0.893125 0.012500 0.018750
1 0.061875 0.760000 0.016250 0.022500
1 0.130625 0.787500 0.013750 0.020000
1 0.126250 0.745625 0.012500 0.018750
1 0.120000 0.805000 0.015000 0.020000
1 0.113750 0.855625 0.015000 0.018750
1 0.125625 0.910000 0.013750 0.025000
1 0.080000 0.874375 0.015000 0.023750
1 0.185625 0.883750 0.011250 0.015000
1 0.187500 0.930625 0.017500 0.023750
1 0.165625 0.913750 0.016250 0.017500
1 0.204375 0.924375 0.013750 0.018750
1 0.095000 0.809375 0.017500 0.021250
1 0.076250 0.809375 0.020000 0.021250
1 0.093125 0.863750 0.023750 0.027500
1 0.153750 0.826250 0.022500 0.020000
1 0.046250 0.598750 0.012500 0.015000
1 0.046250 0.620625 0.017500 0.021250
1 0.085000 0.664375 0.015000 0.018750
1 0.066250 0.672500 0.012500 0.017500
1 0.014375 0.714375 0.016250 0.021250
1 0.181250 0.967500 0.015000 0.020000
1 0.004375 0.698750 0.008750 0.022500
1 0.035625 0.695000 0.016250 0.025000
1 0.028125 0.639375 0.016250 0.023750
1 0.018125 0.640000 0.016250 0.022500
1 0.145000 0.926250 0.015000 0.022500
1 0.198125 0.900000 0.018750 0.017500
1 0.132500 0.871250 0.017500 0.022500
1 0.125625 0.875000 0.016250 0.017500
1 0.052500 0.781875 0.020000 0.021250
1 0.045625 0.786250 0.018750 0.022500
