1 0.905000 0.965000 0.045000 0.022500
1 0.498750 0.462500 0.030000 0.015000
1 0.701875 0.373750 0.026250 0.015000
1 0.802500 0.660000 0.045000 0.015000
1 0.895000 0.714375 0.045000 0.013750
1 0.706875 0.883750 0.041250 0.017500
1 0.838750 0.620000 0.062500 0.032500
1 0.849375 0.520000 0.023750 0.010000
1 0.973750 0.399375 0.040000 0.013750
1 0.638125 0.738750 0.021250 0.015000
1 0.988125 0.542500 0.023750 0.012500
1 0.788750 0.421250 0.040000 0.015000
1 0.713750 0.459375 0.025000 0.013750
1 0.929375 0.811250 0.021250 0.007500
1 0.855625 0.885000 0.028750 0.012500
1 0.981250 0.598750 0.037500 0.022500
1 0.850625 0.815000 0.033750 0.017500
1 0.780000 0.750625 0.042500 0.018750
