4 0.756836 0.477539 0.060547 0.068359
4 0.730469 0.559570 0.062500 0.064453
4 0.823242 0.505859 0.056641 0.070312
4 0.798828 0.591797 0.058594 0.070312
4 0.887695 0.535156 0.056641 0.070312
4 0.863281 0.621094 0.050781 0.062500
4 0.970703 0.576172 0.058594 0.070312
4 0.945312 0.656250 0.054688 0.062500
4 0.928711 0.730469 0.052734 0.058594
4 0.688477 0.708008 0.052734 0.076172
4 0.756836 0.741211 0.056641 0.076172
4 0.816406 0.773438 0.050781 0.062500
4 0.894531 0.816406 0.062500 0.082031
4 0.961914 0.850586 0.056641 0.072266
4 0.662109 0.788086 0.050781 0.080078
4 0.728516 0.822266 0.058594 0.082031
4 0.789062 0.856445 0.054688 0.064453
4 0.875000 0.895508 0.062500 0.064453
4 0.944336 0.930664 0.056641 0.072266
