2 0.127930 0.120117 0.080078 0.068359
2 0.374023 0.112305 0.076172 0.064453
2 0.625000 0.115234 0.082031 0.078125
2 0.875977 0.116211 0.068359 0.068359
2 0.118164 0.371094 0.072266 0.074219
2 0.373047 0.368164 0.070312 0.072266
2 0.624023 0.370117 0.068359 0.072266
2 0.870117 0.372070 0.068359 0.068359
2 0.119141 0.617188 0.062500 0.074219
2 0.365234 0.618164 0.058594 0.076172
2 0.626953 0.621094 0.062500 0.074219
2 0.873047 0.618164 0.062500 0.072266
2 0.119141 0.869141 0.058594 0.078125
2 0.371094 0.873047 0.042969 0.062500
2 0.622070 0.871094 0.060547 0.074219
2 0.867188 0.867188 0.058594 0.074219
