2 0.954102 0.356445 0.048828 0.076172
2 0.881836 0.481445 0.060547 0.076172
2 0.955078 0.469727 0.046875 0.064453
2 0.873047 0.355469 0.058594 0.113281
2 0.793945 0.353516 0.048828 0.089844
2 0.806641 0.469727 0.054688 0.080078
2 0.726562 0.471680 0.054688 0.080078
2 0.717773 0.348633 0.048828 0.083984
2 0.652344 0.471680 0.054688 0.119141
2 0.645508 0.350586 0.060547 0.091797
2 0.563477 0.359375 0.064453 0.117188
2 0.577148 0.491211 0.052734 0.095703
2 0.500977 0.500000 0.052734 0.082031
2 0.495117 0.358398 0.044922 0.111328
2 0.432617 0.501953 0.044922 0.085938
2 0.338867 0.357422 0.048828 0.085938
2 0.357422 0.507812 0.058594 0.093750
2 0.265625 0.370117 0.054688 0.080078
2 0.272461 0.489258 0.056641 0.083984
2 0.183594 0.375977 0.058594 0.099609
2 0.201172 0.501953 0.066406 0.093750
2 0.126953 0.514648 0.054688 0.083984
2 0.113281 0.376953 0.058594 0.093750
2 0.045898 0.499023 0.056641 0.123047
2 0.914062 0.057617 0.054688 0.083984
2 0.839844 0.062500 0.062500 0.121094
2 0.693359 0.073242 0.046875 0.080078
2 0.616211 0.075195 0.056641 0.087891
2 0.470703 0.075195 0.058594 0.087891
2 0.400391 0.089844 0.054688 0.082031
2 0.322266 0.092773 0.054688 0.091797
2 0.249023 0.093750 0.056641 0.078125
2 0.173828 0.097656 0.054688 0.089844
2 0.100586 0.096680 0.052734 0.080078
