0 0.024554 0.031250 0.066964 0.080357
0 0.133929 0.033482 0.071429 0.075893
0 0.216518 0.026786 0.066964 0.071429
0 0.319196 0.022321 0.066964 0.089286
0 0.426339 0.022321 0.075893 0.089286
0 0.524554 0.017857 0.084821 0.098214
0 0.627232 0.022321 0.075893 0.080357
0 0.029018 0.290179 0.066964 0.071429
0 0.082589 0.212054 0.049107 0.084821
0 0.129464 0.283482 0.062500 0.084821
0 0.180804 0.209821 0.049107 0.080357
0 0.232143 0.283482 0.071429 0.084821
0 0.281250 0.216518 0.053571 0.093750
0 0.323661 0.281250 0.075893 0.080357
0 0.383929 0.209821 0.062500 0.080357
0 0.430804 0.274554 0.066964 0.084821
0 0.477679 0.207589 0.053571 0.075893
0 0.531250 0.276786 0.062500 0.080357
0 0.582589 0.198661 0.058036 0.084821
0 0.685268 0.212054 0.058036 0.093750
0 0.732143 0.276786 0.062500 0.089286
0 0.783482 0.200893 0.058036 0.071429
0 0.825893 0.267857 0.089286 0.098214
0 0.035714 0.477679 0.053571 0.071429
0 0.082589 0.542411 0.066964 0.075893
0 0.133929 0.482143 0.062500 0.089286
0 0.187500 0.544643 0.071429 0.080357
0 0.225446 0.470982 0.058036 0.075893
0 0.276786 0.533482 0.062500 0.084821
0 0.325893 0.470982 0.053571 0.075893
0 0.375000 0.537946 0.062500 0.084821
0 0.428571 0.466518 0.071429 0.084821
0 0.484375 0.540179 0.066964 0.089286
0 0.522321 0.470982 0.062500 0.084821
0 0.580357 0.535714 0.053571 0.080357
0 0.629464 0.464286 0.053571 0.080357
0 0.674107 0.526786 0.062500 0.080357
0 0.729911 0.466518 0.049107 0.084821
0 0.772321 0.533482 0.062500 0.075893
0 0.834821 0.457589 0.062500 0.075893
0 0.886161 0.526786 0.058036 0.080357
0 0.941964 0.462054 0.062500 0.084821
0 0.995536 0.531250 0.080357 0.080357
0 0.997768 0.723214 0.075893 0.089286
0 0.935268 0.781250 0.084821 0.089286
0 0.886161 0.718750 0.066964 0.080357
0 0.832589 0.781250 0.066964 0.089286
0 0.781250 0.718750 0.071429 0.089286
0 0.727679 0.781250 0.089286 0.089286
0 0.687500 0.727679 0.071429 0.089286
0 0.631696 0.779018 0.075893 0.102679
0 0.582589 0.723214 0.084821 0.089286
0 0.533482 0.787946 0.066964 0.093750
0 0.475446 0.736607 0.084821 0.089286
0 0.388393 0.734375 0.071429 0.084821
0 0.292411 0.736607 0.075893 0.080357
0 0.178571 0.729911 0.062500 0.075893
0 0.022321 0.803571 0.071429 0.071429
0 0.924107 0.995536 0.071429 0.080357
