2 0.124023 0.123047 0.052734 0.058594
2 0.373047 0.123047 0.058594 0.066406
2 0.623047 0.118164 0.062500 0.080078
2 0.874023 0.122070 0.072266 0.080078
2 0.122070 0.367188 0.068359 0.085938
2 0.375977 0.367188 0.083984 0.093750
2 0.622070 0.370117 0.083984 0.091797
2 0.872070 0.371094 0.072266 0.078125
2 0.122070 0.622070 0.080078 0.080078
2 0.374023 0.622070 0.076172 0.072266
2 0.624023 0.625977 0.076172 0.064453
2 0.875977 0.626953 0.080078 0.062500
2 0.124023 0.876953 0.076172 0.058594
2 0.376953 0.881836 0.074219 0.052734
2 0.627930 0.879883 0.080078 0.037109
2 0.868164 0.882812 0.072266 0.031250
