2 0.124023 0.119141 0.083984 0.054688
2 0.375977 0.122070 0.083984 0.044922
2 0.622070 0.124023 0.076172 0.044922
2 0.868164 0.121094 0.080078 0.039062
2 0.116211 0.366211 0.072266 0.041016
2 0.368164 0.370117 0.080078 0.044922
2 0.619141 0.371094 0.082031 0.042969
2 0.869141 0.371094 0.078125 0.042969
2 0.120117 0.616211 0.083984 0.072266
2 0.375000 0.614258 0.078125 0.076172
2 0.621094 0.616211 0.082031 0.076172
2 0.871094 0.616211 0.078125 0.076172
2 0.119141 0.871094 0.078125 0.074219
2 0.373047 0.866211 0.078125 0.080078
2 0.619141 0.869141 0.082031 0.082031
2 0.869141 0.868164 0.074219 0.080078
