2 0.116211 0.128906 0.083984 0.070312
2 0.370117 0.126953 0.076172 0.074219
2 0.628906 0.132812 0.058594 0.058594
2 0.869141 0.125000 0.082031 0.074219
2 0.122070 0.372070 0.068359 0.083984
2 0.375000 0.376953 0.050781 0.062500
2 0.624023 0.385742 0.044922 0.048828
2 0.873047 0.384766 0.042969 0.054688
2 0.124023 0.633789 0.044922 0.060547
2 0.371094 0.636719 0.039062 0.046875
2 0.623047 0.623047 0.054688 0.070312
2 0.874023 0.622070 0.064453 0.076172
2 0.121094 0.875977 0.054688 0.064453
2 0.373047 0.874023 0.062500 0.068359
2 0.626953 0.870117 0.070312 0.068359
2 0.879883 0.868164 0.087891 0.076172
