1 0.678125 0.755625 0.013750 0.016250
1 0.731250 0.843750 0.010000 0.020000
1 0.718750 0.758125 0.020000 0.018750
1 0.853125 0.860625 0.018750 0.023750
1 0.990625 0.075625 0.018750 0.008750
1 0.590625 0.693125 0.008750 0.008750
1 0.328125 0.344375 0.008750 0.018750
1 0.701250 0.716250 0.017500 0.020000
1 0.697500 0.783750 0.017500 0.022500
1 0.788750 0.870625 0.017500 0.021250
1 0.546875 0.786875 0.013750 0.016250
1 0.783125 0.874375 0.018750 0.023750
1 0.736250 0.906250 0.012500 0.017500
1 0.822500 0.941250 0.015000 0.020000
1 0.761875 0.896250 0.011250 0.017500
1 0.803750 0.956875 0.012500 0.023750
1 0.819375 0.241875 0.031250 0.008750
1 0.757500 0.227500 0.030000 0.007500
1 0.785000 0.960000 0.015000 0.015000
1 0.785000 0.900000 0.015000 0.020000
1 0.781250 0.983125 0.015000 0.016250
1 0.896250 0.251250 0.030000 0.010000
1 0.826875 0.297500 0.021250 0.010000
1 0.473750 0.615000 0.012500 0.012500
1 0.658125 0.243125 0.021250 0.008750
1 0.450625 0.626250 0.008750 0.010000
1 0.676875 0.711250 0.013750 0.015000
1 0.750625 0.796875 0.016250 0.018750
1 0.758125 0.865000 0.013750 0.015000
1 0.723125 0.813125 0.016250 0.018750
1 0.829375 0.893125 0.018750 0.021250
1 0.610625 0.637500 0.011250 0.017500
1 0.679375 0.734375 0.013750 0.013750
1 0.649375 0.654375 0.016250 0.018750
1 0.645000 0.729375 0.020000 0.021250
1 0.763125 0.827500 0.021250 0.022500
1 0.731875 0.875000 0.013750 0.015000
1 0.703125 0.238125 0.023750 0.006250
1 0.696250 0.906875 0.012500 0.016250
1 0.781250 0.903750 0.015000 0.020000
1 0.879375 0.969375 0.018750 0.021250
1 0.858125 0.923750 0.016250 0.017500
1 0.853125 0.176875 0.021250 0.008750
1 0.917500 0.300625 0.027500 0.008750
1 0.783125 0.930000 0.016250 0.022500
1 0.845000 0.973125 0.012500 0.016250
1 0.758125 0.946250 0.013750 0.017500
1 0.818750 0.987500 0.015000 0.017500
1 0.573125 0.078750 0.016250 0.015000
1 0.579375 0.671875 0.018750 0.021250
1 0.636875 0.686250 0.018750 0.020000
