4 0.209961 0.467773 0.060547 0.060547
4 0.200195 0.534180 0.068359 0.056641
4 0.291992 0.477539 0.080078 0.060547
4 0.279297 0.547852 0.074219 0.056641
4 0.264648 0.635742 0.068359 0.056641
4 0.183594 0.624023 0.074219 0.056641
4 0.360352 0.488281 0.072266 0.050781
4 0.348633 0.556641 0.068359 0.058594
4 0.333008 0.647461 0.060547 0.056641
4 0.402344 0.661133 0.058594 0.060547
4 0.505859 0.548828 0.062500 0.050781
4 0.495117 0.598633 0.048828 0.037109
4 0.486328 0.649414 0.042969 0.044922
4 0.541992 0.655273 0.048828 0.044922
4 0.540039 0.708008 0.048828 0.044922
4 0.471680 0.700195 0.044922 0.041016
4 0.466797 0.748047 0.039062 0.035156
4 0.525391 0.759766 0.050781 0.039062
4 0.434570 0.524414 0.052734 0.044922
4 0.425781 0.560547 0.066406 0.039062
4 0.523438 0.013672 0.070312 0.062500
4 0.550781 0.083984 0.058594 0.058594
4 0.623047 0.060547 0.058594 0.058594
4 0.718750 0.025391 0.062500 0.054688
4 0.744141 0.090820 0.058594 0.052734
4 0.813477 0.065430 0.060547 0.060547
4 0.839844 0.136719 0.062500 0.054688
4 0.771484 0.162109 0.058594 0.054688
4 0.675781 0.196289 0.058594 0.052734
4 0.658203 0.124023 0.078125 0.056641
4 0.576172 0.149414 0.066406 0.052734
4 0.606445 0.219727 0.060547 0.048828
4 0.627930 0.288086 0.064453 0.052734
4 0.697266 0.257812 0.062500 0.054688
4 0.654297 0.352539 0.058594 0.048828
4 0.723633 0.324219 0.060547 0.050781
4 0.751953 0.396484 0.062500 0.054688
4 0.682617 0.422852 0.064453 0.052734
4 0.707031 0.487305 0.066406 0.052734
4 0.777344 0.463867 0.062500 0.052734
4 0.730469 0.553711 0.058594 0.052734
4 0.799805 0.529297 0.060547 0.054688
4 0.773438 0.622070 0.058594 0.052734
4 0.841797 0.597656 0.058594 0.046875
4 0.916992 0.607422 0.056641 0.054688
4 0.829102 0.666016 0.060547 0.054688
4 0.901367 0.676758 0.060547 0.052734
4 0.795898 0.227539 0.056641 0.056641
4 0.864258 0.204102 0.060547 0.052734
4 0.888672 0.269531 0.062500 0.050781
4 0.820312 0.293945 0.062500 0.052734
4 0.847656 0.362305 0.062500 0.052734
4 0.918945 0.337891 0.060547 0.058594
4 0.942383 0.406250 0.060547 0.058594
4 0.871094 0.428711 0.062500 0.052734
4 0.897461 0.496094 0.060547 0.054688
4 0.968750 0.471680 0.054688 0.048828
