4 0.724609 0.416016 0.035156 0.027344
4 0.757812 0.416016 0.031250 0.027344
4 0.722656 0.460938 0.031250 0.023438
4 0.761719 0.457031 0.031250 0.023438
4 0.722656 0.484375 0.031250 0.023438
4 0.761719 0.484375 0.031250 0.023438
4 0.802734 0.457031 0.027344 0.023438
4 0.800781 0.478516 0.023438 0.019531
4 0.802734 0.503906 0.027344 0.015625
4 0.833984 0.457031 0.035156 0.023438
4 0.835938 0.484375 0.023438 0.023438
4 0.833984 0.501953 0.019531 0.011719
4 0.433594 0.300781 0.031250 0.031250
4 0.437500 0.328125 0.039062 0.031250
4 0.406250 0.271484 0.015625 0.027344
4 0.431641 0.271484 0.019531 0.019531
4 0.396484 0.312500 0.019531 0.023438
4 0.394531 0.330078 0.023438 0.011719
4 0.396484 0.345703 0.019531 0.019531
4 0.755859 0.562500 0.035156 0.031250
4 0.755859 0.587891 0.027344 0.027344
4 0.753906 0.615234 0.039062 0.027344
4 0.009766 0.103516 0.019531 0.019531
4 0.023438 0.095703 0.015625 0.019531
4 0.042969 0.087891 0.023438 0.019531
4 0.060547 0.080078 0.019531 0.019531
4 0.015625 0.115234 0.007812 0.011719
4 0.033203 0.107422 0.011719 0.011719
4 0.052734 0.105469 0.011719 0.015625
4 0.068359 0.097656 0.019531 0.015625
4 0.011719 0.156250 0.015625 0.023438
4 0.033203 0.146484 0.019531 0.019531
4 0.023438 0.169922 0.015625 0.011719
4 0.042969 0.162109 0.015625 0.011719
4 0.031250 0.185547 0.015625 0.011719
4 0.054688 0.177734 0.015625 0.011719
4 0.039062 0.201172 0.015625 0.011719
4 0.050781 0.197266 0.015625 0.011719
4 0.062500 0.189453 0.015625 0.011719
4 0.050781 0.216797 0.015625 0.011719
4 0.058594 0.212891 0.015625 0.011719
4 0.070312 0.208984 0.015625 0.011719
4 0.058594 0.130859 0.015625 0.011719
4 0.078125 0.126953 0.015625 0.011719
4 0.070312 0.146484 0.015625 0.011719
4 0.082031 0.140625 0.015625 0.015625
4 0.074219 0.160156 0.015625 0.015625
4 0.093750 0.152344 0.015625 0.015625
4 0.085938 0.171875 0.015625 0.015625
4 0.101562 0.167969 0.015625 0.015625
4 0.089844 0.183594 0.015625 0.015625
4 0.109375 0.179688 0.015625 0.015625
4 0.101562 0.195312 0.015625 0.015625
4 0.117188 0.191406 0.015625 0.015625
