4 0.050781 0.316406 0.093750 0.101562
4 0.210938 0.322266 0.125000 0.105469
4 0.130859 0.238281 0.136719 0.101562
4 0.058594 0.166016 0.101562 0.097656
4 0.404297 0.296875 0.113281 0.101562
4 0.486328 0.253906 0.128906 0.101562
4 0.404297 0.169922 0.136719 0.097656
4 0.320312 0.230469 0.117188 0.101562
4 0.251953 0.164062 0.121094 0.101562
4 0.332031 0.099609 0.132812 0.105469
4 0.251953 0.046875 0.144531 0.085938
4 0.152344 0.082031 0.140625 0.117188
4 0.091797 0.039062 0.121094 0.070312
4 0.175781 0.005859 0.132812 0.003906
