1 0.905000 0.207500 0.188000 0.067000
1 0.922500 0.261500 0.153000 0.045000
1 0.919500 0.302000 0.159000 0.042000
1 0.930500 0.340500 0.137000 0.033000
1 0.879000 0.426500 0.240000 0.071000
1 0.901500 0.474500 0.143000 0.069000
1 0.925000 0.563500 0.148000 0.057000
1 0.906000 0.605000 0.184000 0.048000
1 0.920000 0.657000 0.158000 0.040000
1 0.943500 0.699500 0.111000 0.055000
1 0.933000 0.725500 0.124000 0.039000
1 0.912500 0.754500 0.107000 0.041000
1 0.916500 0.932000 0.111000 0.038000
1 0.690000 0.015500 0.074000 0.029000
1 0.559000 0.137500 0.098000 0.055000
1 0.548500 0.435000 0.093000 0.042000
1 0.563000 0.748000 0.094000 0.062000
1 0.934000 0.803000 0.108000 0.068000
1 0.584500 0.960500 0.081000 0.073000
1 0.900500 0.847000 0.119000 0.086000
