0 0.799107 0.455357 0.071429 0.071429
0 0.761161 0.513393 0.075893 0.053571
0 0.845982 0.515625 0.075893 0.049107
0 0.888393 0.462054 0.053571 0.058036
0 0.933036 0.513393 0.062500 0.062500
0 0.973214 0.453125 0.071429 0.058036
0 0.542411 0.662946 0.066964 0.058036
0 0.497768 0.709821 0.066964 0.053571
0 0.573661 0.714286 0.058036 0.062500
0 0.620536 0.667411 0.053571 0.058036
0 0.656250 0.716518 0.053571 0.058036
0 0.689732 0.665179 0.049107 0.053571
0 0.727679 0.712054 0.053571 0.066964
0 0.774554 0.662946 0.058036 0.058036
0 0.812500 0.712054 0.053571 0.058036
0 0.854911 0.667411 0.049107 0.058036
0 0.881696 0.714286 0.049107 0.053571
0 0.926339 0.667411 0.058036 0.058036
0 0.959821 0.716518 0.071429 0.058036
0 0.473214 0.979911 0.071429 0.093750
0 0.573661 0.979911 0.058036 0.084821
0 0.676339 0.977679 0.058036 0.080357
0 0.772321 0.977679 0.062500 0.089286
0 0.877232 0.977679 0.058036 0.080357
0 0.975446 0.977679 0.066964 0.080357
