2 0.429688 0.028320 0.128906 0.056641
2 0.440430 0.084961 0.099609 0.048828
2 0.426758 0.142578 0.103516 0.042969
2 0.425781 0.202148 0.093750 0.060547
2 0.426758 0.267578 0.087891 0.050781
2 0.427734 0.331055 0.093750 0.060547
2 0.442383 0.388672 0.095703 0.058594
2 0.487305 0.452148 0.111328 0.056641
2 0.500977 0.500977 0.138672 0.076172
2 0.523438 0.599609 0.136719 0.070312
2 0.541992 0.661133 0.107422 0.056641
2 0.533203 0.724609 0.113281 0.054688
2 0.540039 0.795898 0.107422 0.056641
2 0.536133 0.847656 0.107422 0.046875
2 0.531250 0.927734 0.128906 0.050781
2 0.532227 0.977539 0.119141 0.041016
2 0.042969 0.799805 0.085938 0.111328
2 0.104492 0.818359 0.080078 0.093750
2 0.114258 0.943359 0.095703 0.109375
2 0.041992 0.923828 0.083984 0.113281
