0 0.493304 0.015625 0.084821 0.031250
0 0.571429 0.071429 0.071429 0.071429
0 0.502232 0.140625 0.075893 0.058036
0 0.571429 0.198661 0.080357 0.075893
0 0.488839 0.256696 0.075893 0.058036
0 0.566964 0.316964 0.071429 0.080357
0 0.491071 0.386161 0.080357 0.049107
0 0.566964 0.441964 0.071429 0.071429
0 0.493304 0.511161 0.075893 0.066964
0 0.566964 0.573661 0.071429 0.058036
0 0.488839 0.640625 0.084821 0.058036
0 0.562500 0.698661 0.071429 0.066964
0 0.491071 0.754464 0.089286 0.071429
0 0.564732 0.823661 0.075893 0.066964
0 0.486607 0.892857 0.080357 0.053571
0 0.569196 0.957589 0.084821 0.066964
0 0.805804 0.020089 0.084821 0.040179
0 0.875000 0.069196 0.071429 0.075893
0 0.810268 0.131696 0.066964 0.066964
0 0.881696 0.203125 0.066964 0.066964
0 0.810268 0.267857 0.075893 0.062500
0 0.877232 0.323661 0.084821 0.058036
0 0.808036 0.386161 0.062500 0.066964
0 0.881696 0.462054 0.075893 0.058036
0 0.799107 0.522321 0.071429 0.062500
0 0.875000 0.573661 0.071429 0.058036
0 0.810268 0.629464 0.066964 0.062500
0 0.881696 0.700893 0.075893 0.071429
0 0.801339 0.767857 0.075893 0.071429
0 0.879464 0.834821 0.080357 0.062500
0 0.808036 0.892857 0.062500 0.062500
0 0.875000 0.953125 0.071429 0.058036
