2 0.728516 0.083984 0.171875 0.093750
2 0.718750 0.152344 0.097656 0.042969
2 0.723633 0.211914 0.126953 0.060547
2 0.702148 0.273438 0.107422 0.058594
2 0.678711 0.331055 0.119141 0.060547
2 0.663086 0.523438 0.134766 0.058594
2 0.500977 0.450195 0.119141 0.056641
2 0.511719 0.385742 0.101562 0.052734
2 0.528320 0.321289 0.119141 0.056641
2 0.534180 0.260742 0.123047 0.064453
2 0.536133 0.198242 0.087891 0.041016
2 0.185547 0.466797 0.121094 0.058594
2 0.192383 0.343750 0.130859 0.062500
2 0.180664 0.284180 0.138672 0.064453
2 0.214844 0.221680 0.113281 0.056641
2 0.210938 0.161133 0.117188 0.044922
2 0.244141 0.102539 0.117188 0.052734
2 0.181641 0.608398 0.121094 0.095703
2 0.347656 0.720703 0.070312 0.128906
2 0.427734 0.757812 0.066406 0.109375
2 0.501953 0.758789 0.058594 0.087891
2 0.581055 0.767578 0.064453 0.105469
2 0.655273 0.772461 0.068359 0.103516
2 0.781250 0.780273 0.070312 0.115234
2 0.919922 0.802734 0.062500 0.097656
