1 0.767500 0.354000 0.131000 0.050000
1 0.757000 0.388500 0.166000 0.063000
1 0.705500 0.985500 0.107000 0.027000
1 0.691500 0.957500 0.113000 0.041000
1 0.688500 0.923500 0.109000 0.035000
1 0.668500 0.891500 0.117000 0.037000
1 0.672000 0.860000 0.128000 0.032000
1 0.681500 0.830500 0.107000 0.025000
1 0.685000 0.805500 0.106000 0.025000
1 0.686000 0.783000 0.110000 0.026000
1 0.686000 0.759500 0.108000 0.027000
1 0.684000 0.729500 0.108000 0.035000
1 0.841000 0.757500 0.154000 0.063000
1 0.859500 0.691000 0.173000 0.092000
1 0.909500 0.547500 0.119000 0.077000
1 0.895500 0.593000 0.129000 0.094000
1 0.695500 0.470500 0.195000 0.049000
1 0.723500 0.515000 0.165000 0.052000
1 0.711500 0.552500 0.237000 0.061000
1 0.657500 0.673500 0.139000 0.099000
1 0.507500 0.547000 0.143000 0.040000
1 0.504500 0.512000 0.185000 0.048000
1 0.528500 0.482500 0.149000 0.045000
1 0.525500 0.438500 0.157000 0.047000
1 0.551000 0.400000 0.262000 0.048000
1 0.490000 0.357000 0.226000 0.056000
1 0.565500 0.202500 0.233000 0.051000
1 0.524500 0.325000 0.181000 0.048000
1 0.265000 0.226500 0.160000 0.081000
1 0.058500 0.116500 0.065000 0.153000
1 0.411000 0.150500 0.100000 0.159000
