4 0.339844 0.302734 0.046875 0.042969
4 0.324219 0.408203 0.039062 0.035156
4 0.265625 0.400391 0.031250 0.027344
4 0.207031 0.490234 0.023438 0.027344
4 0.234375 0.472656 0.023438 0.023438
4 0.281250 0.468750 0.031250 0.023438
4 0.271484 0.447266 0.027344 0.027344
4 0.224609 0.453125 0.027344 0.023438
4 0.195312 0.462891 0.031250 0.027344
4 0.183594 0.435547 0.031250 0.027344
4 0.208984 0.425781 0.027344 0.023438
3 0.085938 0.947266 0.054688 0.050781
4 0.271484 0.351562 0.035156 0.031250
4 0.332031 0.359375 0.031250 0.031250
4 0.156250 0.474609 0.031250 0.035156
4 0.140625 0.449219 0.031250 0.031250
