4 0.044922 0.368164 0.058594 0.068359
4 0.041992 0.452148 0.060547 0.068359
4 0.035156 0.540039 0.054688 0.068359
4 0.202148 0.073242 0.060547 0.068359
4 0.259766 0.018555 0.062500 0.060547
4 0.663086 0.035156 0.056641 0.070312
4 0.703125 0.104492 0.066406 0.060547
4 0.759766 0.048828 0.058594 0.070312
4 0.750977 0.168945 0.056641 0.064453
4 0.804688 0.114258 0.054688 0.064453
4 0.794922 0.239258 0.058594 0.068359
4 0.849609 0.182617 0.058594 0.068359
4 0.895508 0.250000 0.056641 0.062500
4 0.877930 0.041016 0.060547 0.062500
4 0.980469 0.057617 0.058594 0.068359
4 0.923828 0.113281 0.062500 0.058594
4 0.968750 0.174805 0.058594 0.060547
