2 0.116211 0.127930 0.072266 0.033203
2 0.363281 0.134766 0.078125 0.042969
2 0.612305 0.132812 0.068359 0.027344
2 0.861328 0.130859 0.078125 0.035156
2 0.118164 0.377930 0.083984 0.056641
2 0.371094 0.378906 0.070312 0.050781
2 0.622070 0.376953 0.076172 0.058594
2 0.862305 0.367188 0.103516 0.085938
2 0.121094 0.626953 0.074219 0.062500
2 0.370117 0.628906 0.064453 0.066406
2 0.618164 0.619141 0.083984 0.082031
2 0.875000 0.629883 0.078125 0.080078
2 0.125000 0.877930 0.066406 0.072266
2 0.375000 0.875977 0.054688 0.068359
2 0.622070 0.860352 0.048828 0.091797
2 0.877930 0.881836 0.041016 0.044922
