2 0.126953 0.120117 0.078125 0.076172
2 0.372070 0.120117 0.068359 0.072266
2 0.620117 0.121094 0.060547 0.070312
2 0.872070 0.119141 0.072266 0.074219
2 0.118164 0.372070 0.060547 0.068359
2 0.369141 0.369141 0.058594 0.070312
2 0.618164 0.368164 0.068359 0.080078
2 0.872070 0.366211 0.068359 0.080078
2 0.119141 0.620117 0.054688 0.068359
2 0.374023 0.625000 0.056641 0.066406
2 0.617188 0.616211 0.050781 0.068359
2 0.871094 0.617188 0.066406 0.082031
2 0.121094 0.870117 0.058594 0.068359
2 0.369141 0.873047 0.074219 0.074219
2 0.619141 0.871094 0.066406 0.070312
2 0.869141 0.869141 0.066406 0.066406
