4 0.190430 0.897461 0.060547 0.060547
4 0.231445 0.833008 0.064453 0.068359
4 0.291016 0.775391 0.062500 0.066406
4 0.338867 0.719727 0.060547 0.072266
4 0.406250 0.725586 0.062500 0.076172
4 0.011719 0.863281 0.058594 0.054688
4 0.074219 0.780273 0.058594 0.068359
4 0.140625 0.767578 0.062500 0.070312
4 0.078125 0.662109 0.066406 0.066406
4 0.124023 0.602539 0.060547 0.072266
4 0.202148 0.585938 0.060547 0.062500
4 0.193359 0.501953 0.062500 0.066406
4 0.381836 0.356445 0.068359 0.068359
4 0.363281 0.274414 0.066406 0.068359
4 0.291992 0.304688 0.060547 0.066406
4 0.243164 0.252930 0.072266 0.060547
4 0.291016 0.194336 0.070312 0.064453
4 0.189453 0.205078 0.074219 0.066406
