1 0.058594 0.285156 0.046875 0.023438
1 0.130859 0.281250 0.058594 0.015625
1 0.062500 0.312500 0.046875 0.023438
1 0.136719 0.304688 0.046875 0.023438
1 0.193359 0.281250 0.058594 0.031250
1 0.291016 0.304688 0.050781 0.023438
1 0.253906 0.244141 0.078125 0.019531
1 0.367188 0.263672 0.062500 0.019531
1 0.507812 0.265625 0.046875 0.015625
1 0.472656 0.296875 0.046875 0.023438
1 0.562500 0.302734 0.039062 0.019531
1 0.541016 0.244141 0.050781 0.019531
1 0.613281 0.283203 0.054688 0.019531
1 0.658203 0.269531 0.042969 0.015625
1 0.730469 0.257812 0.039062 0.031250
1 0.835938 0.244141 0.046875 0.019531
1 0.943359 0.234375 0.066406 0.023438
1 0.886719 0.068359 0.023438 0.058594
