0 0.020089 0.075893 0.040179 0.062500
0 0.020089 0.156250 0.040179 0.062500
0 0.017857 0.234375 0.035714 0.066964
0 0.015625 0.540179 0.031250 0.053571
0 0.160714 0.022321 0.053571 0.044643
0 0.212054 0.044643 0.058036 0.062500
0 0.162946 0.082589 0.066964 0.058036
0 0.216518 0.122768 0.058036 0.058036
0 0.160714 0.156250 0.062500 0.053571
0 0.209821 0.198661 0.062500 0.058036
0 0.165179 0.241071 0.062500 0.053571
0 0.207589 0.274554 0.066964 0.058036
0 0.162946 0.319196 0.066964 0.058036
0 0.212054 0.350446 0.058036 0.049107
0 0.162946 0.392857 0.058036 0.053571
0 0.205357 0.424107 0.071429 0.062500
0 0.162946 0.475446 0.066964 0.058036
0 0.209821 0.504464 0.053571 0.062500
0 0.165179 0.551339 0.053571 0.058036
0 0.207589 0.582589 0.066964 0.066964
0 0.165179 0.622768 0.062500 0.058036
0 0.212054 0.660714 0.058036 0.062500
0 0.162946 0.712054 0.058036 0.058036
0 0.214286 0.743304 0.062500 0.066964
0 0.549107 0.031250 0.071429 0.062500
0 0.473214 0.075893 0.080357 0.062500
0 0.531250 0.116071 0.080357 0.089286
0 0.468750 0.171875 0.080357 0.066964
0 0.531250 0.223214 0.071429 0.062500
0 0.462054 0.272321 0.075893 0.044643
0 0.537946 0.323661 0.075893 0.066964
0 0.468750 0.375000 0.080357 0.062500
0 0.531250 0.417411 0.089286 0.075893
0 0.464286 0.479911 0.089286 0.058036
0 0.531250 0.524554 0.080357 0.066964
0 0.462054 0.573661 0.093750 0.058036
0 0.533482 0.633929 0.075893 0.071429
0 0.459821 0.678571 0.080357 0.062500
0 0.526786 0.716518 0.071429 0.066964
0 0.459821 0.772321 0.080357 0.071429
0 0.522321 0.819196 0.089286 0.066964
0 0.453125 0.879464 0.084821 0.062500
0 0.522321 0.926339 0.089286 0.075893
0 0.450893 0.975446 0.089286 0.049107
0 0.794643 0.031250 0.080357 0.062500
0 0.723214 0.073661 0.089286 0.066964
0 0.794643 0.125000 0.080357 0.071429
0 0.723214 0.176339 0.080357 0.066964
0 0.787946 0.220982 0.084821 0.075893
0 0.718750 0.274554 0.080357 0.058036
0 0.794643 0.332589 0.080357 0.075893
0 0.714286 0.381696 0.089286 0.066964
0 0.785714 0.433036 0.080357 0.062500
0 0.716518 0.486607 0.093750 0.053571
0 0.790179 0.529018 0.071429 0.066964
0 0.712054 0.582589 0.084821 0.049107
0 0.783482 0.629464 0.084821 0.062500
0 0.709821 0.680804 0.080357 0.049107
0 0.783482 0.732143 0.084821 0.071429
0 0.716518 0.781250 0.093750 0.053571
0 0.781250 0.823661 0.080357 0.075893
0 0.709821 0.883929 0.080357 0.062500
0 0.774554 0.930804 0.084821 0.066964
0 0.707589 0.975446 0.075893 0.049107
0 0.970982 0.026786 0.058036 0.053571
0 0.973214 0.127232 0.053571 0.066964
0 0.968750 0.229911 0.062500 0.058036
0 0.970982 0.330357 0.058036 0.062500
0 0.968750 0.417411 0.062500 0.049107
0 0.970982 0.535714 0.058036 0.053571
0 0.968750 0.633929 0.062500 0.062500
0 0.966518 0.725446 0.066964 0.058036
0 0.966518 0.825893 0.066964 0.053571
0 0.962054 0.928571 0.075893 0.071429
