0 0.071429 0.062500 0.071429 0.080357
0 0.169643 0.055804 0.062500 0.075893
0 0.276786 0.058036 0.053571 0.071429
0 0.379464 0.062500 0.062500 0.071429
0 0.479911 0.055804 0.075893 0.075893
0 0.580357 0.051339 0.062500 0.075893
0 0.674107 0.053571 0.071429 0.071429
0 0.776786 0.051339 0.071429 0.075893
0 0.875000 0.049107 0.062500 0.071429
0 0.991071 0.046875 0.080357 0.084821
0 0.977679 0.236607 0.062500 0.080357
0 0.933036 0.303571 0.071429 0.071429
0 0.832589 0.310268 0.066964 0.066964
0 0.779018 0.247768 0.066964 0.084821
0 0.725446 0.305804 0.075893 0.075893
0 0.678571 0.241071 0.062500 0.080357
0 0.629464 0.308036 0.062500 0.080357
0 0.575893 0.243304 0.071429 0.084821
0 0.537946 0.316964 0.075893 0.080357
0 0.482143 0.245536 0.062500 0.089286
0 0.424107 0.319196 0.071429 0.084821
0 0.395089 0.254464 0.058036 0.080357
0 0.328125 0.316964 0.058036 0.071429
0 0.225446 0.325893 0.075893 0.071429
0 0.174107 0.263393 0.062500 0.071429
0 0.129464 0.323661 0.071429 0.084821
0 0.084821 0.261161 0.071429 0.075893
0 0.033482 0.323661 0.066964 0.084821
0 0.013393 0.542411 0.062500 0.093750
0 0.133929 0.531250 0.062500 0.089286
0 0.236607 0.533482 0.062500 0.084821
0 0.343750 0.535714 0.071429 0.089286
0 0.770089 0.522321 0.075893 0.089286
0 0.926339 0.734375 0.049107 0.084821
0 0.850446 0.741071 0.058036 0.089286
0 0.770089 0.741071 0.049107 0.080357
0 0.680804 0.741071 0.049107 0.098214
0 0.593750 0.741071 0.044643 0.098214
0 0.520089 0.745536 0.049107 0.098214
0 0.095982 0.982143 0.049107 0.080357
0 0.174107 0.982143 0.044643 0.062500
0 0.238839 0.979911 0.049107 0.075893
0 0.303571 0.984375 0.062500 0.075893
0 0.379464 0.986607 0.044643 0.071429
0 0.444196 0.984375 0.049107 0.075893
0 0.504464 0.977679 0.035714 0.071429
0 0.575893 0.979911 0.044643 0.075893
0 0.642857 0.977679 0.035714 0.071429
0 0.703125 0.975446 0.049107 0.066964
0 0.767857 0.973214 0.044643 0.071429
0 0.841518 0.970982 0.031250 0.066964
0 0.915179 0.970982 0.053571 0.075893
0 0.977679 0.970982 0.035714 0.066964
