0 0.066964 0.274554 0.080357 0.075893
0 0.064732 0.372768 0.084821 0.058036
0 0.022321 0.437500 0.044643 0.062500
0 0.071429 0.479911 0.089286 0.066964
0 0.062500 0.571429 0.080357 0.071429
0 0.055804 0.669643 0.075893 0.062500
0 0.058036 0.776786 0.071429 0.053571
0 0.062500 0.879464 0.071429 0.062500
0 0.055804 0.970982 0.075893 0.058036
0 0.245536 0.975446 0.089286 0.049107
0 0.319196 0.924107 0.084821 0.071429
0 0.254464 0.895089 0.080357 0.058036
0 0.316964 0.828125 0.071429 0.058036
0 0.325893 0.725446 0.071429 0.075893
0 0.263393 0.674107 0.071429 0.062500
0 0.323661 0.629464 0.084821 0.071429
0 0.261161 0.584821 0.075893 0.071429
0 0.323661 0.533482 0.084821 0.066964
0 0.258929 0.488839 0.080357 0.066964
0 0.258929 0.379464 0.080357 0.053571
0 0.332589 0.334821 0.084821 0.062500
0 0.267857 0.276786 0.089286 0.062500
0 0.546875 0.308036 0.084821 0.071429
0 0.537946 0.406250 0.084821 0.080357
0 0.542411 0.513393 0.093750 0.062500
0 0.531250 0.633929 0.089286 0.062500
0 0.533482 0.736607 0.084821 0.062500
0 0.535714 0.843750 0.089286 0.071429
0 0.970982 0.595982 0.058036 0.049107
0 0.975446 0.674107 0.049107 0.044643
0 0.970982 0.738839 0.058036 0.049107
0 0.973214 0.803571 0.053571 0.062500
0 0.975446 0.879464 0.049107 0.044643
0 0.973214 0.944196 0.053571 0.049107
