1 0.212891 0.730469 0.125000 0.074219
1 0.967773 0.630859 0.126953 0.062500
1 0.552734 0.731445 0.171875 0.076172
1 0.686523 0.851562 0.158203 0.066406
1 0.442383 0.874023 0.146484 0.060547
1 0.806641 0.710938 0.160156 0.058594
1 0.752930 0.133789 0.033203 0.099609
1 0.677734 0.140625 0.046875 0.085938
1 0.900391 0.226562 0.027344 0.105469
1 0.946289 0.242188 0.044922 0.105469
1 0.617188 0.940430 0.140625 0.072266
1 0.561523 0.376953 0.044922 0.113281
1 0.608398 0.381836 0.048828 0.126953
1 0.769531 0.378906 0.050781 0.128906
1 0.812500 0.371094 0.046875 0.121094
1 0.919922 0.434570 0.054688 0.146484
1 0.972656 0.436523 0.066406 0.154297
1 0.799805 0.758789 0.193359 0.060547
