0 0.216518 0.765625 0.058036 0.058036
0 0.254464 0.723214 0.044643 0.062500
0 0.296875 0.761161 0.058036 0.066964
0 0.341518 0.716518 0.058036 0.058036
0 0.381696 0.772321 0.058036 0.062500
0 0.424107 0.718750 0.053571 0.071429
0 0.468750 0.763393 0.062500 0.062500
0 0.508929 0.714286 0.044643 0.062500
0 0.544643 0.763393 0.053571 0.071429
0 0.584821 0.709821 0.062500 0.062500
0 0.625000 0.763393 0.062500 0.062500
0 0.676339 0.720982 0.058036 0.058036
0 0.725446 0.763393 0.058036 0.062500
0 0.756696 0.712054 0.049107 0.058036
0 0.801339 0.761161 0.058036 0.058036
0 0.843750 0.707589 0.053571 0.066964
0 0.888393 0.763393 0.053571 0.062500
0 0.930804 0.707589 0.058036 0.066964
0 0.973214 0.763393 0.053571 0.062500
