0 0.566406 0.146484 0.015625 0.019531
0 0.574219 0.130859 0.015625 0.019531
0 0.578125 0.140625 0.007812 0.015625
0 0.587891 0.130859 0.011719 0.019531
0 0.595703 0.140625 0.011719 0.015625
0 0.605469 0.128906 0.007812 0.015625
0 0.611328 0.142578 0.011719 0.019531
0 0.625000 0.132812 0.007812 0.015625
0 0.630859 0.140625 0.011719 0.015625
0 0.646484 0.134766 0.011719 0.011719
0 0.652344 0.144531 0.015625 0.015625
0 0.664062 0.134766 0.015625 0.011719
0 0.671875 0.148438 0.015625 0.015625
0 0.681641 0.134766 0.011719 0.011719
0 0.687500 0.148438 0.015625 0.015625
0 0.701172 0.132812 0.011719 0.015625
0 0.718750 0.132812 0.015625 0.015625
0 0.708984 0.146484 0.011719 0.019531
0 0.726562 0.150391 0.015625 0.019531
0 0.736328 0.136719 0.011719 0.015625
0 0.744141 0.150391 0.011719 0.019531
0 0.753906 0.140625 0.015625 0.015625
0 0.759766 0.152344 0.011719 0.015625
0 0.773438 0.140625 0.015625 0.015625
0 0.783203 0.154297 0.011719 0.019531
0 0.794922 0.142578 0.011719 0.019531
0 0.810547 0.140625 0.011719 0.015625
0 0.802734 0.152344 0.011719 0.015625
0 0.818359 0.148438 0.011719 0.015625
0 0.828125 0.140625 0.015625 0.015625
0 0.837891 0.148438 0.011719 0.015625
0 0.845703 0.140625 0.011719 0.015625
0 0.855469 0.152344 0.007812 0.015625
0 0.865234 0.142578 0.011719 0.011719
0 0.875000 0.150391 0.015625 0.011719
0 0.880859 0.142578 0.011719 0.011719
0 0.892578 0.154297 0.011719 0.011719
0 0.900391 0.146484 0.011719 0.019531
0 0.910156 0.154297 0.015625 0.011719
0 0.921875 0.144531 0.015625 0.015625
0 0.929688 0.156250 0.015625 0.015625
0 0.937500 0.144531 0.015625 0.015625
0 0.957031 0.144531 0.015625 0.015625
0 0.947266 0.156250 0.019531 0.015625
0 0.964844 0.156250 0.015625 0.015625
0 0.972656 0.144531 0.015625 0.015625
0 0.988281 0.158203 0.015625 0.011719
0 0.992188 0.144531 0.015625 0.015625
0 0.892578 0.203125 0.011719 0.015625
0 0.904297 0.193359 0.011719 0.011719
0 0.912109 0.203125 0.011719 0.015625
0 0.923828 0.193359 0.019531 0.011719
0 0.935547 0.201172 0.011719 0.011719
0 0.943359 0.195312 0.011719 0.015625
0 0.953125 0.207031 0.015625 0.015625
0 0.964844 0.193359 0.015625 0.011719
0 0.970703 0.207031 0.019531 0.015625
0 0.978516 0.197266 0.011719 0.019531
0 0.990234 0.207031 0.011719 0.015625
0 0.562500 0.089844 0.015625 0.015625
0 0.570312 0.080078 0.015625 0.011719
0 0.578125 0.095703 0.015625 0.019531
0 0.585938 0.083984 0.007812 0.011719
0 0.593750 0.097656 0.015625 0.015625
0 0.607422 0.082031 0.011719 0.015625
0 0.617188 0.097656 0.015625 0.015625
0 0.623047 0.082031 0.011719 0.015625
0 0.632812 0.097656 0.007812 0.015625
0 0.642578 0.082031 0.011719 0.015625
0 0.650391 0.095703 0.011719 0.011719
0 0.662109 0.085938 0.011719 0.015625
0 0.667969 0.097656 0.015625 0.015625
0 0.679688 0.089844 0.015625 0.015625
0 0.689453 0.097656 0.011719 0.015625
0 0.699219 0.087891 0.015625 0.011719
0 0.707031 0.101562 0.007812 0.015625
0 0.714844 0.085938 0.015625 0.015625
0 0.724609 0.099609 0.011719 0.011719
0 0.732422 0.087891 0.011719 0.019531
0 0.742188 0.099609 0.015625 0.011719
0 0.755859 0.087891 0.011719 0.011719
0 0.761719 0.101562 0.015625 0.015625
0 0.773438 0.089844 0.015625 0.015625
0 0.781250 0.101562 0.015625 0.015625
0 0.791016 0.091797 0.011719 0.011719
0 0.798828 0.103516 0.011719 0.011719
0 0.810547 0.091797 0.011719 0.019531
0 0.818359 0.101562 0.011719 0.015625
0 0.828125 0.093750 0.015625 0.015625
0 0.835938 0.105469 0.015625 0.015625
0 0.845703 0.091797 0.011719 0.011719
0 0.855469 0.101562 0.015625 0.015625
0 0.863281 0.095703 0.015625 0.019531
0 0.871094 0.103516 0.015625 0.019531
0 0.880859 0.093750 0.011719 0.015625
0 0.892578 0.103516 0.011719 0.019531
0 0.902344 0.093750 0.007812 0.015625
0 0.910156 0.103516 0.015625 0.011719
0 0.917969 0.093750 0.015625 0.015625
0 0.931641 0.105469 0.011719 0.015625
0 0.939453 0.095703 0.011719 0.011719
0 0.947266 0.107422 0.011719 0.011719
0 0.958984 0.095703 0.011719 0.011719
0 0.964844 0.109375 0.015625 0.015625
0 0.976562 0.101562 0.015625 0.015625
0 0.982422 0.109375 0.011719 0.015625
0 0.994141 0.101562 0.011719 0.015625
0 0.728516 0.044922 0.011719 0.011719
0 0.738281 0.056641 0.015625 0.019531
0 0.748047 0.048828 0.011719 0.019531
0 0.755859 0.058594 0.011719 0.015625
0 0.767578 0.046875 0.011719 0.015625
0 0.775391 0.056641 0.011719 0.011719
0 0.785156 0.046875 0.015625 0.015625
0 0.794922 0.058594 0.011719 0.015625
0 0.802734 0.048828 0.011719 0.019531
0 0.812500 0.058594 0.007812 0.015625
0 0.822266 0.044922 0.011719 0.019531
0 0.832031 0.058594 0.015625 0.015625
0 0.839844 0.046875 0.015625 0.015625
0 0.849609 0.058594 0.011719 0.015625
0 0.861328 0.050781 0.011719 0.015625
0 0.869141 0.060547 0.011719 0.019531
0 0.876953 0.050781 0.011719 0.015625
0 0.886719 0.062500 0.007812 0.015625
0 0.896484 0.050781 0.011719 0.015625
0 0.902344 0.062500 0.015625 0.015625
0 0.916016 0.048828 0.011719 0.011719
0 0.921875 0.062500 0.015625 0.015625
0 0.935547 0.048828 0.011719 0.011719
0 0.943359 0.060547 0.011719 0.011719
0 0.951172 0.052734 0.011719 0.011719
0 0.958984 0.060547 0.011719 0.011719
0 0.968750 0.052734 0.015625 0.011719
0 0.978516 0.064453 0.011719 0.019531
0 0.025391 0.068359 0.019531 0.019531
0 0.050781 0.068359 0.015625 0.019531
0 0.070312 0.074219 0.015625 0.023438
0 0.093750 0.072266 0.023438 0.019531
0 0.119141 0.070312 0.019531 0.023438
0 0.138672 0.070312 0.019531 0.023438
0 0.160156 0.070312 0.015625 0.023438
0 0.205078 0.074219 0.019531 0.023438
0 0.226562 0.074219 0.015625 0.023438
0 0.244141 0.076172 0.019531 0.019531
0 0.289062 0.076172 0.015625 0.019531
0 0.314453 0.076172 0.019531 0.019531
0 0.337891 0.074219 0.019531 0.015625
0 0.357422 0.078125 0.019531 0.023438
0 0.378906 0.080078 0.015625 0.019531
0 0.402344 0.080078 0.023438 0.019531
0 0.425781 0.082031 0.015625 0.023438
0 0.445312 0.080078 0.015625 0.019531
0 0.466797 0.083984 0.019531 0.019531
0 0.486328 0.080078 0.019531 0.019531
0 0.066406 0.302734 0.031250 0.019531
0 0.115234 0.304688 0.027344 0.023438
0 0.162109 0.306641 0.035156 0.019531
0 0.208984 0.306641 0.019531 0.019531
0 0.078125 0.351562 0.015625 0.015625
0 0.115234 0.351562 0.011719 0.015625
0 0.166016 0.351562 0.011719 0.015625
0 0.130859 0.404297 0.011719 0.019531
0 0.166016 0.458984 0.011719 0.019531
0 0.107422 0.503906 0.019531 0.015625
0 0.210938 0.363281 0.015625 0.015625
0 0.255859 0.351562 0.011719 0.015625
0 0.228516 0.365234 0.011719 0.019531
0 0.244141 0.367188 0.011719 0.015625
0 0.273438 0.353516 0.015625 0.019531
0 0.291016 0.353516 0.011719 0.019531
0 0.333984 0.369141 0.019531 0.019531
0 0.341797 0.361328 0.011719 0.019531
0 0.363281 0.361328 0.015625 0.019531
0 0.203125 0.460938 0.015625 0.015625
0 0.220703 0.460938 0.011719 0.015625
0 0.255859 0.460938 0.011719 0.015625
0 0.291016 0.462891 0.011719 0.019531
0 0.310547 0.462891 0.011719 0.019531
0 0.316406 0.419922 0.015625 0.019531
0 0.179688 0.408203 0.023438 0.019531
0 0.222656 0.408203 0.015625 0.019531
0 0.207031 0.416016 0.023438 0.019531
0 0.238281 0.410156 0.015625 0.023438
0 0.253906 0.410156 0.015625 0.023438
0 0.271484 0.414062 0.011719 0.023438
0 0.289062 0.408203 0.015625 0.019531
0 0.414062 0.359375 0.015625 0.023438
0 0.396484 0.560547 0.019531 0.019531
0 0.416016 0.562500 0.019531 0.023438
0 0.658203 0.587891 0.019531 0.019531
0 0.673828 0.585938 0.011719 0.023438
0 0.664062 0.642578 0.015625 0.019531
0 0.683594 0.638672 0.015625 0.011719
0 0.701172 0.636719 0.011719 0.015625
0 0.714844 0.638672 0.015625 0.019531
0 0.730469 0.640625 0.015625 0.023438
0 0.777344 0.644531 0.015625 0.015625
0 0.824219 0.646484 0.015625 0.019531
0 0.898438 0.650391 0.015625 0.019531
0 0.662109 0.679688 0.011719 0.015625
0 0.679688 0.677734 0.015625 0.019531
0 0.693359 0.679688 0.011719 0.023438
0 0.708984 0.679688 0.011719 0.015625
0 0.724609 0.681641 0.011719 0.019531
0 0.652344 0.703125 0.015625 0.015625
0 0.669922 0.701172 0.011719 0.019531
0 0.714844 0.705078 0.015625 0.019531
0 0.734375 0.705078 0.015625 0.019531
0 0.748047 0.705078 0.011719 0.019531
0 0.773438 0.683594 0.015625 0.015625
0 0.791016 0.683594 0.019531 0.015625
0 0.802734 0.681641 0.011719 0.019531
0 0.832031 0.687500 0.015625 0.015625
0 0.792969 0.705078 0.015625 0.019531
0 0.808594 0.707031 0.015625 0.023438
0 0.826172 0.707031 0.011719 0.023438
0 0.869141 0.681641 0.019531 0.019531
0 0.861328 0.707031 0.019531 0.015625
0 0.892578 0.705078 0.019531 0.019531
0 0.910156 0.708984 0.015625 0.019531
0 0.914062 0.685547 0.015625 0.019531
0 0.939453 0.685547 0.019531 0.019531
0 0.464844 0.359375 0.015625 0.015625
0 0.472656 0.373047 0.015625 0.019531
0 0.492188 0.373047 0.023438 0.019531
0 0.376953 0.701172 0.019531 0.035156
0 0.410156 0.710938 0.023438 0.023438
0 0.427734 0.708984 0.011719 0.027344
0 0.470703 0.714844 0.019531 0.023438
0 0.541016 0.712891 0.019531 0.027344
0 0.210938 0.832031 0.015625 0.015625
0 0.230469 0.839844 0.015625 0.023438
0 0.251953 0.839844 0.019531 0.023438
0 0.273438 0.837891 0.015625 0.019531
0 0.316406 0.841797 0.015625 0.019531
0 0.337891 0.839844 0.011719 0.015625
0 0.361328 0.843750 0.011719 0.015625
0 0.376953 0.843750 0.011719 0.015625
4 0.869141 0.968750 0.066406 0.062500
4 0.875000 0.837891 0.062500 0.066406
