4 0.105469 0.716797 0.101562 0.136719
4 0.089844 0.886719 0.125000 0.140625
4 0.238281 0.726562 0.125000 0.148438
4 0.230469 0.898438 0.125000 0.132812
4 0.433594 0.744141 0.117188 0.136719
4 0.572266 0.757812 0.113281 0.132812
4 0.423828 0.917969 0.105469 0.132812
4 0.560547 0.929688 0.121094 0.140625
4 0.742188 0.775391 0.125000 0.144531
4 0.886719 0.787109 0.109375 0.136719
4 0.738281 0.943359 0.101562 0.113281
4 0.873047 0.945312 0.113281 0.109375
4 0.548828 0.480469 0.128906 0.132812
4 0.693359 0.488281 0.121094 0.132812
4 0.824219 0.500000 0.101562 0.140625
4 0.560547 0.306641 0.113281 0.128906
4 0.691406 0.320312 0.109375 0.132812
4 0.837891 0.335938 0.113281 0.132812
4 0.634766 0.132812 0.089844 0.109375
4 0.751953 0.142578 0.097656 0.121094
4 0.855469 0.156250 0.093750 0.117188
4 0.939453 0.072266 0.089844 0.105469
4 0.773438 0.039062 0.085938 0.070312
