2 0.123047 0.122070 0.070312 0.037109
2 0.374023 0.115234 0.080078 0.066406
2 0.622070 0.116211 0.080078 0.076172
2 0.865234 0.120117 0.082031 0.068359
2 0.124023 0.369141 0.076172 0.078125
2 0.373047 0.367188 0.082031 0.085938
2 0.620117 0.368164 0.080078 0.080078
2 0.875000 0.366211 0.062500 0.080078
2 0.125977 0.622070 0.060547 0.072266
2 0.375977 0.629883 0.056641 0.056641
2 0.627930 0.621094 0.052734 0.062500
2 0.873047 0.628906 0.042969 0.042969
2 0.123047 0.870117 0.062500 0.068359
2 0.369141 0.872070 0.054688 0.064453
2 0.621094 0.874023 0.054688 0.072266
2 0.871094 0.872070 0.062500 0.076172
