2 0.122070 0.123047 0.080078 0.085938
2 0.375977 0.130859 0.060547 0.066406
2 0.627930 0.131836 0.056641 0.060547
2 0.876953 0.135742 0.050781 0.060547
2 0.121094 0.381836 0.074219 0.076172
2 0.373047 0.373047 0.062500 0.078125
2 0.621094 0.374023 0.070312 0.083984
2 0.875977 0.374023 0.076172 0.080078
2 0.121094 0.626953 0.078125 0.085938
2 0.370117 0.620117 0.083984 0.083984
2 0.622070 0.619141 0.087891 0.082031
2 0.874023 0.619141 0.091797 0.082031
2 0.124023 0.868164 0.091797 0.080078
2 0.378906 0.866211 0.101562 0.080078
2 0.622070 0.868164 0.083984 0.068359
2 0.876953 0.869141 0.093750 0.058594
