4 0.027344 0.901367 0.058594 0.060547
4 0.096680 0.929688 0.060547 0.054688
4 0.065430 0.541016 0.056641 0.054688
4 0.133789 0.567383 0.056641 0.060547
4 0.102539 0.633789 0.060547 0.060547
4 0.034180 0.603516 0.056641 0.058594
4 0.067383 0.716797 0.056641 0.062500
4 0.036133 0.782227 0.060547 0.060547
4 0.181641 0.687500 0.062500 0.062500
4 0.245117 0.714844 0.060547 0.050781
4 0.147461 0.751953 0.056641 0.058594
4 0.217773 0.779297 0.060547 0.058594
4 0.118164 0.816406 0.052734 0.054688
4 0.192383 0.842773 0.068359 0.060547
4 0.321289 0.819336 0.068359 0.060547
4 0.281250 0.881836 0.058594 0.056641
4 0.386719 0.846680 0.058594 0.060547
4 0.352539 0.915039 0.068359 0.060547
4 0.453125 0.877930 0.074219 0.056641
4 0.423828 0.941406 0.070312 0.062500
