2 0.121094 0.126953 0.082031 0.089844
2 0.372070 0.122070 0.080078 0.087891
2 0.621094 0.124023 0.085938 0.080078
2 0.864258 0.125000 0.095703 0.046875
2 0.117188 0.375000 0.085938 0.050781
2 0.367188 0.376953 0.082031 0.027344
2 0.619141 0.373047 0.089844 0.035156
2 0.872070 0.372070 0.072266 0.029297
2 0.117188 0.621094 0.078125 0.031250
2 0.370117 0.625000 0.076172 0.031250
2 0.620117 0.625977 0.076172 0.048828
2 0.872070 0.625000 0.083984 0.050781
2 0.123047 0.875000 0.089844 0.058594
2 0.375977 0.875000 0.080078 0.062500
2 0.625977 0.874023 0.083984 0.068359
2 0.872070 0.874023 0.083984 0.064453
