4 0.341797 0.873047 0.105469 0.128906
4 0.447266 0.947266 0.089844 0.105469
4 0.539062 0.851562 0.101562 0.125000
4 0.691406 0.880859 0.093750 0.113281
4 0.796875 0.861328 0.093750 0.105469
4 0.892578 0.843750 0.082031 0.101562
4 0.302734 0.251953 0.089844 0.105469
4 0.296875 0.363281 0.085938 0.101562
4 0.492188 0.554688 0.078125 0.093750
4 0.486328 0.675781 0.089844 0.101562
4 0.595703 0.562500 0.089844 0.109375
4 0.591797 0.687500 0.105469 0.109375
4 0.742188 0.572266 0.085938 0.097656
4 0.761719 0.691406 0.093750 0.101562
4 0.851562 0.554688 0.101562 0.109375
4 0.865234 0.671875 0.097656 0.101562
4 0.962891 0.525391 0.074219 0.105469
