1 0.374023 0.630859 0.126953 0.062500
1 0.432617 0.681641 0.166016 0.070312
1 0.092773 0.851562 0.158203 0.066406
1 0.212891 0.710938 0.160156 0.058594
1 0.159180 0.133789 0.033203 0.099609
1 0.083984 0.140625 0.046875 0.085938
1 0.306641 0.226562 0.027344 0.105469
1 0.352539 0.242188 0.044922 0.105469
1 0.014648 0.381836 0.048828 0.126953
1 0.175781 0.378906 0.050781 0.128906
1 0.218750 0.371094 0.046875 0.121094
1 0.326172 0.434570 0.054688 0.146484
1 0.378906 0.436523 0.066406 0.154297
1 0.206055 0.758789 0.193359 0.060547
