4 0.138672 0.771484 0.121094 0.136719
4 0.253906 0.662109 0.125000 0.121094
4 0.115234 0.601562 0.121094 0.125000
4 0.095703 0.435547 0.113281 0.128906
4 0.232422 0.500000 0.128906 0.140625
4 0.212891 0.320312 0.128906 0.148438
4 0.382812 0.464844 0.117188 0.125000
4 0.376953 0.287109 0.128906 0.136719
4 0.500000 0.257812 0.125000 0.140625
4 0.521484 0.429688 0.121094 0.132812
4 0.642578 0.228516 0.121094 0.136719
4 0.671875 0.412109 0.148438 0.144531
4 0.791016 0.294922 0.113281 0.128906
4 0.902344 0.183594 0.117188 0.125000
4 0.875000 0.427734 0.117188 0.121094
4 0.955078 0.562500 0.089844 0.132812
