4 0.328125 0.183594 0.140625 0.125000
4 0.476562 0.144531 0.117188 0.101562
4 0.382812 0.324219 0.117188 0.117188
4 0.527344 0.277344 0.117188 0.117188
4 0.718750 0.207031 0.125000 0.109375
4 0.769531 0.337891 0.117188 0.105469
4 0.908203 0.287109 0.121094 0.121094
4 0.949219 0.429688 0.101562 0.109375
4 0.824219 0.480469 0.117188 0.109375
4 0.632812 0.548828 0.117188 0.105469
4 0.597656 0.404297 0.156250 0.113281
4 0.433594 0.455078 0.132812 0.105469
4 0.494141 0.595703 0.121094 0.097656
4 0.537109 0.732422 0.128906 0.105469
4 0.675781 0.671875 0.125000 0.109375
4 0.589844 0.861328 0.117188 0.097656
4 0.728516 0.804688 0.121094 0.101562
4 0.785156 0.947266 0.125000 0.105469
4 0.873047 0.611328 0.113281 0.113281
4 0.921875 0.744141 0.125000 0.105469
4 0.957031 0.880859 0.085938 0.105469
