4 0.119141 0.396484 0.113281 0.121094
4 0.310547 0.421875 0.128906 0.117188
4 0.443359 0.472656 0.113281 0.109375
4 0.580078 0.525391 0.113281 0.121094
4 0.517578 0.658203 0.121094 0.121094
4 0.380859 0.597656 0.113281 0.117188
4 0.251953 0.542969 0.113281 0.109375
4 0.076172 0.525391 0.144531 0.121094
4 0.171875 0.705078 0.117188 0.121094
4 0.117188 0.833984 0.117188 0.121094
4 0.306641 0.761719 0.128906 0.117188
4 0.250000 0.890625 0.125000 0.101562
4 0.447266 0.824219 0.113281 0.125000
4 0.384766 0.947266 0.121094 0.105469
4 0.675781 0.765625 0.125000 0.125000
4 0.802734 0.820312 0.121094 0.101562
4 0.607422 0.894531 0.113281 0.117188
4 0.748047 0.945312 0.121094 0.109375
