4 0.130859 0.199219 0.113281 0.117188
4 0.113281 0.328125 0.132812 0.132812
4 0.083984 0.476562 0.105469 0.109375
4 0.867188 0.089844 0.125000 0.117188
4 0.933594 0.513672 0.125000 0.121094
4 0.748047 0.677734 0.105469 0.097656
4 0.863281 0.646484 0.117188 0.105469
4 0.960938 0.689453 0.078125 0.097656
4 0.908203 0.779297 0.097656 0.097656
4 0.800781 0.908203 0.117188 0.136719
4 0.679688 0.951172 0.109375 0.097656
4 0.546875 0.884766 0.101562 0.105469
4 0.437500 0.867188 0.093750 0.101562
4 0.175781 0.958984 0.085938 0.082031
4 0.228516 0.841797 0.097656 0.113281
4 0.335938 0.857422 0.093750 0.105469
