4 0.136719 0.054688 0.109375 0.101562
4 0.269531 0.062500 0.117188 0.117188
4 0.123047 0.208984 0.113281 0.128906
4 0.259766 0.220703 0.113281 0.136719
4 0.441406 0.224609 0.109375 0.136719
4 0.574219 0.236328 0.117188 0.136719
4 0.107422 0.427734 0.113281 0.136719
4 0.248047 0.441406 0.121094 0.132812
4 0.423828 0.392578 0.121094 0.152344
4 0.568359 0.404297 0.121094 0.136719
4 0.097656 0.603516 0.109375 0.128906
4 0.234375 0.613281 0.125000 0.132812
4 0.417969 0.562500 0.117188 0.140625
4 0.554688 0.580078 0.109375 0.136719
