4 0.370117 0.514648 0.060547 0.060547
4 0.411133 0.450195 0.064453 0.068359
4 0.470703 0.392578 0.062500 0.066406
4 0.518555 0.336914 0.060547 0.072266
4 0.585938 0.342773 0.062500 0.076172
4 0.191406 0.480469 0.058594 0.054688
4 0.190430 0.401367 0.056641 0.068359
4 0.253906 0.397461 0.058594 0.068359
4 0.320312 0.384766 0.062500 0.070312
4 0.126953 0.321289 0.066406 0.068359
4 0.181641 0.264648 0.062500 0.064453
4 0.257812 0.279297 0.066406 0.066406
4 0.303711 0.219727 0.060547 0.072266
4 0.381836 0.203125 0.060547 0.062500
4 0.373047 0.119141 0.062500 0.066406
