4 0.205078 0.379883 0.070312 0.056641
4 0.277344 0.391602 0.062500 0.056641
4 0.112305 0.437500 0.064453 0.054688
4 0.187500 0.449219 0.066406 0.058594
4 0.265625 0.460938 0.074219 0.058594
4 0.099609 0.829102 0.074219 0.064453
4 0.174805 0.837891 0.068359 0.054688
4 0.263672 0.851562 0.062500 0.058594
4 0.333984 0.860352 0.062500 0.060547
4 0.429688 0.856445 0.046875 0.041016
4 0.429688 0.906250 0.058594 0.046875
4 0.421875 0.956055 0.054688 0.037109
4 0.408203 0.987305 0.050781 0.025391
4 0.326172 0.935547 0.066406 0.062500
4 0.260742 0.919922 0.064453 0.050781
4 0.166992 0.904297 0.068359 0.054688
4 0.091797 0.895508 0.078125 0.056641
4 0.073242 0.965820 0.076172 0.056641
4 0.142578 0.976562 0.050781 0.046875
4 0.242188 0.978516 0.066406 0.042969
4 0.321289 0.986328 0.068359 0.027344
