0 0.294922 0.546875 0.042969 0.039062
0 0.318359 0.507812 0.042969 0.039062
0 0.339844 0.552734 0.039062 0.035156
0 0.363281 0.507812 0.039062 0.039062
0 0.382812 0.550781 0.046875 0.039062
0 0.410156 0.507812 0.039062 0.039062
0 0.453125 0.511719 0.039062 0.039062
0 0.431641 0.552734 0.042969 0.035156
0 0.476562 0.554688 0.039062 0.031250
0 0.500000 0.511719 0.039062 0.039062
0 0.523438 0.556641 0.046875 0.035156
0 0.546875 0.513672 0.039062 0.035156
0 0.593750 0.517578 0.039062 0.035156
0 0.566406 0.560547 0.046875 0.035156
0 0.613281 0.560547 0.039062 0.035156
0 0.638672 0.519531 0.042969 0.039062
0 0.656250 0.562500 0.046875 0.039062
0 0.664062 0.658203 0.046875 0.042969
0 0.302734 0.404297 0.035156 0.035156
0 0.347656 0.406250 0.039062 0.039062
0 0.390625 0.404297 0.039062 0.035156
0 0.433594 0.410156 0.039062 0.031250
0 0.476562 0.412109 0.039062 0.035156
0 0.523438 0.412109 0.039062 0.042969
0 0.566406 0.414062 0.039062 0.039062
0 0.611328 0.417969 0.035156 0.039062
0 0.654297 0.417969 0.042969 0.039062
0 0.677734 0.378906 0.042969 0.039062
0 0.636719 0.375000 0.046875 0.039062
0 0.585938 0.373047 0.039062 0.042969
0 0.546875 0.371094 0.046875 0.039062
0 0.494141 0.369141 0.042969 0.035156
0 0.449219 0.361328 0.046875 0.035156
0 0.410156 0.367188 0.039062 0.039062
0 0.367188 0.365234 0.039062 0.035156
0 0.320312 0.359375 0.046875 0.039062
0 0.414062 0.263672 0.054688 0.058594
0 0.462891 0.263672 0.042969 0.042969
0 0.509766 0.263672 0.035156 0.042969
0 0.554688 0.265625 0.039062 0.039062
0 0.601562 0.263672 0.039062 0.042969
0 0.644531 0.265625 0.039062 0.039062
0 0.292969 0.152344 0.023438 0.023438
0 0.322266 0.160156 0.019531 0.023438
0 0.353516 0.158203 0.027344 0.027344
0 0.384766 0.162109 0.027344 0.027344
0 0.412109 0.162109 0.019531 0.027344
0 0.431641 0.162109 0.019531 0.027344
0 0.451172 0.164062 0.019531 0.023438
0 0.480469 0.167969 0.015625 0.023438
0 0.517578 0.171875 0.019531 0.031250
0 0.544922 0.173828 0.019531 0.027344
0 0.566406 0.173828 0.023438 0.027344
0 0.585938 0.167969 0.023438 0.023438
0 0.609375 0.175781 0.023438 0.023438
0 0.638672 0.175781 0.019531 0.023438
0 0.656250 0.177734 0.015625 0.027344
0 0.103516 0.154297 0.042969 0.050781
0 0.050781 0.150391 0.046875 0.042969
0 0.914062 0.988281 0.015625 0.023438
0 0.925781 0.980469 0.015625 0.023438
0 0.931641 0.990234 0.011719 0.019531
0 0.958984 0.978516 0.011719 0.019531
0 0.939453 0.976562 0.011719 0.023438
0 0.947266 0.990234 0.019531 0.019531
0 0.976562 0.980469 0.015625 0.023438
0 0.964844 0.990234 0.015625 0.019531
0 0.990234 0.980469 0.011719 0.023438
0 0.910156 0.912109 0.015625 0.019531
0 0.917969 0.927734 0.015625 0.019531
0 0.929688 0.914062 0.015625 0.023438
0 0.937500 0.927734 0.015625 0.019531
0 0.945312 0.917969 0.015625 0.023438
0 0.962891 0.914062 0.011719 0.023438
0 0.955078 0.925781 0.011719 0.023438
0 0.978516 0.917969 0.011719 0.023438
0 0.986328 0.927734 0.011719 0.019531
0 0.921875 0.865234 0.015625 0.027344
0 0.931641 0.853516 0.011719 0.027344
0 0.941406 0.871094 0.015625 0.031250
0 0.957031 0.871094 0.015625 0.031250
0 0.974609 0.867188 0.011719 0.023438
0 0.984375 0.855469 0.015625 0.023438
