1 0.799375 0.650625 0.061250 0.038750
1 0.671250 0.111875 0.105000 0.023750
1 0.980000 0.210000 0.040000 0.020000
1 0.201875 0.195000 0.026250 0.015000
1 0.439375 0.477500 0.051250 0.032500
1 0.103750 0.108125 0.027500 0.013750
1 0.234375 0.861250 0.033750 0.015000
1 0.953125 0.499375 0.058750 0.028750
1 0.323750 0.377500 0.022500 0.020000
1 0.488125 0.833750 0.058750 0.047500
1 0.261875 0.993750 0.023750 0.012500
1 0.030000 0.182500 0.030000 0.022500
1 0.126875 0.328125 0.018750 0.011250
1 0.283125 0.571875 0.081250 0.043750
1 0.043125 0.881250 0.041250 0.040000
1 0.753750 0.885625 0.085000 0.056250
1 0.262500 0.290000 0.025000 0.020000
1 0.548125 0.536875 0.053750 0.048750
1 0.690000 0.397500 0.122500 0.067500
1 0.094375 0.746875 0.023750 0.026250
