1 0.240500 0.265000 0.123000 0.094000
1 0.214000 0.301000 0.126000 0.088000
1 0.185500 0.329500 0.117000 0.093000
1 0.128000 0.366000 0.174000 0.122000
1 0.122500 0.423000 0.097000 0.082000
1 0.472500 0.568500 0.145000 0.063000
1 0.319500 0.536000 0.133000 0.060000
1 0.294500 0.572000 0.163000 0.066000
1 0.449500 0.625000 0.137000 0.094000
1 0.439500 0.663500 0.105000 0.065000
1 0.425500 0.687500 0.101000 0.077000
1 0.406500 0.715500 0.109000 0.071000
1 0.386500 0.743500 0.093000 0.087000
1 0.267000 0.676500 0.176000 0.055000
1 0.264500 0.597000 0.161000 0.074000
1 0.151000 0.777000 0.200000 0.052000
1 0.156000 0.813000 0.206000 0.046000
1 0.173000 0.845500 0.132000 0.037000
1 0.170500 0.874000 0.123000 0.030000
1 0.177000 0.901500 0.114000 0.037000
1 0.175000 0.933000 0.124000 0.036000
1 0.161000 0.958500 0.128000 0.037000
1 0.157500 0.983000 0.129000 0.032000
1 0.126000 0.489000 0.110000 0.102000
1 0.110500 0.538500 0.133000 0.091000
1 0.205000 0.626500 0.068000 0.025000
1 0.213500 0.602500 0.073000 0.029000
1 0.087500 0.605000 0.123000 0.050000
1 0.094000 0.569500 0.126000 0.065000
1 0.880000 0.334500 0.068000 0.135000
1 0.659500 0.578500 0.151000 0.083000
1 0.681000 0.839000 0.102000 0.054000
1 0.670000 0.863500 0.092000 0.051000
1 0.668500 0.906000 0.125000 0.082000
