1 0.056641 0.501953 0.105469 0.027344
1 0.292969 0.388672 0.125000 0.027344
1 0.570312 0.603516 0.070312 0.035156
1 0.521484 0.539062 0.074219 0.039062
1 0.642578 0.306641 0.074219 0.035156
1 0.832031 0.246094 0.109375 0.046875
1 0.937500 0.177734 0.062500 0.035156
1 0.775391 0.193359 0.074219 0.042969
1 0.746094 0.349609 0.109375 0.035156
1 0.556641 0.253906 0.105469 0.031250
1 0.562500 0.218750 0.070312 0.039062
1 0.037109 0.396484 0.066406 0.035156
1 0.035156 0.455078 0.054688 0.035156
1 0.232422 0.542969 0.097656 0.031250
1 0.070312 0.652344 0.117188 0.039062
1 0.140625 0.685547 0.109375 0.042969
1 0.363281 0.316406 0.062500 0.031250
