2 0.126953 0.120117 0.089844 0.068359
2 0.377930 0.117188 0.091797 0.070312
2 0.621094 0.120117 0.082031 0.060547
2 0.871094 0.119141 0.089844 0.058594
2 0.128906 0.367188 0.089844 0.042969
2 0.375000 0.369141 0.089844 0.035156
2 0.623047 0.368164 0.093750 0.044922
2 0.873047 0.369141 0.089844 0.046875
2 0.124023 0.620117 0.095703 0.060547
2 0.367188 0.618164 0.101562 0.060547
2 0.623047 0.620117 0.101562 0.076172
2 0.875977 0.620117 0.095703 0.076172
2 0.111328 0.870117 0.109375 0.083984
2 0.370117 0.869141 0.099609 0.089844
2 0.615234 0.873047 0.105469 0.089844
2 0.866211 0.868164 0.091797 0.091797
