1 0.181641 0.935547 0.042969 0.035156
1 0.367188 0.951172 0.023438 0.035156
1 0.537109 0.951172 0.058594 0.042969
1 0.628906 0.980469 0.054688 0.031250
1 0.326172 0.740234 0.042969 0.035156
1 0.564453 0.791016 0.042969 0.042969
1 0.474609 0.671875 0.058594 0.039062
1 0.693359 0.699219 0.035156 0.031250
1 0.910156 0.761719 0.054688 0.031250
1 0.560547 0.535156 0.042969 0.039062
1 0.789062 0.535156 0.039062 0.039062
1 0.744141 0.386719 0.035156 0.046875
1 0.835938 0.330078 0.039062 0.035156
1 0.894531 0.255859 0.039062 0.035156
1 0.968750 0.371094 0.039062 0.031250
1 0.878906 0.371094 0.046875 0.031250
1 0.656250 0.535156 0.031250 0.023438
1 0.716797 0.486328 0.035156 0.027344
1 0.908203 0.630859 0.050781 0.042969
1 0.617188 0.652344 0.046875 0.031250
1 0.964844 0.656250 0.054688 0.054688
1 0.833984 0.457031 0.042969 0.031250
1 0.417969 0.810547 0.031250 0.027344
