2 0.500977 0.500000 0.123047 0.128906
2 0.448242 0.455078 0.107422 0.121094
2 0.394531 0.419922 0.101562 0.117188
2 0.340820 0.384766 0.103516 0.121094
2 0.288086 0.347656 0.111328 0.121094
2 0.219727 0.317383 0.099609 0.107422
2 0.635742 0.550781 0.111328 0.121094
2 0.693359 0.588867 0.101562 0.111328
2 0.743164 0.629883 0.095703 0.103516
2 0.791992 0.661133 0.095703 0.107422
2 0.844727 0.703125 0.115234 0.132812
2 0.317383 0.917969 0.146484 0.082031
2 0.162109 0.899414 0.113281 0.060547
2 0.348633 0.808594 0.123047 0.085938
2 0.197266 0.723633 0.109375 0.072266
