4 0.173828 0.855469 0.128906 0.132812
4 0.318359 0.863281 0.121094 0.132812
4 0.449219 0.875000 0.101562 0.140625
4 0.185547 0.681641 0.113281 0.128906
4 0.316406 0.695312 0.109375 0.132812
4 0.462891 0.710938 0.113281 0.132812
4 0.259766 0.507812 0.089844 0.109375
4 0.376953 0.517578 0.097656 0.121094
4 0.480469 0.531250 0.093750 0.117188
4 0.564453 0.447266 0.089844 0.105469
4 0.289062 0.378906 0.085938 0.101562
4 0.398438 0.392578 0.085938 0.113281
4 0.341797 0.123047 0.105469 0.128906
4 0.447266 0.208984 0.089844 0.128906
4 0.539062 0.101562 0.101562 0.125000
4 0.691406 0.130859 0.093750 0.113281
4 0.796875 0.111328 0.093750 0.105469
4 0.892578 0.093750 0.082031 0.101562
4 0.951172 0.232422 0.089844 0.089844
4 0.964844 0.343750 0.070312 0.101562
