4 0.328125 0.154297 0.031250 0.035156
4 0.296875 0.185547 0.031250 0.035156
4 0.250000 0.201172 0.031250 0.035156
4 0.281250 0.216797 0.031250 0.035156
5 0.544922 0.408203 0.152344 0.042969
5 0.615234 0.861328 0.089844 0.042969
5 0.662109 0.960938 0.082031 0.062500
5 0.332031 0.828125 0.070312 0.031250
5 0.300781 0.947266 0.109375 0.035156
5 0.070312 0.304688 0.031250 0.070312
4 0.255859 0.173828 0.035156 0.035156
4 0.806641 0.904297 0.027344 0.027344
4 0.837891 0.904297 0.027344 0.027344
4 0.763672 0.857422 0.027344 0.027344
4 0.126953 0.156250 0.027344 0.023438
4 0.119141 0.195312 0.027344 0.023438
4 0.068359 0.046875 0.019531 0.023438
4 0.089844 0.041016 0.023438 0.027344
4 0.060547 0.074219 0.027344 0.031250
4 0.062500 0.101562 0.023438 0.023438
4 0.041016 0.115234 0.019531 0.019531
4 0.070312 0.166016 0.031250 0.027344
