4 0.101562 0.144531 0.117188 0.101562
4 0.152344 0.277344 0.117188 0.117188
4 0.343750 0.207031 0.125000 0.109375
4 0.394531 0.337891 0.117188 0.105469
4 0.533203 0.287109 0.121094 0.121094
4 0.585938 0.429688 0.125000 0.109375
4 0.449219 0.480469 0.117188 0.109375
4 0.257812 0.548828 0.117188 0.105469
4 0.222656 0.404297 0.156250 0.113281
4 0.064453 0.455078 0.121094 0.105469
4 0.119141 0.595703 0.121094 0.097656
4 0.162109 0.732422 0.128906 0.105469
4 0.300781 0.671875 0.125000 0.109375
4 0.214844 0.861328 0.117188 0.097656
4 0.353516 0.804688 0.121094 0.101562
4 0.410156 0.947266 0.125000 0.105469
4 0.498047 0.611328 0.113281 0.113281
4 0.634766 0.564453 0.121094 0.105469
4 0.683594 0.695312 0.125000 0.101562
4 0.546875 0.744141 0.125000 0.105469
4 0.601562 0.880859 0.125000 0.105469
4 0.744141 0.832031 0.121094 0.117188
4 0.791016 0.955078 0.121094 0.089844
