2 0.153320 0.041016 0.115234 0.082031
2 0.120117 0.089844 0.126953 0.089844
2 0.058594 0.210938 0.101562 0.066406
2 0.043945 0.264648 0.080078 0.060547
2 0.029297 0.333008 0.058594 0.052734
2 0.481445 0.103516 0.134766 0.082031
2 0.452148 0.159180 0.126953 0.080078
2 0.404297 0.249023 0.113281 0.080078
2 0.382812 0.297852 0.109375 0.080078
2 0.350586 0.347656 0.103516 0.082031
2 0.447266 0.440430 0.125000 0.087891
2 0.329102 0.395508 0.103516 0.080078
2 0.286133 0.500977 0.080078 0.068359
2 0.307617 0.449219 0.083984 0.066406
2 0.495117 0.345703 0.119141 0.085938
2 0.518555 0.299805 0.103516 0.076172
2 0.546875 0.253906 0.125000 0.093750
2 0.590820 0.202148 0.107422 0.083984
2 0.648438 0.111328 0.128906 0.093750
2 0.659180 0.058594 0.123047 0.082031
2 0.945312 0.162109 0.105469 0.082031
2 0.917969 0.285156 0.109375 0.085938
2 0.875000 0.333008 0.105469 0.080078
2 0.850586 0.396484 0.107422 0.085938
2 0.818359 0.445312 0.117188 0.085938
2 0.782227 0.500000 0.119141 0.085938
