2 0.121094 0.126953 0.089844 0.066406
2 0.371094 0.127930 0.093750 0.068359
2 0.625000 0.129883 0.078125 0.044922
2 0.869141 0.127930 0.082031 0.044922
2 0.117188 0.376953 0.082031 0.046875
2 0.375000 0.375977 0.101562 0.044922
2 0.620117 0.378906 0.080078 0.042969
2 0.864258 0.376953 0.087891 0.050781
2 0.118164 0.624023 0.080078 0.056641
2 0.369141 0.625000 0.082031 0.062500
2 0.618164 0.624023 0.083984 0.072266
2 0.869141 0.624023 0.089844 0.072266
2 0.121094 0.874023 0.082031 0.076172
2 0.369141 0.875000 0.082031 0.074219
2 0.619141 0.873047 0.093750 0.093750
2 0.870117 0.870117 0.083984 0.083984
