2 0.118164 0.124023 0.068359 0.029297
2 0.372070 0.125000 0.080078 0.042969
2 0.618164 0.125977 0.076172 0.037109
2 0.870117 0.124023 0.072266 0.048828
2 0.121094 0.373047 0.082031 0.054688
2 0.372070 0.373047 0.076172 0.058594
2 0.618164 0.373047 0.087891 0.078125
2 0.873047 0.373047 0.082031 0.066406
2 0.125000 0.622070 0.078125 0.068359
2 0.374023 0.623047 0.080078 0.078125
2 0.625977 0.625000 0.072266 0.078125
2 0.874023 0.624023 0.064453 0.076172
2 0.125977 0.879883 0.056641 0.064453
2 0.373047 0.881836 0.046875 0.060547
2 0.625977 0.883789 0.048828 0.056641
2 0.875000 0.887695 0.042969 0.048828
