4 0.839844 0.453125 0.015625 0.015625
4 0.818359 0.464844 0.019531 0.023438
4 0.855469 0.468750 0.023438 0.015625
4 0.792969 0.478516 0.023438 0.019531
4 0.779297 0.494141 0.019531 0.019531
4 0.791016 0.509766 0.019531 0.019531
4 0.810547 0.496094 0.019531 0.015625
4 0.832031 0.480469 0.023438 0.015625
4 0.824219 0.535156 0.023438 0.023438
4 0.841797 0.523438 0.019531 0.023438
4 0.857422 0.513672 0.027344 0.019531
4 0.878906 0.500000 0.023438 0.015625
4 0.839844 0.552734 0.023438 0.019531
4 0.857422 0.541016 0.019531 0.019531
4 0.876953 0.527344 0.019531 0.015625
4 0.892578 0.517578 0.027344 0.019531
3 0.343750 0.607422 0.031250 0.035156
3 0.361328 0.632812 0.042969 0.039062
