1 0.820312 0.035156 0.046875 0.031250
1 0.736328 0.113281 0.066406 0.039062
1 0.619141 0.148438 0.066406 0.046875
1 0.681641 0.052734 0.066406 0.050781
1 0.576172 0.062500 0.066406 0.046875
1 0.666016 0.167969 0.058594 0.046875
1 0.560547 0.238281 0.074219 0.062500
1 0.484375 0.255859 0.070312 0.050781
1 0.654297 0.369141 0.136719 0.121094
1 0.195312 0.515625 0.070312 0.031250
1 0.210938 0.406250 0.054688 0.031250
3 0.083984 0.570312 0.050781 0.562500
1 0.304688 0.392578 0.070312 0.042969
1 0.195312 0.287109 0.023438 0.050781
1 0.050781 0.656250 0.054688 0.031250
1 0.101562 0.552734 0.062500 0.050781
