4 0.396484 0.160156 0.042969 0.039062
4 0.316406 0.164062 0.054688 0.039062
4 0.408203 0.228516 0.042969 0.035156
4 0.314453 0.232422 0.066406 0.042969
4 0.228516 0.166016 0.058594 0.042969
4 0.207031 0.251953 0.031250 0.027344
4 0.123047 0.140625 0.035156 0.023438
4 0.148438 0.177734 0.031250 0.019531
4 0.097656 0.177734 0.031250 0.019531
4 0.050781 0.177734 0.039062 0.027344
4 0.148438 0.212891 0.031250 0.027344
4 0.097656 0.214844 0.039062 0.023438
4 0.050781 0.216797 0.031250 0.027344
4 0.005859 0.179688 0.019531 0.023438
4 0.007812 0.216797 0.023438 0.027344
4 0.464844 0.935547 0.031250 0.019531
4 0.462891 0.960938 0.035156 0.023438
4 0.416016 0.970703 0.035156 0.035156
4 0.464844 0.990234 0.023438 0.019531
4 0.431641 0.992188 0.035156 0.015625
3 0.611328 0.421875 0.042969 0.015625
