4 0.769531 0.031250 0.070312 0.054688
4 0.683594 0.037109 0.078125 0.066406
4 0.593750 0.060547 0.070312 0.074219
4 0.511719 0.080078 0.070312 0.082031
4 0.439453 0.091797 0.042969 0.042969
4 0.521484 0.169922 0.082031 0.089844
4 0.593750 0.148438 0.078125 0.085938
4 0.705078 0.128906 0.089844 0.085938
4 0.792969 0.111328 0.062500 0.074219
4 0.458984 0.220703 0.050781 0.050781
4 0.796875 0.630859 0.078125 0.082031
4 0.884766 0.617188 0.066406 0.070312
4 0.962891 0.599609 0.058594 0.074219
4 0.896484 0.707031 0.066406 0.070312
4 0.816406 0.726562 0.070312 0.078125
