4 0.341797 0.568359 0.105469 0.113281
4 0.486328 0.521484 0.105469 0.113281
4 0.390625 0.699219 0.117188 0.109375
4 0.533203 0.656250 0.113281 0.101562
4 0.722656 0.585938 0.109375 0.101562
4 0.914062 0.662109 0.101562 0.105469
4 0.767578 0.716797 0.121094 0.105469
4 0.589844 0.787109 0.132812 0.121094
4 0.439453 0.835938 0.121094 0.109375
4 0.638672 0.923828 0.113281 0.113281
4 0.501953 0.957031 0.105469 0.085938
4 0.685547 0.998047 0.113281 0.003906
4 0.955078 0.802734 0.089844 0.121094
4 0.830078 0.853516 0.113281 0.113281
