0 0.900391 0.287109 0.011719 0.019531
0 0.912109 0.300781 0.011719 0.023438
0 0.921875 0.289062 0.015625 0.023438
0 0.927734 0.300781 0.011719 0.023438
0 0.951172 0.289062 0.011719 0.023438
0 0.958984 0.300781 0.011719 0.023438
0 0.966797 0.287109 0.011719 0.027344
0 0.978516 0.302734 0.011719 0.027344
0 0.986328 0.289062 0.011719 0.023438
0 0.914062 0.238281 0.015625 0.023438
0 0.925781 0.230469 0.015625 0.023438
0 0.931641 0.242188 0.011719 0.023438
0 0.958984 0.228516 0.011719 0.019531
0 0.939453 0.226562 0.011719 0.023438
0 0.947266 0.244141 0.019531 0.027344
0 0.976562 0.230469 0.015625 0.023438
0 0.964844 0.240234 0.015625 0.019531
0 0.910156 0.162109 0.015625 0.019531
0 0.917969 0.177734 0.015625 0.019531
0 0.929688 0.164062 0.015625 0.023438
0 0.937500 0.177734 0.015625 0.019531
0 0.945312 0.167969 0.015625 0.023438
0 0.962891 0.164062 0.011719 0.023438
0 0.955078 0.175781 0.011719 0.023438
0 0.978516 0.167969 0.011719 0.023438
0 0.986328 0.177734 0.011719 0.019531
0 0.921875 0.115234 0.015625 0.027344
0 0.931641 0.103516 0.011719 0.027344
0 0.941406 0.121094 0.015625 0.031250
0 0.957031 0.121094 0.015625 0.031250
0 0.974609 0.117188 0.011719 0.023438
0 0.984375 0.105469 0.015625 0.023438
