2 0.118164 0.118164 0.080078 0.076172
2 0.372070 0.116211 0.080078 0.080078
2 0.620117 0.116211 0.072266 0.080078
2 0.868164 0.119141 0.064453 0.074219
2 0.122070 0.373047 0.068359 0.082031
2 0.374023 0.369141 0.072266 0.085938
2 0.623047 0.371094 0.062500 0.082031
2 0.876953 0.377930 0.039062 0.048828
2 0.123047 0.637695 0.035156 0.041016
2 0.371094 0.630859 0.039062 0.046875
2 0.619141 0.632812 0.066406 0.046875
2 0.870117 0.626953 0.052734 0.070312
2 0.117188 0.884766 0.042969 0.050781
2 0.372070 0.879883 0.060547 0.072266
2 0.625977 0.881836 0.072266 0.072266
2 0.877930 0.881836 0.060547 0.072266
