2 0.126953 0.126953 0.078125 0.054688
2 0.376953 0.127930 0.082031 0.052734
2 0.624023 0.127930 0.072266 0.044922
2 0.871094 0.130859 0.078125 0.039062
2 0.117188 0.378906 0.078125 0.042969
2 0.364258 0.377930 0.080078 0.044922
2 0.613281 0.378906 0.085938 0.054688
2 0.872070 0.376953 0.076172 0.058594
2 0.120117 0.628906 0.080078 0.062500
2 0.373047 0.625977 0.082031 0.072266
2 0.617188 0.625000 0.093750 0.085938
2 0.868164 0.625977 0.080078 0.072266
2 0.116211 0.875977 0.080078 0.080078
2 0.365234 0.874023 0.078125 0.080078
2 0.617188 0.872070 0.074219 0.083984
2 0.871094 0.874023 0.074219 0.087891
