2 0.117188 0.122070 0.066406 0.072266
2 0.367188 0.123047 0.062500 0.074219
2 0.612305 0.125000 0.072266 0.078125
2 0.867188 0.123047 0.070312 0.085938
2 0.116211 0.371094 0.041016 0.074219
2 0.373047 0.381836 0.042969 0.068359
2 0.623047 0.383789 0.046875 0.068359
2 0.866211 0.369141 0.048828 0.074219
2 0.122070 0.616211 0.064453 0.080078
2 0.369141 0.619141 0.070312 0.070312
2 0.619141 0.615234 0.082031 0.082031
2 0.872070 0.613281 0.099609 0.078125
2 0.119141 0.869141 0.074219 0.046875
2 0.375977 0.860352 0.091797 0.056641
2 0.621094 0.861328 0.085938 0.054688
2 0.874023 0.863281 0.083984 0.050781
