4 0.058594 0.189453 0.039062 0.035156
4 0.134766 0.187500 0.035156 0.031250
4 0.207031 0.185547 0.039062 0.035156
4 0.279297 0.183594 0.042969 0.031250
4 0.417969 0.177734 0.039062 0.035156
4 0.488281 0.177734 0.039062 0.027344
4 0.556641 0.179688 0.035156 0.031250
4 0.617188 0.177734 0.031250 0.035156
4 0.048828 0.132812 0.027344 0.031250
4 0.107422 0.128906 0.027344 0.023438
4 0.167969 0.125000 0.031250 0.023438
4 0.226562 0.130859 0.023438 0.019531
4 0.287109 0.125000 0.027344 0.023438
4 0.427734 0.125000 0.027344 0.023438
4 0.486328 0.121094 0.027344 0.023438
4 0.349609 0.121094 0.035156 0.023438
4 0.552734 0.123047 0.027344 0.027344
4 0.619141 0.121094 0.035156 0.023438
4 0.617188 0.072266 0.031250 0.027344
4 0.548828 0.072266 0.027344 0.019531
4 0.044922 0.083984 0.027344 0.019531
4 0.107422 0.085938 0.027344 0.023438
4 0.160156 0.083984 0.039062 0.019531
4 0.222656 0.082031 0.039062 0.023438
4 0.287109 0.082031 0.035156 0.023438
4 0.347656 0.080078 0.031250 0.035156
4 0.037109 0.042969 0.035156 0.023438
4 0.082031 0.039062 0.023438 0.023438
4 0.132812 0.039062 0.031250 0.023438
4 0.171875 0.039062 0.031250 0.023438
4 0.218750 0.039062 0.031250 0.023438
4 0.263672 0.039062 0.027344 0.023438
4 0.308594 0.037109 0.023438 0.027344
4 0.353516 0.035156 0.027344 0.023438
4 0.353516 0.007812 0.027344 0.015625
