4 0.044922 0.332031 0.082031 0.117188
4 0.181641 0.351562 0.128906 0.117188
4 0.142578 0.492188 0.121094 0.125000
4 0.320312 0.513672 0.109375 0.121094
4 0.343750 0.378906 0.109375 0.117188
4 0.369141 0.246094 0.113281 0.117188
4 0.505859 0.199219 0.113281 0.117188
4 0.492188 0.337891 0.125000 0.113281
4 0.458984 0.476562 0.105469 0.109375
4 0.921875 0.884766 0.101562 0.105469
4 0.812500 0.867188 0.093750 0.101562
4 0.550781 0.958984 0.085938 0.082031
4 0.603516 0.841797 0.097656 0.113281
4 0.710938 0.857422 0.093750 0.105469
