4 0.646484 0.867188 0.089844 0.101562
4 0.554688 0.800781 0.093750 0.101562
4 0.462891 0.718750 0.089844 0.093750
4 0.365234 0.644531 0.113281 0.125000
4 0.255859 0.562500 0.128906 0.125000
4 0.326172 0.427734 0.121094 0.128906
4 0.433594 0.515625 0.117188 0.117188
4 0.525391 0.585938 0.082031 0.085938
4 0.609375 0.691406 0.085938 0.093750
4 0.697266 0.753906 0.089844 0.101562
4 0.623047 0.435547 0.105469 0.128906
4 0.509766 0.355469 0.113281 0.132812
4 0.408203 0.271484 0.128906 0.136719
4 0.478516 0.138672 0.113281 0.136719
4 0.585938 0.228516 0.101562 0.128906
4 0.683594 0.310547 0.109375 0.121094
