1 0.378125 0.251250 0.036250 0.010000
1 0.355625 0.821250 0.018750 0.022500
1 0.798125 0.058125 0.038750 0.013750
1 0.365625 0.893125 0.018750 0.023750
1 0.468750 0.261875 0.037500 0.008750
1 0.333750 0.290625 0.030000 0.008750
1 0.767500 0.132500 0.037500 0.012500
1 0.415000 0.881875 0.017500 0.023750
1 0.350000 0.334375 0.035000 0.008750
1 0.315000 0.723750 0.012500 0.017500
1 0.450625 0.085625 0.031250 0.013750
1 0.375000 0.751875 0.017500 0.021250
1 0.521875 0.958125 0.016250 0.016250
1 0.338750 0.721875 0.017500 0.021250
1 0.214375 0.118750 0.021250 0.012500
1 0.340000 0.774375 0.012500 0.016250
1 0.447500 0.294375 0.037500 0.011250
1 0.369375 0.836875 0.016250 0.026250
1 0.196250 0.212500 0.022500 0.012500
1 0.391875 0.893125 0.011250 0.018750
1 0.401875 0.344375 0.031250 0.013750
1 0.387500 0.820000 0.017500 0.020000
1 0.673750 0.203750 0.037500 0.017500
1 0.453750 0.891250 0.015000 0.025000
1 0.530625 0.339375 0.026250 0.016250
1 0.416250 0.928750 0.015000 0.022500
1 0.548125 0.391875 0.006250 0.008750
1 0.628125 0.273125 0.041250 0.018750
1 0.428750 0.951875 0.017500 0.028750
1 0.559375 0.423125 0.011250 0.011250
1 0.190625 0.307500 0.041250 0.010000
1 0.269375 0.643125 0.016250 0.016250
1 0.811875 0.301250 0.016250 0.007500
1 0.238125 0.651875 0.018750 0.021250
1 0.668750 0.284375 0.032500 0.013750
1 0.453750 0.956875 0.017500 0.021250
1 0.577500 0.388125 0.015000 0.011250
1 0.708125 0.281875 0.013750 0.011250
1 0.446250 0.989375 0.017500 0.021250
1 0.603125 0.403750 0.008750 0.010000
1 0.796250 0.372500 0.010000 0.010000
1 0.289375 0.656875 0.013750 0.013750
1 0.226875 0.571250 0.018750 0.022500
1 0.081250 0.305625 0.027500 0.016250
1 0.520625 0.990000 0.018750 0.020000
1 0.365625 0.730625 0.011250 0.018750
1 0.511875 0.118125 0.026250 0.018750
1 0.330000 0.789375 0.012500 0.016250
1 0.540625 0.981875 0.018750 0.016250
1 0.317500 0.750000 0.012500 0.015000
1 0.516250 0.156875 0.040000 0.008750
1 0.400000 0.786250 0.017500 0.022500
1 0.497500 0.221250 0.035000 0.010000
1 0.423750 0.827500 0.015000 0.030000
1 0.606250 0.228750 0.017500 0.010000
1 0.301250 0.331875 0.037500 0.011250
1 0.531250 0.244375 0.035000 0.011250
1 0.473125 0.835000 0.021250 0.027500
1 0.551875 0.261250 0.041250 0.010000
1 0.478750 0.886875 0.012500 0.018750
1 0.388750 0.285000 0.040000 0.010000
1 0.250625 0.288125 0.026250 0.013750
1 0.439375 0.220625 0.023750 0.008750
1 0.379375 0.792500 0.011250 0.017500
1 0.370625 0.147500 0.031250 0.020000
1 0.295625 0.751250 0.016250 0.017500
1 0.141875 0.205625 0.038750 0.013750
1 0.352500 0.800625 0.020000 0.023750
1 0.591875 0.178750 0.036250 0.010000
1 0.398125 0.850000 0.016250 0.020000
1 0.506250 0.311875 0.030000 0.013750
1 0.455625 0.913125 0.016250 0.021250
1 0.665625 0.115625 0.028750 0.011250
1 0.421875 0.855625 0.011250 0.018750
1 0.561250 0.301875 0.037500 0.011250
1 0.505000 0.921250 0.007500 0.012500
1 0.601875 0.311250 0.026250 0.012500
1 0.463750 0.984375 0.022500 0.023750
1 0.832500 0.186250 0.042500 0.010000
1 0.206875 0.258750 0.026250 0.007500
1 0.494375 0.976250 0.018750 0.022500
1 0.777500 0.209375 0.037500 0.008750
1 0.238125 0.601875 0.013750 0.021250
1 0.263125 0.685000 0.018750 0.020000
1 0.212500 0.594375 0.020000 0.016250
1 0.291875 0.713750 0.018750 0.020000
1 0.557500 0.346250 0.027500 0.010000
1 0.500625 0.959375 0.013750 0.021250
1 0.825625 0.240000 0.033750 0.012500
1 0.663750 0.336250 0.020000 0.010000
1 0.926875 0.213125 0.031250 0.008750
1 0.222500 0.620625 0.017500 0.013750
1 0.288125 0.718750 0.018750 0.020000
1 0.271875 0.637500 0.016250 0.017500
1 0.306875 0.703125 0.018750 0.018750
1 0.288125 0.164375 0.018750 0.006250
1 0.250625 0.234375 0.043750 0.013750
1 0.308750 0.696250 0.020000 0.017500
1 0.353750 0.754375 0.017500 0.021250
1 0.349375 0.759375 0.016250 0.021250
1 0.336250 0.696875 0.012500 0.013750
1 0.428125 0.910000 0.018750 0.020000
1 0.421250 0.915000 0.017500 0.020000
1 0.469375 0.952500 0.018750 0.020000
1 0.475625 0.947500 0.018750 0.020000
1 0.485625 0.944375 0.016250 0.018750
1 0.493125 0.939375 0.021250 0.018750
