2 0.127930 0.122070 0.111328 0.103516
2 0.368164 0.122070 0.095703 0.095703
2 0.624023 0.126953 0.095703 0.078125
2 0.871094 0.125977 0.093750 0.076172
2 0.122070 0.377930 0.095703 0.060547
2 0.371094 0.380859 0.089844 0.054688
2 0.622070 0.379883 0.091797 0.048828
2 0.871094 0.375977 0.093750 0.041016
2 0.122070 0.625000 0.091797 0.035156
2 0.366211 0.625000 0.095703 0.046875
2 0.609375 0.624023 0.109375 0.052734
2 0.873047 0.625000 0.089844 0.062500
2 0.120117 0.875000 0.083984 0.062500
2 0.372070 0.874023 0.083984 0.072266
2 0.622070 0.875000 0.083984 0.074219
2 0.872070 0.873047 0.083984 0.078125
