4 0.054688 0.945312 0.070312 0.078125
4 0.074219 0.876953 0.078125 0.082031
4 0.076172 0.791016 0.089844 0.097656
4 0.107422 0.695312 0.097656 0.085938
4 0.119141 0.603516 0.082031 0.089844
4 0.085938 0.066406 0.070312 0.078125
4 0.046875 0.138672 0.078125 0.074219
4 0.148438 0.107422 0.062500 0.074219
4 0.117188 0.185547 0.078125 0.066406
4 0.210938 0.156250 0.062500 0.070312
4 0.177734 0.228516 0.066406 0.066406
4 0.062500 0.275391 0.070312 0.074219
4 0.125000 0.318359 0.054688 0.066406
4 0.082031 0.388672 0.046875 0.066406
4 0.142578 0.433594 0.042969 0.062500
4 0.185547 0.458984 0.050781 0.066406
