4 0.065430 0.477539 0.080078 0.060547
4 0.052734 0.547852 0.074219 0.056641
4 0.038086 0.635742 0.068359 0.056641
4 0.133789 0.488281 0.072266 0.050781
4 0.122070 0.556641 0.068359 0.058594
4 0.106445 0.647461 0.060547 0.056641
4 0.175781 0.661133 0.058594 0.060547
4 0.279297 0.548828 0.062500 0.050781
4 0.268555 0.598633 0.048828 0.037109
4 0.259766 0.649414 0.042969 0.044922
4 0.315430 0.655273 0.048828 0.044922
4 0.313477 0.708008 0.048828 0.044922
4 0.245117 0.700195 0.044922 0.041016
4 0.240234 0.748047 0.039062 0.035156
4 0.298828 0.759766 0.050781 0.039062
4 0.208008 0.524414 0.052734 0.044922
4 0.199219 0.560547 0.066406 0.039062
4 0.296875 0.013672 0.070312 0.062500
4 0.324219 0.083984 0.058594 0.058594
4 0.396484 0.060547 0.058594 0.058594
4 0.492188 0.025391 0.062500 0.054688
4 0.517578 0.090820 0.058594 0.052734
4 0.586914 0.065430 0.060547 0.060547
4 0.613281 0.136719 0.062500 0.054688
4 0.544922 0.162109 0.058594 0.054688
4 0.449219 0.196289 0.058594 0.052734
4 0.431641 0.124023 0.078125 0.056641
4 0.349609 0.149414 0.066406 0.052734
4 0.379883 0.219727 0.060547 0.048828
4 0.401367 0.288086 0.064453 0.052734
4 0.470703 0.257812 0.062500 0.054688
4 0.427734 0.352539 0.058594 0.048828
4 0.497070 0.324219 0.060547 0.050781
4 0.525391 0.396484 0.062500 0.054688
4 0.456055 0.422852 0.064453 0.052734
4 0.480469 0.487305 0.066406 0.052734
4 0.550781 0.463867 0.062500 0.052734
4 0.503906 0.553711 0.058594 0.052734
4 0.573242 0.529297 0.060547 0.054688
4 0.546875 0.622070 0.058594 0.052734
4 0.615234 0.597656 0.058594 0.046875
4 0.690430 0.607422 0.056641 0.054688
4 0.602539 0.666016 0.060547 0.054688
4 0.674805 0.676758 0.060547 0.052734
4 0.569336 0.227539 0.056641 0.056641
4 0.637695 0.204102 0.060547 0.052734
4 0.662109 0.269531 0.062500 0.050781
4 0.593750 0.293945 0.062500 0.052734
4 0.621094 0.362305 0.062500 0.052734
4 0.692383 0.337891 0.060547 0.058594
4 0.715820 0.406250 0.060547 0.058594
4 0.644531 0.428711 0.062500 0.052734
4 0.670898 0.496094 0.060547 0.054688
4 0.742188 0.471680 0.054688 0.048828
4 0.827148 0.448242 0.060547 0.052734
4 0.815430 0.517578 0.064453 0.054688
4 0.897461 0.459961 0.056641 0.056641
4 0.886719 0.528320 0.054688 0.052734
4 0.975586 0.473633 0.072266 0.056641
4 0.955078 0.539062 0.062500 0.054688
