4 0.044922 0.697266 0.082031 0.128906
4 0.041016 0.873047 0.074219 0.128906
4 0.152344 0.785156 0.125000 0.148438
4 0.240234 0.914062 0.136719 0.132812
4 0.160156 0.373047 0.132812 0.136719
4 0.292969 0.353516 0.132812 0.144531
4 0.224609 0.509766 0.136719 0.128906
4 0.285156 0.640625 0.125000 0.117188
4 0.519531 0.882812 0.093750 0.078125
4 0.601562 0.929688 0.078125 0.078125
4 0.853516 0.876953 0.074219 0.097656
4 0.792969 0.816406 0.078125 0.078125
4 0.787109 0.712891 0.082031 0.082031
4 0.833984 0.617188 0.082031 0.078125
4 0.896484 0.552734 0.074219 0.089844
4 0.951172 0.466797 0.074219 0.082031
4 0.679688 0.371094 0.078125 0.085938
4 0.593750 0.285156 0.078125 0.070312
4 0.687500 0.205078 0.078125 0.082031
4 0.796875 0.320312 0.078125 0.085938
4 0.746094 0.060547 0.109375 0.105469
