4 0.095703 0.218750 0.035156 0.023438
4 0.093750 0.251953 0.039062 0.027344
4 0.019531 0.250000 0.031250 0.023438
4 0.091797 0.281250 0.035156 0.031250
4 0.031250 0.314453 0.031250 0.027344
4 0.093750 0.316406 0.031250 0.031250
4 0.019531 0.283203 0.023438 0.019531
4 0.740234 0.173828 0.027344 0.019531
4 0.802734 0.191406 0.027344 0.031250
4 0.820312 0.216797 0.031250 0.027344
4 0.830078 0.261719 0.027344 0.023438
4 0.880859 0.248047 0.027344 0.019531
4 0.857422 0.294922 0.019531 0.019531
4 0.906250 0.289062 0.023438 0.023438
4 0.812500 0.322266 0.039062 0.027344
4 0.830078 0.349609 0.027344 0.027344
4 0.886719 0.324219 0.023438 0.023438
4 0.917969 0.324219 0.039062 0.023438
4 0.914062 0.361328 0.031250 0.027344
4 0.792969 0.236328 0.023438 0.019531
3 0.984375 0.384766 0.031250 0.019531
3 0.984375 0.814453 0.031250 0.019531
3 0.560547 0.062500 0.027344 0.039062
