2 0.125000 0.127930 0.066406 0.080078
2 0.375977 0.136719 0.052734 0.062500
2 0.623047 0.139648 0.050781 0.056641
2 0.872070 0.129883 0.056641 0.064453
2 0.122070 0.370117 0.060547 0.083984
2 0.374023 0.370117 0.060547 0.083984
2 0.622070 0.370117 0.076172 0.103516
2 0.876953 0.377930 0.093750 0.091797
2 0.127930 0.627930 0.091797 0.091797
2 0.376953 0.626953 0.078125 0.082031
2 0.624023 0.628906 0.080078 0.078125
2 0.874023 0.626953 0.087891 0.078125
2 0.124023 0.876953 0.095703 0.085938
2 0.370117 0.880859 0.083984 0.066406
2 0.625977 0.875977 0.087891 0.072266
2 0.870117 0.877930 0.091797 0.068359
