1 0.521250 0.168125 0.027500 0.026250
1 0.701250 0.750625 0.020000 0.018750
1 0.591250 0.183750 0.010000 0.025000
1 0.418125 0.088750 0.008750 0.030000
1 0.500625 0.200625 0.016250 0.026250
1 0.712500 0.770625 0.017500 0.011250
1 0.580625 0.184375 0.011250 0.021250
1 0.458125 0.126875 0.011250 0.028750
1 0.724375 0.442500 0.011250 0.020000
1 0.516875 0.075000 0.016250 0.020000
1 0.913750 0.740000 0.017500 0.012500
1 0.446875 0.159375 0.013750 0.018750
1 0.430000 0.117500 0.007500 0.025000
1 0.541250 0.076875 0.012500 0.018750
1 0.964375 0.761875 0.011250 0.011250
1 0.570625 0.161250 0.016250 0.027500
1 0.741250 0.779375 0.020000 0.016250
1 0.531250 0.214375 0.012500 0.018750
1 0.561250 0.185000 0.017500 0.022500
1 0.759375 0.800625 0.023750 0.016250
1 0.545000 0.238125 0.017500 0.018750
1 0.594375 0.252500 0.011250 0.020000
1 0.565000 0.327500 0.017500 0.020000
1 0.575000 0.252500 0.015000 0.030000
1 0.588750 0.311250 0.020000 0.020000
1 0.594375 0.343750 0.016250 0.020000
1 0.442500 0.020625 0.007500 0.018750
1 0.608750 0.372500 0.010000 0.022500
1 0.691250 0.389375 0.010000 0.018750
1 0.406250 0.026875 0.012500 0.026250
1 0.627500 0.320000 0.012500 0.017500
1 0.560625 0.270625 0.011250 0.016250
1 0.611875 0.312500 0.011250 0.022500
1 0.633125 0.380000 0.016250 0.025000
1 0.670625 0.397500 0.011250 0.017500
1 0.670000 0.352500 0.010000 0.017500
1 0.633750 0.403125 0.020000 0.026250
1 0.465000 0.180625 0.015000 0.023750
1 0.791250 0.551250 0.025000 0.027500
1 0.386875 0.059375 0.008750 0.021250
1 0.940625 0.780625 0.018750 0.021250
1 0.491250 0.178750 0.012500 0.017500
1 0.819375 0.584375 0.033750 0.033750
1 0.547500 0.100625 0.010000 0.023750
1 0.983750 0.812500 0.017500 0.017500
1 0.527500 0.190000 0.012500 0.020000
1 0.788750 0.851875 0.020000 0.011250
1 0.546250 0.256875 0.012500 0.016250
1 0.515625 0.226875 0.011250 0.021250
1 0.886250 0.939375 0.037500 0.023750
1 0.561250 0.220625 0.017500 0.023750
1 0.453750 0.062500 0.017500 0.027500
1 0.856875 0.626250 0.028750 0.025000
1 0.563125 0.122500 0.011250 0.020000
1 0.421875 0.061250 0.018750 0.027500
1 0.460625 0.097500 0.013750 0.025000
1 0.881250 0.644375 0.022500 0.018750
1 0.554375 0.141250 0.008750 0.015000
1 0.719375 0.751250 0.023750 0.017500
1 0.526875 0.249375 0.011250 0.018750
1 0.632500 0.716250 0.017500 0.025000
1 0.598125 0.225000 0.013750 0.020000
1 0.358750 0.110000 0.012500 0.017500
1 0.621875 0.689375 0.013750 0.018750
1 0.621250 0.246250 0.010000 0.025000
1 0.545625 0.274375 0.021250 0.026250
1 0.631875 0.287500 0.013750 0.030000
1 0.548125 0.301250 0.013750 0.025000
1 0.419375 0.009375 0.008750 0.016250
1 0.685625 0.368750 0.011250 0.017500
1 0.604375 0.398125 0.016250 0.028750
1 0.655625 0.356875 0.013750 0.018750
1 0.643750 0.428750 0.015000 0.022500
1 0.569375 0.293750 0.016250 0.025000
1 0.578750 0.357500 0.010000 0.020000
1 0.570000 0.325000 0.020000 0.022500
1 0.617500 0.347500 0.007500 0.020000
1 0.648750 0.359375 0.015000 0.018750
1 0.669375 0.418750 0.013750 0.017500
1 0.654375 0.383125 0.013750 0.018750
1 0.688750 0.405000 0.015000 0.020000
1 0.369375 0.026250 0.011250 0.025000
1 0.475000 0.088125 0.020000 0.026250
1 0.478750 0.149375 0.020000 0.026250
1 0.487500 0.146875 0.015000 0.021250
1 0.708750 0.410625 0.012500 0.018750
1 0.688750 0.428125 0.015000 0.018750
1 0.598750 0.290000 0.010000 0.020000
1 0.872500 0.750625 0.022500 0.021250
1 0.891875 0.731875 0.013750 0.016250
1 0.851875 0.610625 0.028750 0.026250
1 0.910625 0.760625 0.018750 0.023750
1 0.904375 0.766250 0.021250 0.027500
1 0.561875 0.586875 0.036250 0.046250
1 0.591875 0.630625 0.031250 0.038750
1 0.940625 0.810625 0.021250 0.016250
1 0.528750 0.111250 0.010000 0.027500
1 0.518750 0.108125 0.012500 0.021250
1 0.509375 0.111875 0.011250 0.028750
1 0.501250 0.116250 0.007500 0.025000
1 0.470625 0.026250 0.026250 0.025000
1 0.485000 0.023125 0.035000 0.028750
1 0.491875 0.016250 0.026250 0.022500
