4 0.523438 0.826172 0.070312 0.062500
4 0.597656 0.806641 0.058594 0.050781
4 0.550781 0.896484 0.058594 0.058594
4 0.623047 0.873047 0.058594 0.058594
4 0.718750 0.837891 0.062500 0.054688
4 0.744141 0.903320 0.058594 0.052734
4 0.813477 0.877930 0.060547 0.060547
4 0.839844 0.949219 0.062500 0.054688
4 0.771484 0.973633 0.058594 0.052734
4 0.675781 0.991211 0.058594 0.017578
4 0.658203 0.936523 0.078125 0.056641
4 0.576172 0.961914 0.066406 0.052734
4 0.864258 0.995117 0.060547 0.009766
1 0.102539 0.562500 0.060547 0.042969
