0 0.019531 0.203125 0.023438 0.031250
0 0.013672 0.318359 0.019531 0.035156
0 0.244141 0.029297 0.035156 0.042969
0 0.273438 0.013672 0.031250 0.019531
0 0.300781 0.033203 0.031250 0.042969
0 0.386719 0.009766 0.031250 0.011719
0 0.443359 0.015625 0.035156 0.023438
0 0.179688 0.154297 0.023438 0.035156
0 0.234375 0.162109 0.031250 0.035156
0 0.263672 0.125000 0.027344 0.031250
0 0.294922 0.166016 0.027344 0.035156
0 0.326172 0.136719 0.027344 0.039062
0 0.355469 0.167969 0.039062 0.039062
0 0.416016 0.179688 0.035156 0.054688
0 0.441406 0.140625 0.031250 0.046875
0 0.470703 0.179688 0.035156 0.046875
0 0.169922 0.304688 0.035156 0.046875
0 0.203125 0.265625 0.031250 0.039062
0 0.230469 0.300781 0.031250 0.039062
0 0.261719 0.267578 0.031250 0.035156
0 0.287109 0.306641 0.035156 0.042969
0 0.320312 0.271484 0.031250 0.035156
0 0.347656 0.310547 0.031250 0.035156
0 0.380859 0.279297 0.035156 0.042969
0 0.400391 0.312500 0.027344 0.039062
0 0.435547 0.285156 0.027344 0.039062
0 0.464844 0.322266 0.039062 0.050781
0 0.160156 0.437500 0.031250 0.039062
0 0.191406 0.406250 0.031250 0.039062
0 0.220703 0.443359 0.035156 0.042969
0 0.250000 0.406250 0.031250 0.031250
0 0.277344 0.445312 0.039062 0.031250
0 0.310547 0.412109 0.027344 0.035156
0 0.335938 0.449219 0.031250 0.039062
0 0.365234 0.416016 0.035156 0.035156
0 0.398438 0.457031 0.039062 0.046875
0 0.429688 0.425781 0.039062 0.046875
0 0.457031 0.453125 0.039062 0.054688
0 0.117188 0.619141 0.031250 0.035156
0 0.148438 0.591797 0.031250 0.042969
0 0.177734 0.628906 0.027344 0.039062
0 0.208984 0.591797 0.027344 0.042969
0 0.236328 0.626953 0.027344 0.042969
0 0.267578 0.593750 0.027344 0.031250
0 0.296875 0.628906 0.023438 0.046875
0 0.324219 0.595703 0.031250 0.035156
0 0.355469 0.636719 0.023438 0.039062
0 0.386719 0.601562 0.023438 0.039062
0 0.417969 0.636719 0.031250 0.039062
0 0.443359 0.607422 0.027344 0.042969
0 0.111328 0.792969 0.027344 0.039062
0 0.142578 0.763672 0.027344 0.042969
0 0.171875 0.794922 0.031250 0.035156
0 0.197266 0.759766 0.035156 0.035156
0 0.226562 0.796875 0.039062 0.046875
0 0.261719 0.767578 0.031250 0.042969
0 0.287109 0.802734 0.035156 0.050781
0 0.320312 0.771484 0.031250 0.042969
0 0.345703 0.804688 0.035156 0.046875
0 0.378906 0.771484 0.031250 0.042969
0 0.404297 0.810547 0.035156 0.035156
0 0.101562 0.935547 0.031250 0.042969
0 0.132812 0.898438 0.039062 0.039062
0 0.160156 0.931641 0.046875 0.035156
0 0.191406 0.904297 0.031250 0.035156
0 0.218750 0.935547 0.031250 0.035156
0 0.250000 0.906250 0.031250 0.031250
0 0.271484 0.943359 0.035156 0.042969
0 0.306641 0.906250 0.035156 0.046875
0 0.332031 0.941406 0.039062 0.039062
0 0.365234 0.910156 0.035156 0.039062
0 0.388672 0.949219 0.042969 0.039062
0 0.421875 0.914062 0.039062 0.046875
