2 0.121094 0.125000 0.085938 0.050781
2 0.373047 0.121094 0.085938 0.050781
2 0.621094 0.124023 0.093750 0.052734
2 0.869141 0.122070 0.082031 0.041016
2 0.122070 0.375000 0.076172 0.035156
2 0.366211 0.374023 0.076172 0.037109
2 0.616211 0.372070 0.083984 0.048828
2 0.867188 0.374023 0.078125 0.048828
2 0.120117 0.627930 0.095703 0.060547
2 0.372070 0.628906 0.095703 0.066406
2 0.617188 0.625000 0.093750 0.074219
2 0.868164 0.625000 0.091797 0.078125
2 0.119141 0.874023 0.082031 0.072266
2 0.364258 0.875977 0.072266 0.060547
2 0.617188 0.870117 0.089844 0.091797
2 0.862305 0.877930 0.083984 0.076172
