0 0.042969 0.527344 0.031250 0.031250
0 0.099609 0.531250 0.027344 0.031250
0 0.025391 0.652344 0.027344 0.031250
0 0.078125 0.654297 0.023438 0.027344
0 0.134766 0.652344 0.027344 0.031250
0 0.193359 0.658203 0.027344 0.027344
0 0.042969 0.794922 0.039062 0.035156
0 0.082031 0.755859 0.023438 0.035156
0 0.113281 0.794922 0.023438 0.035156
0 0.154297 0.757812 0.035156 0.031250
0 0.171875 0.800781 0.023438 0.031250
0 0.199219 0.767578 0.031250 0.035156
0 0.035156 0.894531 0.031250 0.031250
0 0.064453 0.933594 0.035156 0.039062
0 0.095703 0.902344 0.035156 0.031250
0 0.126953 0.931641 0.035156 0.035156
0 0.156250 0.904297 0.031250 0.035156
0 0.181641 0.943359 0.035156 0.035156
0 0.212891 0.910156 0.027344 0.031250
0 0.236328 0.949219 0.035156 0.039062
