1 0.765000 0.012500 0.015000 0.015000
1 0.780625 0.013125 0.021250 0.026250
1 0.969375 0.194375 0.016250 0.018750
1 0.791875 0.198750 0.023750 0.030000
1 0.986250 0.593750 0.010000 0.020000
1 0.814375 0.082500 0.018750 0.020000
1 0.846875 0.151250 0.013750 0.025000
1 0.844375 0.086875 0.018750 0.021250
1 0.865000 0.139375 0.012500 0.018750
1 0.966250 0.161250 0.015000 0.020000
1 0.889375 0.148125 0.016250 0.026250
1 0.893750 0.203125 0.017500 0.023750
1 0.824375 0.040625 0.016250 0.023750
1 0.880000 0.016875 0.012500 0.016250
1 0.785000 0.278750 0.035000 0.055000
1 0.991250 0.611250 0.017500 0.010000
1 0.865625 0.400000 0.033750 0.052500
1 0.906875 0.119375 0.016250 0.018750
1 0.858750 0.075625 0.017500 0.018750
1 0.923750 0.110000 0.017500 0.017500
1 0.951250 0.208125 0.017500 0.016250
1 0.942500 0.211875 0.025000 0.026250
1 0.848750 0.016250 0.017500 0.022500
1 0.838125 0.023125 0.016250 0.016250
1 0.948750 0.570625 0.010000 0.018750
1 0.971875 0.538125 0.013750 0.013750
1 0.901875 0.138750 0.013750 0.017500
1 0.915000 0.190000 0.015000 0.022500
1 0.926250 0.143125 0.012500 0.018750
1 0.811875 0.010625 0.016250 0.021250
1 0.880625 0.037500 0.013750 0.020000
1 0.870000 0.055000 0.015000 0.020000
1 0.884375 0.460625 0.023750 0.036250
1 0.897500 0.463750 0.015000 0.017500
1 0.863750 0.105625 0.015000 0.018750
1 0.875625 0.160000 0.013750 0.025000
1 0.830000 0.124375 0.015000 0.023750
1 0.935625 0.133750 0.011250 0.015000
1 0.937500 0.180625 0.017500 0.023750
1 0.915625 0.163750 0.016250 0.017500
1 0.954375 0.174375 0.013750 0.018750
1 0.651875 0.054375 0.016250 0.016250
1 0.845000 0.059375 0.017500 0.021250
1 0.826250 0.059375 0.020000 0.021250
1 0.935625 0.555000 0.013750 0.027500
1 0.843125 0.113750 0.023750 0.027500
1 0.903750 0.076250 0.022500 0.020000
1 0.931250 0.217500 0.015000 0.020000
1 0.731250 0.003125 0.022500 0.006250
1 0.895625 0.176250 0.016250 0.022500
1 0.948125 0.150000 0.018750 0.017500
1 0.881875 0.120625 0.018750 0.023750
1 0.875000 0.125000 0.015000 0.017500
1 0.801875 0.031875 0.018750 0.021250
1 0.796250 0.037500 0.017500 0.020000
