2 0.118164 0.127930 0.091797 0.064453
2 0.369141 0.126953 0.097656 0.066406
2 0.619141 0.127930 0.097656 0.060547
2 0.868164 0.125977 0.091797 0.052734
2 0.117188 0.375977 0.082031 0.037109
2 0.369141 0.376953 0.089844 0.035156
2 0.618164 0.380859 0.083984 0.031250
2 0.865234 0.380859 0.093750 0.039062
2 0.118164 0.624023 0.095703 0.060547
2 0.369141 0.625000 0.101562 0.066406
2 0.620117 0.624023 0.080078 0.068359
2 0.869141 0.624023 0.078125 0.072266
2 0.119141 0.873047 0.078125 0.078125
2 0.371094 0.873047 0.078125 0.074219
2 0.624023 0.878906 0.068359 0.066406
2 0.875000 0.874023 0.074219 0.083984
