2 0.824219 0.462891 0.042969 0.082031
2 0.749023 0.468750 0.041016 0.093750
2 0.675781 0.473633 0.042969 0.087891
2 0.608398 0.480469 0.044922 0.082031
2 0.541992 0.480469 0.037109 0.082031
2 0.459961 0.490234 0.037109 0.082031
2 0.392578 0.491211 0.046875 0.080078
2 0.318359 0.491211 0.042969 0.083984
2 0.262695 0.623047 0.048828 0.089844
2 0.191406 0.618164 0.042969 0.091797
2 0.125000 0.646484 0.039062 0.070312
2 0.046875 0.500977 0.050781 0.087891
2 0.116211 0.505859 0.044922 0.085938
2 0.187500 0.210938 0.042969 0.085938
2 0.019531 0.223633 0.035156 0.080078
2 0.301758 0.201172 0.041016 0.078125
2 0.382812 0.206055 0.046875 0.087891
