1 0.492188 0.937500 0.046875 0.125000
1 0.326172 0.744141 0.042969 0.175781
1 0.250000 0.093750 0.039062 0.093750
1 0.451172 0.617188 0.042969 0.117188
1 0.628906 0.625000 0.101562 0.039062
1 0.652344 0.154297 0.046875 0.097656
1 0.435547 0.376953 0.042969 0.082031
1 0.628906 0.794922 0.109375 0.050781
1 0.843750 0.978516 0.054688 0.035156
1 0.783203 0.802734 0.066406 0.027344
1 0.980469 0.798828 0.039062 0.035156
1 0.593750 0.712891 0.062500 0.027344
1 0.339844 0.214844 0.039062 0.093750
1 0.343750 0.470703 0.039062 0.082031
1 0.468750 0.195312 0.031250 0.085938
1 0.505859 0.207031 0.019531 0.093750
1 0.728516 0.455078 0.066406 0.035156
1 0.855469 0.453125 0.054688 0.031250
1 0.777344 0.509766 0.062500 0.035156
1 0.857422 0.539062 0.058594 0.039062
1 0.962891 0.687500 0.066406 0.039062
