2 0.119141 0.122070 0.082031 0.044922
2 0.368164 0.124023 0.076172 0.044922
2 0.620117 0.124023 0.087891 0.056641
2 0.867188 0.125000 0.074219 0.054688
2 0.119141 0.374023 0.085938 0.056641
2 0.371094 0.375000 0.089844 0.078125
2 0.619141 0.375977 0.093750 0.072266
2 0.868164 0.373047 0.076172 0.074219
2 0.123047 0.624023 0.078125 0.076172
2 0.372070 0.625000 0.064453 0.074219
2 0.620117 0.626953 0.076172 0.078125
2 0.874023 0.626953 0.060547 0.070312
2 0.124023 0.877930 0.052734 0.064453
2 0.376953 0.885742 0.050781 0.048828
2 0.625977 0.886719 0.041016 0.042969
2 0.874023 0.884766 0.044922 0.050781
