4 0.587891 0.379883 0.070312 0.056641
4 0.660156 0.391602 0.062500 0.056641
4 0.495117 0.437500 0.064453 0.054688
4 0.570312 0.449219 0.066406 0.058594
4 0.648438 0.460938 0.074219 0.058594
4 0.482422 0.829102 0.074219 0.064453
4 0.557617 0.837891 0.068359 0.054688
4 0.646484 0.851562 0.062500 0.058594
4 0.716797 0.860352 0.062500 0.060547
4 0.812500 0.856445 0.046875 0.041016
4 0.812500 0.906250 0.058594 0.046875
4 0.804688 0.956055 0.054688 0.037109
4 0.791016 0.987305 0.050781 0.025391
4 0.708984 0.935547 0.066406 0.062500
4 0.643555 0.919922 0.064453 0.050781
4 0.549805 0.904297 0.068359 0.054688
4 0.474609 0.895508 0.078125 0.056641
4 0.456055 0.965820 0.076172 0.056641
4 0.525391 0.976562 0.050781 0.046875
4 0.625000 0.978516 0.066406 0.042969
4 0.704102 0.986328 0.068359 0.027344
