2 0.117188 0.122070 0.089844 0.080078
2 0.368164 0.123047 0.083984 0.082031
2 0.618164 0.121094 0.080078 0.082031
2 0.867188 0.121094 0.074219 0.085938
2 0.119141 0.368164 0.066406 0.087891
2 0.373047 0.386719 0.058594 0.078125
2 0.625000 0.371094 0.058594 0.082031
2 0.874023 0.373047 0.056641 0.074219
2 0.120117 0.621094 0.056641 0.085938
2 0.376953 0.621094 0.058594 0.082031
2 0.627930 0.622070 0.087891 0.095703
2 0.875000 0.614258 0.070312 0.091797
2 0.126953 0.871094 0.089844 0.089844
2 0.375977 0.866211 0.080078 0.083984
2 0.627930 0.870117 0.083984 0.083984
2 0.875977 0.866211 0.083984 0.083984
