4 0.189453 0.294922 0.062500 0.058594
4 0.184570 0.369141 0.064453 0.054688
4 0.265625 0.366211 0.070312 0.056641
4 0.302734 0.423828 0.058594 0.054688
4 0.236328 0.457031 0.058594 0.050781
4 0.353516 0.480469 0.066406 0.050781
4 0.426758 0.246094 0.056641 0.054688
4 0.439453 0.175781 0.058594 0.054688
4 0.522461 0.190430 0.060547 0.056641
4 0.588867 0.159180 0.056641 0.056641
4 0.666016 0.195312 0.062500 0.058594
4 0.732422 0.173828 0.054688 0.058594
4 0.714844 0.093750 0.062500 0.050781
4 0.639648 0.076172 0.056641 0.058594
4 0.566406 0.062500 0.062500 0.058594
4 0.340820 0.027344 0.064453 0.054688
4 0.742188 0.035156 0.050781 0.046875
