1 0.171875 0.138672 0.070312 0.105469
1 0.119141 0.494141 0.089844 0.082031
1 0.421875 0.111328 0.093750 0.082031
1 0.318359 0.263672 0.050781 0.082031
1 0.355469 0.373047 0.062500 0.082031
1 0.408203 0.626953 0.082031 0.128906
1 0.572266 0.279297 0.082031 0.089844
1 0.568359 0.093750 0.066406 0.070312
1 0.746094 0.289062 0.132812 0.093750
1 0.804688 0.123047 0.070312 0.066406
1 0.681641 0.535156 0.082031 0.125000
1 0.625000 0.703125 0.078125 0.132812
1 0.552734 0.925781 0.082031 0.109375
1 0.904297 0.535156 0.058594 0.101562
1 0.853516 0.750000 0.050781 0.085938
