2 0.024414 0.154297 0.048828 0.062500
2 0.096680 0.139648 0.052734 0.150391
2 0.166992 0.152344 0.041016 0.085938
2 0.301758 0.164062 0.060547 0.128906
2 0.060547 0.433594 0.054688 0.101562
2 0.040039 0.584961 0.044922 0.056641
2 0.368164 0.448242 0.056641 0.111328
2 0.430664 0.496094 0.044922 0.066406
2 0.500977 0.500000 0.048828 0.082031
2 0.579102 0.497070 0.052734 0.080078
2 0.643555 0.504883 0.052734 0.083984
2 0.709961 0.531250 0.056641 0.074219
2 0.779297 0.518555 0.054688 0.083984
2 0.854492 0.531250 0.056641 0.082031
2 0.352539 0.610352 0.048828 0.080078
2 0.423828 0.607422 0.046875 0.070312
2 0.494141 0.616211 0.046875 0.087891
2 0.565430 0.616211 0.044922 0.083984
2 0.626953 0.641602 0.046875 0.044922
2 0.696289 0.654297 0.052734 0.082031
2 0.772461 0.645508 0.048828 0.087891
2 0.843750 0.650391 0.050781 0.097656
