4 0.413086 0.850586 0.060547 0.060547
4 0.403320 0.916992 0.068359 0.056641
4 0.495117 0.860352 0.080078 0.060547
4 0.482422 0.930664 0.074219 0.056641
4 0.563477 0.871094 0.072266 0.050781
4 0.551758 0.939453 0.068359 0.058594
4 0.708984 0.931641 0.062500 0.050781
4 0.698242 0.981445 0.048828 0.037109
4 0.637695 0.907227 0.052734 0.044922
4 0.628906 0.943359 0.066406 0.039062
4 0.726562 0.396484 0.070312 0.062500
4 0.800781 0.376953 0.058594 0.050781
4 0.753906 0.466797 0.058594 0.058594
4 0.826172 0.443359 0.058594 0.058594
4 0.921875 0.408203 0.062500 0.054688
4 0.947266 0.473633 0.058594 0.052734
4 0.993164 0.448242 0.013672 0.060547
4 0.972656 0.544922 0.054688 0.054688
4 0.878906 0.579102 0.058594 0.052734
4 0.861328 0.506836 0.078125 0.056641
4 0.779297 0.532227 0.066406 0.052734
4 0.809570 0.602539 0.060547 0.048828
4 0.831055 0.670898 0.064453 0.052734
4 0.900391 0.640625 0.062500 0.054688
4 0.857422 0.735352 0.058594 0.048828
4 0.926758 0.707031 0.060547 0.050781
4 0.955078 0.779297 0.062500 0.054688
4 0.885742 0.805664 0.064453 0.052734
4 0.910156 0.870117 0.066406 0.052734
4 0.974609 0.846680 0.050781 0.052734
4 0.933594 0.936523 0.058594 0.052734
4 0.986328 0.912109 0.027344 0.054688
4 0.985352 0.610352 0.029297 0.056641
4 0.996094 0.676758 0.007812 0.052734
1 0.305664 0.132812 0.060547 0.042969
