1 0.773750 0.185625 0.050000 0.021250
1 0.977500 0.136250 0.045000 0.027500
1 0.155000 0.215000 0.045000 0.022500
1 0.383750 0.071875 0.047500 0.013750
1 0.251875 0.115000 0.028750 0.012500
1 0.052500 0.386875 0.037500 0.036250
1 0.249375 0.498125 0.111250 0.033750
1 0.750000 0.023750 0.045000 0.017500
1 0.451250 0.279375 0.100000 0.023750
1 0.179375 0.061250 0.021250 0.007500
1 0.466875 0.613125 0.106250 0.038750
1 0.105625 0.135000 0.028750 0.012500
1 0.100625 0.065000 0.033750 0.017500
1 0.831250 0.655625 0.107500 0.028750
1 0.030000 0.005000 0.042500 0.010000
