2 0.050781 0.050781 0.101562 0.058594
2 0.289062 0.576172 0.117188 0.062500
2 0.448242 0.583008 0.115234 0.068359
2 0.505859 0.500977 0.128906 0.060547
2 0.520508 0.436523 0.126953 0.064453
2 0.320312 0.364258 0.101562 0.056641
2 0.342773 0.302734 0.103516 0.062500
2 0.345703 0.197266 0.125000 0.054688
2 0.509766 0.207031 0.105469 0.058594
2 0.540039 0.096680 0.103516 0.060547
2 0.351562 0.134766 0.121094 0.070312
2 0.351562 0.037109 0.093750 0.062500
2 0.832031 0.795898 0.097656 0.048828
2 0.961914 0.808594 0.072266 0.046875
2 0.833008 0.725586 0.115234 0.056641
2 0.818359 0.656250 0.132812 0.066406
2 0.952148 0.601562 0.091797 0.054688
2 0.801758 0.553711 0.115234 0.052734
2 0.820312 0.458008 0.089844 0.037109
2 0.956055 0.493164 0.083984 0.037109
2 0.874023 0.084961 0.107422 0.056641
2 0.959961 0.267578 0.076172 0.046875
