2 0.073242 0.313477 0.103516 0.126953
2 0.140625 0.335938 0.113281 0.128906
2 0.197266 0.374023 0.097656 0.115234
2 0.327148 0.431641 0.091797 0.117188
2 0.382812 0.444336 0.085938 0.103516
2 0.443359 0.466797 0.089844 0.109375
2 0.500977 0.500977 0.087891 0.107422
2 0.562500 0.522461 0.085938 0.107422
2 0.632812 0.538086 0.089844 0.115234
2 0.699219 0.559570 0.097656 0.115234
2 0.756836 0.597656 0.087891 0.109375
2 0.819336 0.615234 0.087891 0.109375
2 0.879883 0.648438 0.095703 0.113281
2 0.949219 0.665039 0.089844 0.107422
2 0.062500 0.632812 0.093750 0.113281
2 0.128906 0.666992 0.089844 0.107422
2 0.190430 0.689453 0.087891 0.109375
2 0.246094 0.722656 0.093750 0.105469
2 0.311523 0.757812 0.083984 0.105469
2 0.375977 0.779297 0.091797 0.105469
2 0.053711 0.784180 0.083984 0.091797
2 0.122070 0.811523 0.072266 0.080078
2 0.272461 0.902344 0.107422 0.050781
2 0.422852 0.902344 0.115234 0.058594
2 0.965820 0.044922 0.064453 0.089844
