4 0.357422 0.041016 0.089844 0.074219
4 0.429688 0.068359 0.093750 0.097656
4 0.529297 0.095703 0.089844 0.082031
4 0.619141 0.123047 0.089844 0.097656
4 0.257812 0.080078 0.093750 0.082031
4 0.332031 0.119141 0.078125 0.082031
4 0.406250 0.148438 0.078125 0.070312
4 0.509766 0.181641 0.074219 0.082031
4 0.583984 0.216797 0.074219 0.082031
4 0.199219 0.257812 0.078125 0.093750
4 0.177734 0.339844 0.082031 0.078125
4 0.291016 0.285156 0.089844 0.101562
4 0.269531 0.375000 0.085938 0.101562
4 0.330078 0.402344 0.074219 0.078125
4 0.357422 0.306641 0.089844 0.097656
4 0.458984 0.357422 0.097656 0.089844
4 0.437500 0.447266 0.101562 0.082031
4 0.535156 0.382812 0.078125 0.093750
4 0.613281 0.421875 0.085938 0.078125
4 0.517578 0.486328 0.097656 0.097656
4 0.599609 0.511719 0.089844 0.093750
4 0.197266 0.490234 0.066406 0.058594
4 0.253906 0.511719 0.062500 0.070312
4 0.177734 0.554688 0.058594 0.062500
4 0.230469 0.578125 0.062500 0.062500
4 0.291016 0.599609 0.058594 0.058594
4 0.314453 0.533203 0.066406 0.066406
