4 0.214844 0.984375 0.031250 0.015625
4 0.255859 0.984375 0.035156 0.023438
4 0.294922 0.986328 0.027344 0.019531
4 0.341797 0.984375 0.027344 0.023438
4 0.210938 0.957031 0.023438 0.023438
4 0.253906 0.955078 0.039062 0.027344
4 0.298828 0.955078 0.035156 0.027344
4 0.341797 0.953125 0.027344 0.023438
4 0.339844 0.919922 0.023438 0.027344
4 0.298828 0.919922 0.035156 0.027344
4 0.253906 0.919922 0.039062 0.027344
4 0.386719 0.830078 0.031250 0.027344
4 0.347656 0.832031 0.031250 0.031250
4 0.302734 0.830078 0.027344 0.027344
4 0.257812 0.833984 0.023438 0.027344
4 0.212891 0.832031 0.027344 0.031250
4 0.214844 0.800781 0.031250 0.031250
4 0.261719 0.800781 0.023438 0.015625
4 0.302734 0.800781 0.027344 0.023438
4 0.347656 0.800781 0.023438 0.023438
4 0.382812 0.802734 0.023438 0.027344
4 0.238281 0.769531 0.015625 0.023438
4 0.220703 0.744141 0.027344 0.027344
4 0.255859 0.744141 0.027344 0.027344
4 0.300781 0.775391 0.023438 0.019531
4 0.330078 0.775391 0.019531 0.027344
4 0.357422 0.775391 0.019531 0.019531
4 0.384766 0.771484 0.019531 0.019531
4 0.720703 0.597656 0.027344 0.023438
4 0.693359 0.576172 0.027344 0.027344
4 0.667969 0.558594 0.031250 0.031250
4 0.796875 0.650391 0.023438 0.019531
4 0.816406 0.634766 0.023438 0.027344
4 0.359375 0.445312 0.031250 0.031250
4 0.417969 0.433594 0.031250 0.031250
4 0.437500 0.410156 0.031250 0.031250
4 0.496094 0.373047 0.023438 0.027344
4 0.441406 0.355469 0.023438 0.023438
4 0.425781 0.300781 0.031250 0.031250
4 0.449219 0.275391 0.031250 0.035156
4 0.652344 0.125000 0.039062 0.039062
4 0.716797 0.123047 0.042969 0.035156
4 0.652344 0.085938 0.039062 0.039062
4 0.697266 0.076172 0.042969 0.042969
3 0.601562 0.238281 0.046875 0.015625
3 0.175781 0.560547 0.023438 0.035156
4 0.517578 0.333984 0.027344 0.027344
4 0.531250 0.300781 0.031250 0.031250
4 0.529297 0.263672 0.027344 0.027344
4 0.472656 0.328125 0.023438 0.023438
