2 0.123047 0.124023 0.082031 0.064453
2 0.374023 0.123047 0.080078 0.070312
2 0.625000 0.123047 0.082031 0.074219
2 0.873047 0.122070 0.078125 0.080078
2 0.117188 0.378906 0.074219 0.074219
2 0.375977 0.376953 0.064453 0.070312
2 0.624023 0.375977 0.056641 0.068359
2 0.876953 0.384766 0.050781 0.054688
2 0.124023 0.634766 0.041016 0.054688
2 0.374023 0.637695 0.033203 0.052734
2 0.625000 0.634766 0.046875 0.058594
2 0.881836 0.627930 0.064453 0.068359
2 0.124023 0.881836 0.072266 0.080078
2 0.373047 0.884766 0.066406 0.066406
2 0.623047 0.875000 0.082031 0.082031
2 0.877930 0.877930 0.080078 0.064453
