0 0.515625 0.238839 0.129464 0.138393
0 0.707589 0.236607 0.102679 0.116071
0 0.823661 0.227679 0.093750 0.107143
0 0.937500 0.247768 0.098214 0.129464
0 0.296875 0.245536 0.138393 0.133929
0 0.035714 0.252232 0.187500 0.129464
0 0.049107 0.580357 0.089286 0.151786
0 0.158482 0.683036 0.111607 0.133929
0 0.383929 0.691964 0.125000 0.142857
0 0.526786 0.562500 0.142857 0.107143
0 0.607143 0.694196 0.107143 0.138393
0 0.752232 0.560268 0.129464 0.129464
0 0.808036 0.691964 0.142857 0.133929
0 0.986607 0.553571 0.098214 0.151786
