1 0.001250 0.376250 0.002500 0.007500
1 0.116875 0.611250 0.018750 0.017500
1 0.036875 0.393750 0.061250 0.030000
1 0.101875 0.418750 0.061250 0.030000
1 0.416875 0.625625 0.043750 0.043750
1 0.656250 0.992500 0.017500 0.015000
1 0.459375 0.674375 0.046250 0.051250
1 0.500625 0.732500 0.036250 0.050000
1 0.166250 0.450625 0.055000 0.041250
1 0.235000 0.489375 0.060000 0.041250
1 0.298125 0.528125 0.036250 0.031250
1 0.346250 0.566875 0.050000 0.041250
1 0.527500 0.790000 0.027500 0.042500
1 0.566875 0.846250 0.033750 0.052500
1 0.606250 0.911875 0.027500 0.033750
1 0.633125 0.951875 0.033750 0.046250
