4 0.052734 0.292969 0.097656 0.125000
4 0.154297 0.183594 0.105469 0.117188
4 0.132812 0.427734 0.109375 0.121094
4 0.240234 0.316406 0.105469 0.125000
4 0.220703 0.562500 0.105469 0.117188
4 0.330078 0.451172 0.105469 0.113281
4 0.316406 0.701172 0.109375 0.136719
4 0.421875 0.589844 0.109375 0.125000
4 0.406250 0.833984 0.093750 0.113281
4 0.505859 0.724609 0.105469 0.121094
4 0.494141 0.953125 0.097656 0.093750
4 0.595703 0.857422 0.105469 0.121094
4 0.302734 0.052734 0.097656 0.097656
4 0.394531 0.166016 0.101562 0.121094
4 0.501953 0.060547 0.105469 0.113281
4 0.480469 0.296875 0.101562 0.125000
4 0.593750 0.189453 0.093750 0.121094
4 0.570312 0.439453 0.109375 0.128906
4 0.679688 0.330078 0.109375 0.128906
4 0.662109 0.578125 0.105469 0.125000
4 0.769531 0.466797 0.101562 0.121094
4 0.746094 0.707031 0.109375 0.125000
4 0.861328 0.593750 0.097656 0.117188
4 0.847656 0.847656 0.093750 0.140625
4 0.947266 0.732422 0.105469 0.136719
4 0.921875 0.955078 0.109375 0.089844
