4 0.548828 0.855469 0.128906 0.132812
4 0.693359 0.863281 0.121094 0.132812
4 0.824219 0.875000 0.101562 0.140625
4 0.560547 0.681641 0.113281 0.128906
4 0.691406 0.695312 0.109375 0.132812
4 0.837891 0.710938 0.113281 0.132812
4 0.634766 0.507812 0.089844 0.109375
4 0.751953 0.517578 0.097656 0.121094
4 0.855469 0.531250 0.093750 0.117188
4 0.939453 0.447266 0.089844 0.105469
4 0.664062 0.378906 0.085938 0.101562
4 0.773438 0.392578 0.085938 0.113281
4 0.716797 0.123047 0.105469 0.128906
4 0.822266 0.208984 0.089844 0.128906
4 0.914062 0.101562 0.101562 0.125000
