2 0.117188 0.125977 0.082031 0.064453
2 0.372070 0.125977 0.087891 0.076172
2 0.621094 0.125977 0.089844 0.076172
2 0.867188 0.127930 0.085938 0.076172
2 0.117188 0.372070 0.085938 0.087891
2 0.370117 0.373047 0.083984 0.085938
2 0.617188 0.375977 0.085938 0.087891
2 0.868164 0.371094 0.068359 0.082031
2 0.119141 0.623047 0.066406 0.082031
2 0.369141 0.625000 0.062500 0.078125
2 0.620117 0.626953 0.044922 0.062500
2 0.871094 0.628906 0.050781 0.070312
2 0.120117 0.875000 0.052734 0.078125
2 0.369141 0.873047 0.054688 0.078125
2 0.623047 0.876953 0.062500 0.070312
2 0.875000 0.873047 0.062500 0.078125
