4 0.520508 0.947266 0.048828 0.070312
4 0.588867 0.952148 0.052734 0.064453
4 0.133789 0.929688 0.056641 0.066406
4 0.188477 0.874023 0.052734 0.068359
4 0.260742 0.887695 0.056641 0.068359
4 0.307617 0.826172 0.056641 0.066406
4 0.384766 0.811523 0.058594 0.068359
4 0.375000 0.729492 0.054688 0.064453
4 0.564453 0.584961 0.062500 0.068359
4 0.547852 0.499023 0.068359 0.068359
4 0.474609 0.529297 0.054688 0.062500
4 0.469727 0.417969 0.064453 0.070312
4 0.425781 0.479492 0.062500 0.064453
4 0.370117 0.428711 0.060547 0.064453
