2 0.500977 0.500977 0.103516 0.126953
2 0.559570 0.526367 0.103516 0.126953
2 0.626953 0.548828 0.113281 0.128906
2 0.683594 0.586914 0.097656 0.115234
2 0.813477 0.644531 0.091797 0.117188
2 0.869141 0.657227 0.085938 0.103516
2 0.929688 0.679688 0.089844 0.109375
2 0.047852 0.656250 0.095703 0.117188
2 0.111328 0.685547 0.093750 0.113281
2 0.177734 0.704102 0.093750 0.107422
2 0.243164 0.722656 0.091797 0.109375
2 0.307617 0.747070 0.087891 0.103516
2 0.364258 0.768555 0.091797 0.107422
2 0.437500 0.790039 0.101562 0.119141
2 0.488281 0.834961 0.089844 0.107422
2 0.548828 0.845703 0.093750 0.113281
2 0.615234 0.879883 0.089844 0.107422
2 0.676758 0.902344 0.087891 0.109375
2 0.732422 0.935547 0.093750 0.105469
2 0.047852 0.788086 0.095703 0.115234
2 0.104492 0.815430 0.091797 0.115234
2 0.166992 0.842773 0.083984 0.103516
2 0.230469 0.875000 0.093750 0.109375
2 0.304688 0.874023 0.093750 0.107422
2 0.356445 0.916016 0.099609 0.113281
2 0.416016 0.942383 0.101562 0.111328
