4 0.125000 0.257812 0.125000 0.140625
4 0.146484 0.429688 0.121094 0.132812
4 0.267578 0.228516 0.121094 0.136719
4 0.296875 0.412109 0.148438 0.144531
4 0.416016 0.294922 0.113281 0.128906
4 0.527344 0.183594 0.117188 0.125000
4 0.500000 0.427734 0.117188 0.121094
4 0.607422 0.318359 0.121094 0.128906
4 0.593750 0.562500 0.117188 0.132812
4 0.697266 0.445312 0.113281 0.132812
4 0.685547 0.695312 0.113281 0.140625
4 0.787109 0.587891 0.128906 0.136719
4 0.765625 0.833984 0.132812 0.121094
4 0.878906 0.722656 0.117188 0.140625
4 0.861328 0.949219 0.113281 0.101562
4 0.669922 0.048828 0.113281 0.089844
4 0.755859 0.167969 0.128906 0.132812
4 0.863281 0.062500 0.117188 0.117188
4 0.851562 0.296875 0.109375 0.132812
4 0.945312 0.183594 0.109375 0.117188
4 0.931641 0.433594 0.136719 0.132812
