4 0.572266 0.904297 0.062500 0.058594
4 0.567383 0.978516 0.064453 0.054688
4 0.648438 0.975586 0.070312 0.056641
4 0.809570 0.855469 0.056641 0.054688
4 0.822266 0.785156 0.058594 0.054688
4 0.905273 0.799805 0.060547 0.056641
4 0.971680 0.768555 0.056641 0.056641
4 0.949219 0.671875 0.062500 0.058594
4 0.861328 0.585938 0.058594 0.058594
4 0.790039 0.610352 0.060547 0.056641
4 0.723633 0.636719 0.064453 0.054688
4 0.658203 0.608398 0.062500 0.052734
4 0.925781 0.546875 0.062500 0.054688
1 0.421875 0.494141 0.089844 0.207031
1 0.402344 0.223633 0.027344 0.068359
