4 0.065430 0.250977 0.080078 0.060547
4 0.052734 0.321289 0.074219 0.056641
4 0.038086 0.409180 0.068359 0.056641
4 0.133789 0.261719 0.072266 0.050781
4 0.122070 0.330078 0.068359 0.058594
4 0.106445 0.420898 0.060547 0.056641
4 0.175781 0.434570 0.058594 0.060547
4 0.279297 0.322266 0.062500 0.050781
4 0.268555 0.372070 0.048828 0.037109
4 0.259766 0.422852 0.042969 0.044922
4 0.315430 0.428711 0.048828 0.044922
4 0.313477 0.481445 0.048828 0.044922
4 0.245117 0.473633 0.044922 0.041016
4 0.240234 0.521484 0.039062 0.035156
4 0.298828 0.533203 0.050781 0.039062
4 0.208008 0.297852 0.052734 0.044922
4 0.199219 0.333984 0.066406 0.039062
4 0.401367 0.061523 0.064453 0.052734
4 0.470703 0.031250 0.062500 0.054688
4 0.427734 0.125977 0.058594 0.048828
4 0.497070 0.097656 0.060547 0.050781
4 0.525391 0.169922 0.062500 0.054688
4 0.456055 0.196289 0.064453 0.052734
4 0.480469 0.260742 0.066406 0.052734
4 0.550781 0.237305 0.062500 0.052734
4 0.503906 0.327148 0.058594 0.052734
4 0.573242 0.302734 0.060547 0.054688
4 0.546875 0.395508 0.058594 0.052734
4 0.615234 0.371094 0.058594 0.046875
4 0.690430 0.380859 0.056641 0.054688
4 0.602539 0.439453 0.060547 0.054688
4 0.674805 0.450195 0.060547 0.052734
4 0.662109 0.042969 0.062500 0.050781
4 0.593750 0.067383 0.062500 0.052734
4 0.621094 0.135742 0.062500 0.052734
4 0.692383 0.111328 0.060547 0.058594
4 0.715820 0.179688 0.060547 0.058594
4 0.644531 0.202148 0.062500 0.052734
4 0.670898 0.269531 0.060547 0.054688
4 0.742188 0.245117 0.054688 0.048828
4 0.827148 0.221680 0.060547 0.052734
4 0.815430 0.291016 0.064453 0.054688
4 0.897461 0.233398 0.056641 0.056641
4 0.886719 0.301758 0.054688 0.052734
4 0.975586 0.247070 0.072266 0.056641
4 0.955078 0.312500 0.062500 0.054688
1 0.531250 0.770508 0.171875 0.052734
