4 0.003906 0.836914 0.003906 0.068359
4 0.044922 0.842773 0.050781 0.068359
4 0.037109 0.927734 0.062500 0.070312
4 0.111328 0.847656 0.062500 0.074219
4 0.107422 0.933594 0.062500 0.066406
4 0.208984 0.856445 0.058594 0.068359
4 0.278320 0.863281 0.056641 0.066406
4 0.204102 0.943359 0.052734 0.066406
4 0.272461 0.949219 0.060547 0.070312
4 0.363281 0.872070 0.062500 0.072266
4 0.435547 0.877930 0.054688 0.068359
4 0.501953 0.888672 0.062500 0.070312
4 0.361328 0.958984 0.050781 0.062500
4 0.428711 0.964844 0.056641 0.070312
4 0.498047 0.970703 0.054688 0.066406
4 0.584961 0.970703 0.052734 0.066406
4 0.653320 0.975586 0.056641 0.064453
4 0.266602 0.724609 0.064453 0.066406
4 0.338867 0.728516 0.060547 0.066406
4 0.404297 0.734375 0.050781 0.070312
4 0.272461 0.637695 0.056641 0.064453
4 0.337891 0.644531 0.054688 0.066406
4 0.411133 0.652344 0.056641 0.066406
4 0.309570 0.550781 0.044922 0.054688
4 0.368164 0.555664 0.048828 0.060547
4 0.419922 0.562500 0.046875 0.058594
4 0.461914 0.520508 0.044922 0.052734
4 0.324219 0.486328 0.042969 0.050781
4 0.378906 0.493164 0.042969 0.056641
4 0.350586 0.358398 0.052734 0.064453
4 0.403320 0.401367 0.044922 0.064453
4 0.449219 0.347656 0.050781 0.062500
4 0.525391 0.362305 0.046875 0.056641
4 0.578125 0.352539 0.046875 0.052734
4 0.625977 0.343750 0.041016 0.050781
4 0.677734 0.333984 0.046875 0.058594
4 0.655273 0.413086 0.044922 0.044922
4 0.702148 0.405273 0.044922 0.048828
4 0.664062 0.468750 0.039062 0.050781
4 0.708984 0.462891 0.042969 0.050781
4 0.331055 0.047852 0.044922 0.052734
4 0.328125 0.103516 0.042969 0.050781
4 0.425781 0.199219 0.039062 0.046875
4 0.422852 0.259766 0.044922 0.050781
4 0.477539 0.203125 0.044922 0.054688
4 0.475586 0.265625 0.052734 0.054688
4 0.550781 0.208008 0.042969 0.048828
4 0.560547 0.267578 0.046875 0.050781
4 0.605469 0.199219 0.050781 0.054688
4 0.612305 0.257812 0.048828 0.050781
4 0.665039 0.184570 0.044922 0.052734
4 0.676758 0.245117 0.052734 0.056641
4 0.816406 0.684570 0.050781 0.060547
4 0.872070 0.627930 0.052734 0.064453
4 0.804688 0.598633 0.054688 0.064453
4 0.790039 0.517578 0.048828 0.062500
4 0.859375 0.546875 0.058594 0.062500
4 0.852539 0.458008 0.052734 0.064453
4 0.942383 0.529297 0.052734 0.066406
4 0.930664 0.444336 0.068359 0.064453
