0 0.294922 0.921875 0.042969 0.039062
0 0.318359 0.882812 0.042969 0.039062
0 0.339844 0.927734 0.039062 0.035156
0 0.363281 0.882812 0.039062 0.039062
0 0.382812 0.925781 0.046875 0.039062
0 0.410156 0.882812 0.039062 0.039062
0 0.453125 0.886719 0.039062 0.039062
0 0.431641 0.927734 0.042969 0.035156
0 0.476562 0.929688 0.039062 0.031250
0 0.500000 0.886719 0.039062 0.039062
0 0.523438 0.931641 0.046875 0.035156
0 0.546875 0.888672 0.039062 0.035156
0 0.593750 0.892578 0.039062 0.035156
0 0.566406 0.935547 0.046875 0.035156
0 0.613281 0.935547 0.039062 0.035156
0 0.638672 0.894531 0.042969 0.039062
0 0.656250 0.937500 0.046875 0.039062
0 0.302734 0.779297 0.035156 0.035156
0 0.347656 0.781250 0.039062 0.039062
0 0.390625 0.779297 0.039062 0.035156
0 0.433594 0.785156 0.039062 0.031250
0 0.476562 0.787109 0.039062 0.035156
0 0.523438 0.787109 0.039062 0.042969
0 0.566406 0.789062 0.039062 0.039062
0 0.611328 0.792969 0.035156 0.039062
0 0.654297 0.792969 0.042969 0.039062
0 0.677734 0.753906 0.042969 0.039062
0 0.636719 0.750000 0.046875 0.039062
0 0.585938 0.748047 0.039062 0.042969
0 0.546875 0.746094 0.046875 0.039062
0 0.494141 0.744141 0.042969 0.035156
0 0.449219 0.736328 0.046875 0.035156
0 0.410156 0.742188 0.039062 0.039062
0 0.367188 0.740234 0.039062 0.035156
0 0.320312 0.734375 0.046875 0.039062
0 0.414062 0.638672 0.054688 0.058594
0 0.462891 0.638672 0.042969 0.042969
0 0.509766 0.638672 0.035156 0.042969
0 0.554688 0.640625 0.039062 0.039062
0 0.601562 0.638672 0.039062 0.042969
0 0.644531 0.640625 0.039062 0.039062
0 0.292969 0.527344 0.023438 0.023438
0 0.322266 0.535156 0.019531 0.023438
0 0.353516 0.533203 0.027344 0.027344
0 0.384766 0.537109 0.027344 0.027344
0 0.412109 0.537109 0.019531 0.027344
0 0.431641 0.537109 0.019531 0.027344
0 0.451172 0.539062 0.019531 0.023438
0 0.480469 0.542969 0.015625 0.023438
0 0.517578 0.546875 0.019531 0.031250
0 0.544922 0.548828 0.019531 0.027344
0 0.566406 0.548828 0.023438 0.027344
0 0.585938 0.542969 0.023438 0.023438
0 0.609375 0.550781 0.023438 0.023438
0 0.638672 0.550781 0.019531 0.023438
0 0.656250 0.552734 0.015625 0.027344
0 0.273438 0.328125 0.046875 0.031250
0 0.296875 0.291016 0.046875 0.035156
0 0.361328 0.332031 0.050781 0.023438
0 0.386719 0.292969 0.054688 0.046875
0 0.406250 0.332031 0.039062 0.023438
0 0.449219 0.335938 0.039062 0.023438
0 0.496094 0.343750 0.039062 0.031250
0 0.478516 0.296875 0.050781 0.039062
0 0.544922 0.343750 0.050781 0.046875
0 0.630859 0.351562 0.050781 0.039062
0 0.677734 0.345703 0.035156 0.042969
0 0.701172 0.300781 0.042969 0.046875
0 0.658203 0.300781 0.050781 0.046875
0 0.615234 0.296875 0.042969 0.046875
0 0.570312 0.294922 0.054688 0.042969
0 0.525391 0.291016 0.035156 0.042969
0 0.103516 0.529297 0.042969 0.050781
0 0.050781 0.525391 0.046875 0.042969
0 0.279297 0.191406 0.042969 0.031250
0 0.328125 0.195312 0.039062 0.031250
0 0.371094 0.197266 0.039062 0.027344
0 0.412109 0.201172 0.035156 0.027344
0 0.458984 0.207031 0.042969 0.031250
0 0.507812 0.201172 0.046875 0.027344
0 0.597656 0.212891 0.046875 0.035156
0 0.642578 0.212891 0.042969 0.035156
0 0.689453 0.216797 0.042969 0.035156
0 0.714844 0.175781 0.046875 0.046875
0 0.662109 0.169922 0.050781 0.042969
0 0.580078 0.166016 0.050781 0.050781
0 0.533203 0.160156 0.042969 0.046875
0 0.490234 0.158203 0.042969 0.050781
0 0.441406 0.160156 0.039062 0.039062
0 0.398438 0.158203 0.039062 0.042969
0 0.353516 0.154297 0.042969 0.042969
0 0.304688 0.154297 0.046875 0.042969
0 0.697266 0.072266 0.042969 0.027344
0 0.650391 0.076172 0.042969 0.035156
0 0.607422 0.074219 0.042969 0.031250
0 0.560547 0.074219 0.042969 0.039062
0 0.517578 0.070312 0.042969 0.031250
0 0.472656 0.066406 0.039062 0.031250
0 0.429688 0.062500 0.046875 0.031250
0 0.384766 0.064453 0.042969 0.035156
0 0.335938 0.056641 0.046875 0.035156
0 0.291016 0.056641 0.035156 0.035156
0 0.269531 0.011719 0.039062 0.015625
0 0.318359 0.015625 0.042969 0.023438
0 0.361328 0.015625 0.042969 0.023438
0 0.406250 0.019531 0.039062 0.031250
0 0.449219 0.023438 0.039062 0.039062
0 0.494141 0.025391 0.050781 0.042969
0 0.537109 0.027344 0.042969 0.046875
0 0.583984 0.025391 0.050781 0.042969
0 0.626953 0.031250 0.042969 0.046875
0 0.675781 0.029297 0.046875 0.050781
0 0.720703 0.031250 0.042969 0.046875
0 0.861328 0.046875 0.027344 0.039062
0 0.914062 0.052734 0.023438 0.042969
0 0.972656 0.054688 0.039062 0.039062
0 0.857422 0.187500 0.035156 0.039062
0 0.886719 0.152344 0.039062 0.031250
0 0.914062 0.191406 0.031250 0.039062
0 0.943359 0.154297 0.035156 0.035156
0 0.968750 0.195312 0.031250 0.039062
0 0.843750 0.304688 0.023438 0.031250
0 0.900391 0.308594 0.027344 0.039062
0 0.964844 0.316406 0.023438 0.039062
