4 0.052734 0.667969 0.097656 0.125000
4 0.154297 0.558594 0.105469 0.117188
4 0.132812 0.802734 0.109375 0.121094
4 0.240234 0.691406 0.105469 0.125000
4 0.220703 0.937500 0.105469 0.117188
4 0.330078 0.826172 0.105469 0.113281
4 0.421875 0.951172 0.109375 0.097656
4 0.042969 0.142578 0.078125 0.113281
4 0.058594 0.308594 0.093750 0.117188
4 0.167969 0.111328 0.093750 0.128906
4 0.195312 0.277344 0.085938 0.125000
4 0.300781 0.175781 0.093750 0.125000
4 0.302734 0.410156 0.097656 0.132812
4 0.412109 0.296875 0.097656 0.132812
4 0.394531 0.541016 0.101562 0.121094
4 0.501953 0.429688 0.105469 0.125000
4 0.480469 0.671875 0.101562 0.125000
4 0.593750 0.564453 0.093750 0.121094
4 0.570312 0.814453 0.109375 0.128906
4 0.679688 0.705078 0.109375 0.128906
4 0.662109 0.945312 0.105469 0.109375
4 0.769531 0.841797 0.101562 0.121094
4 0.861328 0.955078 0.097656 0.089844
4 0.832031 0.140625 0.117188 0.109375
