4 0.169922 0.857422 0.105469 0.128906
4 0.318359 0.871094 0.128906 0.140625
4 0.445312 0.875000 0.109375 0.132812
4 0.177734 0.677734 0.128906 0.128906
4 0.310547 0.693359 0.113281 0.128906
4 0.455078 0.705078 0.128906 0.136719
4 0.244141 0.509766 0.105469 0.113281
4 0.371094 0.521484 0.093750 0.128906
4 0.472656 0.535156 0.085938 0.109375
4 0.558594 0.443359 0.101562 0.113281
4 0.394531 0.386719 0.109375 0.109375
4 0.269531 0.378906 0.109375 0.101562
4 0.332031 0.121094 0.117188 0.117188
4 0.431641 0.220703 0.128906 0.113281
4 0.525391 0.097656 0.113281 0.140625
4 0.691406 0.126953 0.101562 0.121094
4 0.796875 0.111328 0.085938 0.113281
4 0.902344 0.091797 0.093750 0.113281
