4 0.158203 0.429688 0.042969 0.039062
4 0.761719 0.222656 0.039062 0.023438
4 0.755859 0.246094 0.027344 0.015625
4 0.878906 0.267578 0.023438 0.019531
4 0.902344 0.263672 0.015625 0.019531
5 0.400391 0.119141 0.238281 0.199219
5 0.767578 0.316406 0.152344 0.070312
5 0.769531 0.457031 0.179688 0.046875
5 0.777344 0.531250 0.171875 0.054688
5 0.792969 0.597656 0.148438 0.023438
5 0.292969 0.404297 0.117188 0.160156
5 0.228516 0.347656 0.136719 0.164062
5 0.154297 0.316406 0.097656 0.132812
5 0.343750 0.445312 0.109375 0.117188
