4 0.222656 0.083984 0.093750 0.097656
4 0.332031 0.103516 0.093750 0.089844
4 0.437500 0.119141 0.085938 0.089844
4 0.548828 0.132812 0.105469 0.085938
4 0.677734 0.208984 0.113281 0.105469
4 0.798828 0.158203 0.121094 0.105469
4 0.884766 0.257812 0.105469 0.109375
4 0.593750 0.320312 0.101562 0.085938
4 0.419922 0.255859 0.082031 0.082031
4 0.316406 0.250000 0.109375 0.101562
4 0.166016 0.214844 0.082031 0.085938
4 0.156250 0.316406 0.093750 0.085938
4 0.294922 0.337891 0.089844 0.089844
4 0.414062 0.355469 0.117188 0.101562
4 0.544922 0.412109 0.097656 0.089844
4 0.654297 0.447266 0.105469 0.097656
4 0.691406 0.359375 0.093750 0.093750
