4 0.136719 0.054688 0.109375 0.101562
4 0.269531 0.066406 0.125000 0.125000
4 0.123047 0.210938 0.113281 0.140625
4 0.261719 0.222656 0.109375 0.132812
4 0.435547 0.222656 0.105469 0.132812
4 0.572266 0.232422 0.113281 0.128906
4 0.109375 0.429688 0.109375 0.132812
4 0.248047 0.443359 0.105469 0.136719
4 0.423828 0.392578 0.121094 0.128906
4 0.566406 0.406250 0.109375 0.132812
4 0.099609 0.601562 0.105469 0.125000
4 0.236328 0.609375 0.113281 0.125000
4 0.414062 0.568359 0.101562 0.128906
4 0.554688 0.578125 0.109375 0.140625
