4 0.154297 0.933594 0.105469 0.117188
4 0.042969 0.517578 0.078125 0.113281
4 0.058594 0.683594 0.093750 0.117188
4 0.167969 0.486328 0.093750 0.128906
4 0.195312 0.652344 0.085938 0.125000
4 0.300781 0.550781 0.093750 0.125000
4 0.302734 0.785156 0.097656 0.132812
4 0.412109 0.671875 0.097656 0.132812
4 0.394531 0.916016 0.101562 0.121094
4 0.501953 0.804688 0.105469 0.125000
4 0.593750 0.939453 0.093750 0.121094
4 0.662109 0.041016 0.082031 0.074219
4 0.679688 0.150391 0.085938 0.089844
4 0.787109 0.128906 0.097656 0.093750
4 0.687500 0.273438 0.078125 0.109375
4 0.802734 0.251953 0.105469 0.105469
4 0.812500 0.382812 0.093750 0.093750
4 0.832031 0.515625 0.117188 0.109375
4 0.941406 0.164062 0.117188 0.140625
