1 0.429688 0.382812 0.093750 0.101562
1 0.582031 0.218750 0.046875 0.078125
1 0.525391 0.416016 0.058594 0.082031
1 0.556641 0.695312 0.074219 0.101562
1 0.501953 0.820312 0.058594 0.093750
1 0.791016 0.169922 0.097656 0.105469
1 0.910156 0.234375 0.062500 0.101562
1 0.837891 0.333984 0.066406 0.082031
1 0.720703 0.390625 0.050781 0.101562
1 0.894531 0.470703 0.078125 0.105469
1 0.822266 0.589844 0.058594 0.078125
1 0.876953 0.714844 0.058594 0.101562
1 0.707031 0.933594 0.093750 0.101562
1 0.894531 0.921875 0.085938 0.101562
