4 0.052734 0.218750 0.097656 0.117188
4 0.093750 0.349609 0.109375 0.097656
4 0.263672 0.302734 0.121094 0.105469
4 0.240234 0.441406 0.128906 0.109375
4 0.404297 0.326172 0.113281 0.113281
4 0.382812 0.462891 0.109375 0.105469
4 0.560547 0.353516 0.144531 0.113281
4 0.519531 0.484375 0.125000 0.109375
4 0.687500 0.519531 0.117188 0.109375
4 0.712891 0.376953 0.105469 0.105469
4 0.830078 0.466797 0.113281 0.113281
4 0.871094 0.328125 0.140625 0.117188
4 0.744141 0.240234 0.105469 0.105469
4 0.878906 0.193359 0.109375 0.105469
4 0.962891 0.833984 0.074219 0.097656
4 0.916016 0.960938 0.082031 0.078125
4 0.955078 0.607422 0.089844 0.097656
4 0.947266 0.708984 0.097656 0.089844
