4 0.181641 0.679688 0.113281 0.109375
4 0.207031 0.539062 0.117188 0.109375
4 0.373047 0.568359 0.121094 0.113281
4 0.505859 0.505859 0.113281 0.113281
4 0.660156 0.578125 0.125000 0.117188
4 0.792969 0.535156 0.109375 0.117188
4 0.757812 0.375000 0.125000 0.101562
4 0.607422 0.339844 0.113281 0.117188
4 0.460938 0.312500 0.125000 0.117188
4 0.285156 0.140625 0.117188 0.117188
4 0.142578 0.189453 0.121094 0.113281
4 0.039062 0.242188 0.070312 0.109375
4 0.414062 0.062500 0.125000 0.109375
4 0.812500 0.257812 0.101562 0.093750
