2 0.231445 0.038086 0.083984 0.064453
2 0.287109 0.135742 0.097656 0.083984
2 0.146484 0.201172 0.125000 0.101562
2 0.217773 0.172852 0.060547 0.056641
2 0.349609 0.092773 0.085938 0.072266
2 0.415039 0.064453 0.107422 0.074219
2 0.818359 0.367188 0.136719 0.109375
2 0.721680 0.392578 0.126953 0.097656
2 0.626953 0.419922 0.093750 0.078125
2 0.604492 0.347656 0.103516 0.074219
2 0.660156 0.291992 0.171875 0.119141
2 0.483398 0.347656 0.134766 0.101562
2 0.570312 0.466797 0.113281 0.085938
2 0.500977 0.500000 0.119141 0.093750
2 0.343750 0.417969 0.136719 0.113281
2 0.411133 0.531250 0.099609 0.078125
2 0.344727 0.573242 0.126953 0.091797
2 0.200195 0.502930 0.099609 0.072266
2 0.250000 0.602539 0.085938 0.072266
2 0.126953 0.539062 0.109375 0.070312
2 0.193359 0.648438 0.148438 0.105469
2 0.899414 0.656250 0.130859 0.101562
2 0.931641 0.750000 0.117188 0.089844
2 0.793945 0.687500 0.123047 0.082031
2 0.715820 0.718750 0.126953 0.082031
2 0.855469 0.787109 0.113281 0.066406
2 0.791016 0.826172 0.097656 0.058594
2 0.708984 0.857422 0.121094 0.082031
2 0.646484 0.760742 0.125000 0.076172
