4 0.093750 0.830078 0.046875 0.042969
4 0.177734 0.828125 0.050781 0.039062
4 0.269531 0.828125 0.054688 0.039062
4 0.082031 0.763672 0.046875 0.035156
4 0.287109 0.740234 0.035156 0.027344
4 0.371094 0.849609 0.023438 0.027344
4 0.339844 0.818359 0.023438 0.027344
4 0.390625 0.814453 0.039062 0.019531
4 0.439453 0.814453 0.035156 0.019531
4 0.492188 0.814453 0.031250 0.019531
4 0.517578 0.849609 0.035156 0.027344
4 0.539062 0.816406 0.023438 0.023438
4 0.345703 0.781250 0.035156 0.023438
4 0.392578 0.779297 0.035156 0.027344
4 0.443359 0.777344 0.027344 0.023438
4 0.490234 0.777344 0.027344 0.023438
4 0.539062 0.777344 0.023438 0.023438
4 0.173828 0.757812 0.066406 0.046875
4 0.593750 0.275391 0.031250 0.027344
4 0.517578 0.238281 0.027344 0.023438
4 0.591797 0.242188 0.035156 0.031250
4 0.593750 0.208984 0.039062 0.027344
4 0.531250 0.175781 0.039062 0.023438
4 0.595703 0.177734 0.035156 0.027344
4 0.771484 0.960938 0.035156 0.023438
4 0.828125 0.962891 0.031250 0.027344
4 0.880859 0.970703 0.035156 0.035156
4 0.750000 0.925781 0.031250 0.031250
4 0.880859 0.933594 0.035156 0.039062
4 0.029297 0.052734 0.027344 0.027344
4 0.025391 0.029297 0.027344 0.027344
4 0.029297 0.011719 0.027344 0.023438
4 0.072266 0.021484 0.027344 0.027344
4 0.072266 0.056641 0.027344 0.027344
