4 0.898438 0.162109 0.046875 0.042969
4 0.814453 0.164062 0.050781 0.039062
4 0.722656 0.164062 0.054688 0.039062
4 0.910156 0.228516 0.046875 0.035156
4 0.705078 0.251953 0.035156 0.027344
4 0.621094 0.142578 0.023438 0.027344
4 0.652344 0.173828 0.023438 0.027344
4 0.601562 0.177734 0.039062 0.019531
4 0.552734 0.177734 0.035156 0.019531
4 0.500000 0.177734 0.031250 0.019531
4 0.474609 0.142578 0.035156 0.027344
4 0.453125 0.175781 0.023438 0.023438
4 0.646484 0.210938 0.035156 0.023438
4 0.599609 0.212891 0.035156 0.027344
4 0.548828 0.214844 0.027344 0.023438
4 0.501953 0.214844 0.027344 0.023438
4 0.453125 0.214844 0.023438 0.023438
4 0.818359 0.234375 0.066406 0.046875
4 0.398438 0.716797 0.031250 0.027344
4 0.474609 0.753906 0.027344 0.023438
4 0.400391 0.750000 0.035156 0.031250
4 0.398438 0.783203 0.039062 0.027344
4 0.460938 0.816406 0.039062 0.023438
4 0.396484 0.814453 0.035156 0.027344
4 0.220703 0.031250 0.035156 0.023438
4 0.164062 0.029297 0.031250 0.027344
4 0.111328 0.021484 0.035156 0.035156
4 0.242188 0.066406 0.031250 0.031250
4 0.111328 0.058594 0.035156 0.039062
4 0.962891 0.939453 0.027344 0.027344
4 0.966797 0.962891 0.027344 0.027344
4 0.962891 0.982422 0.027344 0.027344
4 0.919922 0.970703 0.027344 0.027344
4 0.919922 0.935547 0.027344 0.027344
