1 0.099000 0.806500 0.170000 0.055000
1 0.373500 0.983500 0.167000 0.031000
1 0.385500 0.923000 0.161000 0.048000
1 0.416500 0.885000 0.191000 0.064000
1 0.092500 0.565500 0.165000 0.045000
1 0.079500 0.688500 0.103000 0.073000
1 0.192000 0.238000 0.184000 0.044000
1 0.051000 0.180000 0.100000 0.036000
1 0.134000 0.311500 0.150000 0.043000
1 0.142000 0.352500 0.148000 0.043000
1 0.091000 0.763500 0.110000 0.061000
1 0.081000 0.473500 0.160000 0.057000
1 0.046000 0.417000 0.090000 0.060000
1 0.098500 0.375500 0.193000 0.041000
