0 0.566406 0.521484 0.015625 0.019531
0 0.574219 0.505859 0.015625 0.019531
0 0.578125 0.515625 0.007812 0.015625
0 0.587891 0.505859 0.011719 0.019531
0 0.595703 0.515625 0.011719 0.015625
0 0.605469 0.503906 0.007812 0.015625
0 0.611328 0.517578 0.011719 0.019531
0 0.625000 0.507812 0.007812 0.015625
0 0.630859 0.515625 0.011719 0.015625
0 0.646484 0.509766 0.011719 0.011719
0 0.652344 0.519531 0.015625 0.015625
0 0.664062 0.509766 0.015625 0.011719
0 0.671875 0.523438 0.015625 0.015625
0 0.681641 0.509766 0.011719 0.011719
0 0.687500 0.523438 0.015625 0.015625
0 0.701172 0.507812 0.011719 0.015625
0 0.718750 0.507812 0.015625 0.015625
0 0.708984 0.521484 0.011719 0.019531
0 0.726562 0.525391 0.015625 0.019531
0 0.736328 0.511719 0.011719 0.015625
0 0.744141 0.525391 0.011719 0.019531
0 0.753906 0.515625 0.015625 0.015625
0 0.759766 0.527344 0.011719 0.015625
0 0.773438 0.515625 0.015625 0.015625
0 0.783203 0.529297 0.011719 0.019531
0 0.794922 0.517578 0.011719 0.019531
0 0.810547 0.515625 0.011719 0.015625
0 0.802734 0.527344 0.011719 0.015625
0 0.818359 0.523438 0.011719 0.015625
0 0.828125 0.515625 0.015625 0.015625
0 0.837891 0.523438 0.011719 0.015625
0 0.845703 0.515625 0.011719 0.015625
0 0.855469 0.527344 0.007812 0.015625
0 0.865234 0.517578 0.011719 0.011719
0 0.875000 0.525391 0.015625 0.011719
0 0.880859 0.517578 0.011719 0.011719
0 0.892578 0.529297 0.011719 0.011719
0 0.900391 0.521484 0.011719 0.019531
0 0.910156 0.529297 0.015625 0.011719
0 0.921875 0.519531 0.015625 0.015625
0 0.929688 0.531250 0.015625 0.015625
0 0.937500 0.519531 0.015625 0.015625
0 0.957031 0.519531 0.015625 0.015625
0 0.947266 0.531250 0.019531 0.015625
0 0.964844 0.531250 0.015625 0.015625
0 0.972656 0.519531 0.015625 0.015625
0 0.988281 0.533203 0.015625 0.011719
0 0.992188 0.519531 0.015625 0.015625
0 0.892578 0.578125 0.011719 0.015625
0 0.904297 0.568359 0.011719 0.011719
0 0.912109 0.578125 0.011719 0.015625
0 0.923828 0.568359 0.019531 0.011719
0 0.935547 0.576172 0.011719 0.011719
0 0.943359 0.570312 0.011719 0.015625
0 0.953125 0.582031 0.015625 0.015625
0 0.964844 0.568359 0.015625 0.011719
0 0.970703 0.582031 0.019531 0.015625
0 0.978516 0.572266 0.011719 0.019531
0 0.562500 0.464844 0.015625 0.015625
0 0.570312 0.455078 0.015625 0.011719
0 0.578125 0.470703 0.015625 0.019531
0 0.585938 0.458984 0.007812 0.011719
0 0.593750 0.472656 0.015625 0.015625
0 0.607422 0.457031 0.011719 0.015625
0 0.617188 0.472656 0.015625 0.015625
0 0.623047 0.457031 0.011719 0.015625
0 0.632812 0.472656 0.007812 0.015625
0 0.642578 0.457031 0.011719 0.015625
0 0.650391 0.470703 0.011719 0.011719
0 0.662109 0.460938 0.011719 0.015625
0 0.667969 0.472656 0.015625 0.015625
0 0.679688 0.464844 0.015625 0.015625
0 0.689453 0.472656 0.011719 0.015625
0 0.699219 0.462891 0.015625 0.011719
0 0.707031 0.476562 0.007812 0.015625
0 0.714844 0.460938 0.015625 0.015625
0 0.724609 0.474609 0.011719 0.011719
0 0.732422 0.462891 0.011719 0.019531
0 0.742188 0.474609 0.015625 0.011719
0 0.755859 0.462891 0.011719 0.011719
0 0.761719 0.476562 0.015625 0.015625
0 0.773438 0.464844 0.015625 0.015625
0 0.781250 0.476562 0.015625 0.015625
0 0.791016 0.466797 0.011719 0.011719
0 0.798828 0.478516 0.011719 0.011719
0 0.810547 0.466797 0.011719 0.019531
0 0.818359 0.476562 0.011719 0.015625
0 0.828125 0.468750 0.015625 0.015625
0 0.835938 0.480469 0.015625 0.015625
0 0.845703 0.466797 0.011719 0.011719
0 0.855469 0.476562 0.015625 0.015625
0 0.863281 0.470703 0.015625 0.019531
0 0.871094 0.478516 0.015625 0.019531
0 0.880859 0.468750 0.011719 0.015625
0 0.892578 0.478516 0.011719 0.019531
0 0.902344 0.468750 0.007812 0.015625
0 0.910156 0.478516 0.015625 0.011719
0 0.917969 0.468750 0.015625 0.015625
0 0.931641 0.480469 0.011719 0.015625
0 0.939453 0.470703 0.011719 0.011719
0 0.947266 0.482422 0.011719 0.011719
0 0.958984 0.470703 0.011719 0.011719
0 0.964844 0.484375 0.015625 0.015625
0 0.976562 0.476562 0.015625 0.015625
0 0.982422 0.484375 0.011719 0.015625
0 0.728516 0.419922 0.011719 0.011719
0 0.738281 0.431641 0.015625 0.019531
0 0.748047 0.423828 0.011719 0.019531
0 0.755859 0.433594 0.011719 0.015625
0 0.767578 0.421875 0.011719 0.015625
0 0.775391 0.431641 0.011719 0.011719
0 0.785156 0.421875 0.015625 0.015625
0 0.794922 0.433594 0.011719 0.015625
0 0.802734 0.423828 0.011719 0.019531
0 0.812500 0.433594 0.007812 0.015625
0 0.822266 0.419922 0.011719 0.019531
0 0.832031 0.433594 0.015625 0.015625
0 0.839844 0.421875 0.015625 0.015625
0 0.849609 0.433594 0.011719 0.015625
0 0.861328 0.425781 0.011719 0.015625
0 0.869141 0.435547 0.011719 0.019531
0 0.876953 0.425781 0.011719 0.015625
0 0.886719 0.437500 0.007812 0.015625
0 0.896484 0.425781 0.011719 0.015625
0 0.902344 0.437500 0.015625 0.015625
0 0.916016 0.423828 0.011719 0.011719
0 0.921875 0.437500 0.015625 0.015625
0 0.935547 0.423828 0.011719 0.011719
0 0.943359 0.435547 0.011719 0.011719
0 0.951172 0.427734 0.011719 0.011719
0 0.958984 0.435547 0.011719 0.011719
0 0.968750 0.427734 0.015625 0.011719
0 0.978516 0.439453 0.011719 0.019531
0 0.025391 0.443359 0.019531 0.019531
0 0.050781 0.443359 0.015625 0.019531
0 0.070312 0.449219 0.015625 0.023438
0 0.093750 0.447266 0.023438 0.019531
0 0.119141 0.445312 0.019531 0.023438
0 0.138672 0.445312 0.019531 0.023438
0 0.160156 0.445312 0.015625 0.023438
0 0.205078 0.449219 0.019531 0.023438
0 0.226562 0.449219 0.015625 0.023438
0 0.244141 0.451172 0.019531 0.019531
0 0.289062 0.451172 0.015625 0.019531
0 0.314453 0.451172 0.019531 0.019531
0 0.337891 0.449219 0.019531 0.015625
0 0.357422 0.453125 0.019531 0.023438
0 0.378906 0.455078 0.015625 0.019531
0 0.402344 0.455078 0.023438 0.019531
0 0.425781 0.457031 0.015625 0.023438
0 0.445312 0.455078 0.015625 0.019531
0 0.466797 0.458984 0.019531 0.019531
0 0.486328 0.455078 0.019531 0.019531
0 0.634766 0.326172 0.019531 0.019531
0 0.662109 0.326172 0.019531 0.019531
0 0.689453 0.330078 0.019531 0.019531
0 0.718750 0.333984 0.015625 0.019531
0 0.748047 0.335938 0.019531 0.015625
0 0.775391 0.339844 0.019531 0.015625
0 0.802734 0.339844 0.019531 0.015625
0 0.830078 0.343750 0.019531 0.015625
0 0.857422 0.345703 0.019531 0.019531
0 0.878906 0.351562 0.015625 0.015625
0 0.910156 0.351562 0.023438 0.015625
0 0.960938 0.351562 0.015625 0.015625
0 0.994141 0.296875 0.011719 0.015625
0 0.966797 0.292969 0.019531 0.015625
0 0.984375 0.277344 0.015625 0.023438
0 0.958984 0.273438 0.019531 0.015625
0 0.943359 0.289062 0.019531 0.015625
0 0.929688 0.275391 0.015625 0.019531
0 0.916016 0.291016 0.011719 0.019531
0 0.902344 0.277344 0.015625 0.015625
0 0.886719 0.291016 0.015625 0.011719
0 0.873047 0.275391 0.019531 0.011719
0 0.859375 0.291016 0.015625 0.011719
0 0.843750 0.269531 0.015625 0.015625
0 0.832031 0.287109 0.023438 0.011719
0 0.814453 0.269531 0.019531 0.015625
0 0.792969 0.269531 0.015625 0.015625
0 0.802734 0.287109 0.019531 0.011719
0 0.775391 0.285156 0.019531 0.015625
0 0.763672 0.265625 0.019531 0.015625
0 0.744141 0.285156 0.019531 0.015625
0 0.716797 0.281250 0.019531 0.015625
0 0.734375 0.267578 0.015625 0.019531
0 0.705078 0.267578 0.019531 0.011719
0 0.677734 0.263672 0.019531 0.019531
0 0.648438 0.263672 0.015625 0.019531
0 0.623047 0.265625 0.019531 0.015625
0 0.593750 0.265625 0.023438 0.015625
0 0.578125 0.273438 0.015625 0.015625
0 0.566406 0.259766 0.023438 0.019531
0 0.962891 0.203125 0.019531 0.031250
0 0.931641 0.197266 0.019531 0.027344
0 0.896484 0.195312 0.019531 0.023438
0 0.869141 0.191406 0.019531 0.023438
0 0.837891 0.191406 0.019531 0.023438
0 0.798828 0.191406 0.019531 0.023438
0 0.767578 0.185547 0.019531 0.019531
0 0.730469 0.185547 0.023438 0.019531
0 0.697266 0.185547 0.019531 0.019531
0 0.664062 0.183594 0.023438 0.023438
0 0.630859 0.181641 0.019531 0.027344
0 0.595703 0.181641 0.019531 0.027344
0 0.564453 0.179688 0.019531 0.023438
0 0.529297 0.177734 0.019531 0.027344
0 0.494141 0.177734 0.019531 0.027344
0 0.462891 0.173828 0.019531 0.027344
0 0.980469 0.140625 0.023438 0.023438
0 0.966797 0.123047 0.019531 0.019531
0 0.949219 0.140625 0.015625 0.023438
0 0.937500 0.125000 0.015625 0.023438
0 0.917969 0.136719 0.015625 0.023438
0 0.904297 0.121094 0.019531 0.023438
0 0.886719 0.136719 0.015625 0.023438
0 0.873047 0.119141 0.019531 0.019531
0 0.855469 0.130859 0.015625 0.019531
0 0.839844 0.117188 0.015625 0.023438
0 0.824219 0.138672 0.015625 0.019531
0 0.806641 0.117188 0.019531 0.015625
0 0.759766 0.126953 0.019531 0.027344
0 0.740234 0.107422 0.019531 0.027344
0 0.724609 0.125000 0.019531 0.023438
0 0.708984 0.105469 0.019531 0.023438
0 0.691406 0.123047 0.023438 0.027344
0 0.673828 0.107422 0.019531 0.019531
0 0.654297 0.121094 0.019531 0.023438
0 0.638672 0.103516 0.019531 0.019531
0 0.625000 0.119141 0.015625 0.027344
0 0.607422 0.103516 0.019531 0.027344
0 0.589844 0.121094 0.023438 0.031250
0 0.572266 0.099609 0.019531 0.027344
0 0.552734 0.117188 0.019531 0.023438
0 0.537109 0.097656 0.019531 0.023438
0 0.521484 0.115234 0.019531 0.019531
0 0.505859 0.091797 0.027344 0.027344
0 0.488281 0.117188 0.023438 0.023438
0 0.470703 0.093750 0.019531 0.015625
0 0.437500 0.093750 0.023438 0.023438
0 0.457031 0.115234 0.023438 0.027344
0 0.419922 0.111328 0.019531 0.027344
0 0.404297 0.089844 0.019531 0.031250
0 0.988281 0.062500 0.023438 0.023438
0 0.957031 0.062500 0.023438 0.031250
0 0.921875 0.058594 0.015625 0.023438
0 0.892578 0.060547 0.019531 0.027344
0 0.726562 0.046875 0.015625 0.023438
0 0.708984 0.019531 0.019531 0.015625
0 0.693359 0.046875 0.019531 0.015625
0 0.677734 0.021484 0.019531 0.019531
0 0.658203 0.041016 0.019531 0.019531
0 0.644531 0.023438 0.023438 0.023438
0 0.609375 0.021484 0.023438 0.019531
0 0.626953 0.041016 0.019531 0.019531
0 0.587891 0.039062 0.019531 0.023438
0 0.558594 0.037109 0.023438 0.019531
0 0.542969 0.017578 0.015625 0.019531
0 0.523438 0.037109 0.023438 0.019531
0 0.509766 0.017578 0.019531 0.027344
0 0.494141 0.033203 0.011719 0.019531
0 0.476562 0.013672 0.015625 0.019531
0 0.455078 0.035156 0.019531 0.023438
0 0.439453 0.013672 0.019531 0.019531
0 0.421875 0.031250 0.023438 0.015625
0 0.408203 0.013672 0.019531 0.019531
0 0.390625 0.033203 0.023438 0.019531
0 0.375000 0.013672 0.015625 0.019531
0 0.343750 0.011719 0.015625 0.015625
0 0.324219 0.027344 0.015625 0.023438
0 0.359375 0.031250 0.023438 0.023438
0 0.087891 0.185547 0.027344 0.019531
0 0.138672 0.187500 0.019531 0.023438
0 0.216797 0.189453 0.019531 0.019531
0 0.240234 0.193359 0.019531 0.019531
0 0.267578 0.189453 0.019531 0.019531
0 0.292969 0.189453 0.023438 0.019531
0 0.343750 0.189453 0.023438 0.019531
0 0.066406 0.677734 0.031250 0.019531
0 0.115234 0.679688 0.027344 0.023438
0 0.162109 0.681641 0.035156 0.019531
0 0.208984 0.681641 0.019531 0.019531
0 0.078125 0.726562 0.015625 0.015625
0 0.115234 0.726562 0.011719 0.015625
0 0.166016 0.726562 0.011719 0.015625
0 0.130859 0.779297 0.011719 0.019531
0 0.166016 0.833984 0.011719 0.019531
0 0.107422 0.878906 0.019531 0.015625
0 0.210938 0.738281 0.015625 0.015625
0 0.255859 0.726562 0.011719 0.015625
0 0.228516 0.740234 0.011719 0.019531
0 0.244141 0.742188 0.011719 0.015625
0 0.273438 0.728516 0.015625 0.019531
0 0.291016 0.728516 0.011719 0.019531
0 0.333984 0.744141 0.019531 0.019531
0 0.341797 0.736328 0.011719 0.019531
0 0.363281 0.736328 0.015625 0.019531
0 0.203125 0.835938 0.015625 0.015625
0 0.220703 0.835938 0.011719 0.015625
0 0.255859 0.835938 0.011719 0.015625
0 0.291016 0.837891 0.011719 0.019531
0 0.310547 0.837891 0.011719 0.019531
0 0.316406 0.794922 0.015625 0.019531
0 0.179688 0.783203 0.023438 0.019531
0 0.222656 0.783203 0.015625 0.019531
0 0.207031 0.791016 0.023438 0.019531
0 0.238281 0.785156 0.015625 0.023438
0 0.253906 0.785156 0.015625 0.023438
0 0.271484 0.789062 0.011719 0.023438
0 0.289062 0.783203 0.015625 0.019531
0 0.414062 0.734375 0.015625 0.023438
0 0.396484 0.935547 0.019531 0.019531
0 0.416016 0.937500 0.019531 0.023438
0 0.658203 0.962891 0.019531 0.019531
0 0.673828 0.960938 0.011719 0.023438
0 0.464844 0.734375 0.015625 0.015625
0 0.472656 0.748047 0.015625 0.019531
0 0.492188 0.748047 0.023438 0.019531
