2 0.126953 0.119141 0.078125 0.097656
2 0.380859 0.118164 0.078125 0.095703
2 0.627930 0.122070 0.060547 0.080078
2 0.877930 0.120117 0.072266 0.080078
2 0.128906 0.373047 0.074219 0.074219
2 0.384766 0.375000 0.085938 0.074219
2 0.627930 0.375977 0.083984 0.068359
2 0.878906 0.375000 0.089844 0.070312
2 0.127930 0.623047 0.083984 0.058594
2 0.377930 0.625977 0.091797 0.052734
2 0.622070 0.626953 0.080078 0.039062
2 0.870117 0.627930 0.087891 0.037109
2 0.121094 0.877930 0.082031 0.033203
2 0.373047 0.875000 0.089844 0.050781
2 0.622070 0.875000 0.087891 0.050781
2 0.869141 0.879883 0.074219 0.044922
