1 0.664062 0.094727 0.066406 0.064453
4 0.983398 0.016602 0.044922 0.041016
4 0.851562 0.009766 0.039062 0.042969
4 0.884766 0.028320 0.039062 0.041016
4 0.924805 0.042969 0.033203 0.035156
4 0.973633 0.059570 0.037109 0.041016
4 0.818359 0.097656 0.039062 0.046875
4 0.809570 0.139648 0.037109 0.041016
4 0.864258 0.111328 0.044922 0.050781
4 0.853516 0.156250 0.042969 0.050781
4 0.883789 0.169922 0.037109 0.039062
4 0.897461 0.122070 0.044922 0.048828
4 0.951172 0.148438 0.042969 0.042969
4 0.937500 0.192383 0.050781 0.041016
4 0.986328 0.160156 0.039062 0.046875
4 0.977539 0.211914 0.048828 0.048828
