4 0.052734 0.589844 0.097656 0.125000
4 0.041016 0.833984 0.074219 0.113281
4 0.130859 0.724609 0.105469 0.121094
4 0.119141 0.953125 0.097656 0.093750
4 0.220703 0.857422 0.105469 0.121094
4 0.126953 0.060547 0.105469 0.113281
4 0.105469 0.296875 0.101562 0.125000
4 0.218750 0.189453 0.093750 0.121094
4 0.195312 0.439453 0.109375 0.128906
4 0.304688 0.330078 0.109375 0.128906
4 0.287109 0.578125 0.105469 0.125000
4 0.394531 0.466797 0.101562 0.121094
4 0.371094 0.707031 0.109375 0.125000
4 0.486328 0.593750 0.097656 0.117188
4 0.472656 0.847656 0.093750 0.140625
4 0.576172 0.732422 0.113281 0.136719
4 0.546875 0.955078 0.109375 0.089844
4 0.664062 0.871094 0.109375 0.125000
