2 0.939453 0.352539 0.109375 0.095703
2 0.875000 0.407227 0.113281 0.095703
2 0.941406 0.535156 0.113281 0.105469
2 0.776367 0.556641 0.130859 0.105469
2 0.881836 0.642578 0.123047 0.101562
2 0.760742 0.639648 0.115234 0.095703
2 0.822266 0.762695 0.121094 0.103516
2 0.775391 0.885742 0.117188 0.103516
2 0.668945 0.799805 0.130859 0.107422
2 0.084961 0.500000 0.169922 0.156250
2 0.146484 0.424805 0.183594 0.162109
2 0.672852 0.234375 0.142578 0.125000
2 0.701172 0.162109 0.117188 0.097656
2 0.731445 0.100586 0.115234 0.095703
2 0.755859 0.056641 0.125000 0.113281
