4 0.957031 0.685547 0.085938 0.105469
4 0.945312 0.585938 0.109375 0.109375
4 0.861328 0.703125 0.128906 0.093750
4 0.837891 0.599609 0.144531 0.113281
4 0.542969 0.892578 0.132812 0.089844
4 0.638672 0.832031 0.128906 0.085938
4 0.621094 0.740234 0.132812 0.089844
4 0.523438 0.804688 0.132812 0.093750
4 0.501953 0.710938 0.128906 0.093750
4 0.076172 0.537109 0.082031 0.097656
4 0.160156 0.539062 0.085938 0.101562
4 0.330078 0.500000 0.089844 0.085938
4 0.292969 0.341797 0.101562 0.066406
4 0.318359 0.410156 0.074219 0.070312
4 0.103516 0.367188 0.105469 0.085938
4 0.189453 0.363281 0.082031 0.085938
1 0.486328 0.013672 0.402344 0.019531
