0 0.636161 0.256696 0.084821 0.066964
0 0.575893 0.310268 0.071429 0.066964
0 0.658482 0.312500 0.075893 0.053571
0 0.712054 0.254464 0.058036 0.053571
0 0.741071 0.305804 0.071429 0.066964
0 0.781250 0.258929 0.053571 0.062500
0 0.819196 0.308036 0.066964 0.062500
0 0.863839 0.263393 0.058036 0.062500
0 0.899554 0.308036 0.058036 0.062500
0 0.299107 0.455357 0.071429 0.071429
0 0.261161 0.513393 0.075893 0.053571
0 0.345982 0.515625 0.075893 0.049107
0 0.388393 0.462054 0.053571 0.058036
0 0.433036 0.513393 0.062500 0.062500
0 0.473214 0.453125 0.071429 0.058036
0 0.511161 0.511161 0.058036 0.058036
0 0.540179 0.448661 0.071429 0.058036
0 0.575893 0.511161 0.062500 0.058036
0 0.613839 0.455357 0.058036 0.062500
0 0.656250 0.511161 0.062500 0.058036
0 0.700893 0.457589 0.062500 0.049107
0 0.734375 0.506696 0.066964 0.058036
0 0.776786 0.448661 0.062500 0.049107
0 0.821429 0.500000 0.044643 0.053571
0 0.857143 0.455357 0.062500 0.044643
0 0.879464 0.500000 0.062500 0.062500
0 0.919643 0.459821 0.053571 0.053571
0 0.957589 0.497768 0.058036 0.058036
0 0.042411 0.662946 0.066964 0.058036
0 0.073661 0.714286 0.058036 0.062500
0 0.120536 0.667411 0.053571 0.058036
0 0.156250 0.716518 0.053571 0.058036
0 0.189732 0.665179 0.049107 0.053571
0 0.227679 0.712054 0.053571 0.066964
0 0.274554 0.662946 0.058036 0.058036
0 0.312500 0.712054 0.053571 0.058036
0 0.354911 0.667411 0.049107 0.058036
0 0.381696 0.714286 0.049107 0.053571
0 0.426339 0.667411 0.058036 0.058036
0 0.459821 0.716518 0.071429 0.058036
0 0.513393 0.660714 0.062500 0.053571
0 0.544643 0.712054 0.062500 0.058036
0 0.582589 0.662946 0.058036 0.066964
0 0.622768 0.716518 0.058036 0.058036
0 0.656250 0.660714 0.053571 0.062500
0 0.698661 0.709821 0.058036 0.062500
0 0.741071 0.665179 0.053571 0.062500
0 0.774554 0.707589 0.058036 0.066964
0 0.819196 0.662946 0.058036 0.066964
0 0.850446 0.712054 0.049107 0.058036
0 0.892857 0.662946 0.053571 0.058036
0 0.924107 0.705357 0.062500 0.071429
0 0.975446 0.662946 0.058036 0.066964
0 0.073661 0.979911 0.058036 0.084821
0 0.176339 0.977679 0.058036 0.080357
0 0.272321 0.977679 0.062500 0.089286
0 0.377232 0.977679 0.058036 0.080357
0 0.475446 0.977679 0.066964 0.080357
0 0.575893 0.973214 0.062500 0.080357
0 0.671875 0.968750 0.066964 0.080357
0 0.772321 0.962054 0.044643 0.075893
0 0.875000 0.968750 0.062500 0.080357
0 0.979911 0.964286 0.058036 0.089286
