1 0.211875 0.994375 0.013750 0.011250
1 0.241250 0.681250 0.015000 0.025000
1 0.282500 0.673750 0.015000 0.017500
1 0.301250 0.811875 0.012500 0.021250
1 0.329375 0.808125 0.008750 0.021250
1 0.298125 0.907500 0.008750 0.022500
1 0.241250 0.720000 0.012500 0.025000
1 0.286250 0.841250 0.010000 0.022500
1 0.321250 0.844375 0.012500 0.026250
1 0.010000 0.125000 0.020000 0.037500
1 0.122500 0.618750 0.015000 0.017500
1 0.391250 0.956250 0.020000 0.042500
1 0.125000 0.610625 0.020000 0.023750
1 0.144375 0.364375 0.041250 0.058750
1 0.179375 0.425625 0.043750 0.063750
1 0.375000 0.875000 0.025000 0.010000
1 0.337500 0.981875 0.010000 0.028750
1 0.004375 0.435625 0.008750 0.021250
1 0.088125 0.530625 0.016250 0.018750
1 0.008750 0.455000 0.012500 0.020000
1 0.073750 0.539375 0.015000 0.018750
1 0.158750 0.846250 0.020000 0.037500
1 0.136250 0.606250 0.022500 0.020000
1 0.188750 0.906250 0.022500 0.025000
1 0.143750 0.603125 0.020000 0.023750
1 0.211875 0.480000 0.036250 0.045000
1 0.355000 0.713125 0.010000 0.018750
1 0.327500 0.985000 0.010000 0.022500
1 0.375000 0.760625 0.010000 0.028750
1 0.043125 0.426875 0.021250 0.021250
1 0.098125 0.563750 0.013750 0.025000
1 0.072500 0.451250 0.017500 0.020000
1 0.088125 0.588750 0.018750 0.020000
1 0.325000 0.909375 0.010000 0.021250
1 0.290000 0.937500 0.007500 0.025000
1 0.216250 0.630000 0.017500 0.025000
1 0.286250 0.698125 0.012500 0.018750
1 0.166875 0.674375 0.018750 0.021250
1 0.263750 0.753125 0.012500 0.023750
1 0.285000 0.874375 0.010000 0.026250
1 0.043125 0.190625 0.038750 0.056250
1 0.331250 0.871250 0.012500 0.037500
1 0.076250 0.248750 0.040000 0.057500
1 0.328750 0.944375 0.007500 0.021250
1 0.353750 0.917500 0.007500 0.032500
1 0.247500 0.653125 0.012500 0.026250
1 0.315625 0.742500 0.008750 0.020000
1 0.161250 0.715000 0.017500 0.027500
1 0.283125 0.783125 0.008750 0.023750
1 0.110625 0.308125 0.038750 0.056250
1 0.326875 0.653750 0.026250 0.050000
1 0.256250 0.536250 0.022500 0.025000
1 0.383125 0.786875 0.011250 0.026250
1 0.377500 0.820000 0.017500 0.037500
1 0.095000 0.515625 0.015000 0.018750
1 0.079375 0.641250 0.016250 0.020000
1 0.101875 0.648125 0.021250 0.036250
1 0.029375 0.485625 0.016250 0.016250
1 0.331875 0.693750 0.008750 0.017500
1 0.021250 0.489375 0.020000 0.018750
1 0.341875 0.691875 0.013750 0.018750
1 0.388125 0.856250 0.016250 0.032500
1 0.371875 0.866250 0.021250 0.007500
1 0.067500 0.507500 0.020000 0.022500
1 0.129375 0.680000 0.016250 0.022500
1 0.005625 0.475000 0.011250 0.017500
1 0.044375 0.525625 0.011250 0.013750
1 0.279375 0.978125 0.008750 0.026250
