2 0.500977 0.500977 0.099609 0.048828
2 0.212891 0.960938 0.113281 0.042969
2 0.241211 0.891602 0.119141 0.044922
2 0.279297 0.823242 0.125000 0.052734
2 0.376953 0.683594 0.117188 0.058594
2 0.434570 0.620117 0.087891 0.041016
2 0.347656 0.754883 0.089844 0.052734
2 0.029297 0.735352 0.058594 0.091797
2 0.063477 0.680664 0.068359 0.091797
2 0.106445 0.602539 0.080078 0.119141
2 0.147461 0.535156 0.064453 0.089844
2 0.188477 0.473633 0.064453 0.099609
2 0.229492 0.420898 0.056641 0.091797
2 0.567383 0.362305 0.087891 0.052734
