4 0.097656 0.910156 0.085938 0.109375
4 0.183594 0.818359 0.101562 0.113281
4 0.865234 0.957031 0.121094 0.085938
4 0.845703 0.810547 0.113281 0.128906
4 0.585938 0.726562 0.085938 0.101562
4 0.685547 0.708984 0.082031 0.097656
4 0.667969 0.589844 0.093750 0.101562
4 0.568359 0.607422 0.089844 0.105469
4 0.062500 0.595703 0.117188 0.113281
4 0.150391 0.472656 0.113281 0.140625
4 0.316406 0.501953 0.101562 0.121094
4 0.421875 0.486328 0.085938 0.113281
4 0.527344 0.466797 0.093750 0.113281
4 0.623047 0.443359 0.097656 0.113281
4 0.111328 0.302734 0.097656 0.097656
4 0.220703 0.312500 0.082031 0.101562
4 0.373047 0.322266 0.113281 0.097656
4 0.494141 0.300781 0.097656 0.093750
4 0.630859 0.287109 0.121094 0.113281
4 0.107422 0.185547 0.097656 0.113281
4 0.220703 0.187500 0.089844 0.117188
4 0.357422 0.197266 0.097656 0.097656
4 0.482422 0.177734 0.105469 0.113281
4 0.597656 0.158203 0.101562 0.105469
