4 0.046875 0.330078 0.058594 0.054688
4 0.059570 0.258789 0.052734 0.052734
4 0.118164 0.303711 0.056641 0.056641
4 0.138672 0.234375 0.070312 0.058594
4 0.075195 0.190430 0.052734 0.052734
4 0.142578 0.166992 0.054688 0.052734
4 0.189453 0.487305 0.046875 0.048828
4 0.244141 0.497070 0.046875 0.044922
4 0.296875 0.504883 0.042969 0.044922
4 0.352539 0.511719 0.052734 0.042969
4 0.416992 0.549805 0.056641 0.052734
4 0.477539 0.524414 0.060547 0.052734
4 0.520508 0.574219 0.052734 0.054688
4 0.375000 0.605469 0.050781 0.042969
4 0.288086 0.573242 0.041016 0.041016
4 0.236328 0.570312 0.054688 0.050781
4 0.161133 0.552734 0.041016 0.042969
4 0.156250 0.603516 0.046875 0.042969
4 0.225586 0.614258 0.044922 0.044922
4 0.285156 0.623047 0.058594 0.050781
4 0.350586 0.651367 0.048828 0.044922
4 0.405273 0.668945 0.052734 0.048828
4 0.423828 0.625000 0.046875 0.046875
4 0.181641 0.374023 0.046875 0.048828
4 0.238281 0.381836 0.050781 0.041016
4 0.176758 0.424805 0.048828 0.044922
4 0.230469 0.428711 0.050781 0.044922
4 0.567383 0.263672 0.052734 0.058594
4 0.636719 0.291992 0.058594 0.060547
4 0.706055 0.320312 0.060547 0.054688
4 0.674805 0.384766 0.060547 0.058594
4 0.609375 0.357422 0.054688 0.058594
4 0.546875 0.324219 0.070312 0.058594
4 0.512695 0.390625 0.072266 0.054688
4 0.452148 0.410156 0.060547 0.046875
4 0.531250 0.462891 0.054688 0.050781
4 0.559570 0.410156 0.044922 0.058594
4 0.621094 0.438477 0.058594 0.052734
4 0.585938 0.483398 0.058594 0.048828
4 0.711914 0.024414 0.060547 0.060547
4 0.460938 0.021484 0.066406 0.058594
4 0.539062 0.047852 0.058594 0.060547
4 0.511719 0.112305 0.058594 0.060547
4 0.606445 0.076172 0.064453 0.058594
4 0.578125 0.140625 0.062500 0.050781
4 0.676758 0.107422 0.056641 0.062500
4 0.645508 0.172852 0.060547 0.060547
4 0.791016 0.078125 0.062500 0.062500
4 0.854492 0.105469 0.060547 0.050781
4 0.756836 0.142578 0.056641 0.058594
4 0.827148 0.169922 0.060547 0.058594
4 0.727539 0.207031 0.052734 0.054688
4 0.801758 0.233398 0.068359 0.060547
4 0.930664 0.209961 0.068359 0.060547
4 0.890625 0.272461 0.058594 0.056641
4 0.961914 0.305664 0.068359 0.060547
