4 0.009766 0.713867 0.046875 0.048828
4 0.064453 0.723633 0.046875 0.044922
4 0.117188 0.731445 0.042969 0.044922
4 0.172852 0.738281 0.052734 0.042969
4 0.237305 0.776367 0.056641 0.052734
4 0.297852 0.750977 0.060547 0.052734
4 0.340820 0.800781 0.052734 0.054688
4 0.195312 0.832031 0.050781 0.042969
4 0.108398 0.799805 0.041016 0.041016
4 0.056641 0.796875 0.054688 0.050781
4 0.045898 0.840820 0.044922 0.044922
4 0.105469 0.849609 0.058594 0.050781
4 0.170898 0.877930 0.048828 0.044922
4 0.225586 0.895508 0.052734 0.048828
4 0.244141 0.851562 0.046875 0.046875
4 0.058594 0.608398 0.050781 0.041016
4 0.050781 0.655273 0.050781 0.044922
4 0.387695 0.490234 0.052734 0.058594
4 0.457031 0.518555 0.058594 0.060547
4 0.526367 0.546875 0.060547 0.054688
4 0.495117 0.611328 0.060547 0.058594
4 0.429688 0.583984 0.054688 0.058594
4 0.367188 0.550781 0.070312 0.058594
4 0.333008 0.617188 0.072266 0.054688
4 0.272461 0.636719 0.060547 0.046875
4 0.351562 0.689453 0.054688 0.050781
4 0.379883 0.636719 0.044922 0.058594
4 0.441406 0.665039 0.058594 0.052734
4 0.406250 0.709961 0.058594 0.048828
4 0.266602 0.090820 0.064453 0.052734
4 0.333008 0.120117 0.056641 0.060547
4 0.428711 0.132812 0.064453 0.058594
4 0.495117 0.158203 0.056641 0.054688
4 0.563477 0.184570 0.056641 0.060547
4 0.532227 0.250977 0.060547 0.060547
4 0.463867 0.220703 0.056641 0.058594
4 0.399414 0.193359 0.056641 0.054688
4 0.310547 0.184570 0.074219 0.060547
4 0.239258 0.155273 0.072266 0.056641
4 0.207031 0.222656 0.074219 0.058594
4 0.281250 0.248047 0.066406 0.058594
4 0.359375 0.274414 0.058594 0.060547
4 0.332031 0.338867 0.058594 0.060547
4 0.426758 0.302734 0.064453 0.058594
4 0.398438 0.367188 0.062500 0.050781
4 0.497070 0.333984 0.056641 0.062500
4 0.465820 0.399414 0.060547 0.060547
4 0.611328 0.304688 0.062500 0.062500
4 0.674805 0.332031 0.060547 0.050781
4 0.577148 0.369141 0.056641 0.058594
4 0.647461 0.396484 0.060547 0.058594
4 0.547852 0.433594 0.052734 0.054688
4 0.622070 0.459961 0.068359 0.060547
4 0.750977 0.436523 0.068359 0.060547
4 0.710938 0.499023 0.058594 0.056641
4 0.816406 0.463867 0.058594 0.060547
4 0.782227 0.532227 0.068359 0.060547
4 0.882812 0.495117 0.074219 0.056641
4 0.853516 0.558594 0.070312 0.062500
1 0.838867 0.790039 0.048828 0.048828
