2 0.123047 0.125000 0.082031 0.082031
2 0.371094 0.124023 0.082031 0.083984
2 0.622070 0.124023 0.080078 0.083984
2 0.871094 0.123047 0.078125 0.093750
2 0.124023 0.376953 0.056641 0.082031
2 0.373047 0.373047 0.062500 0.085938
2 0.624023 0.375000 0.052734 0.082031
2 0.874023 0.372070 0.044922 0.076172
2 0.121094 0.623047 0.035156 0.074219
2 0.371094 0.620117 0.050781 0.083984
2 0.620117 0.625977 0.056641 0.080078
2 0.872070 0.625977 0.068359 0.087891
2 0.125977 0.871094 0.080078 0.101562
2 0.373047 0.876953 0.097656 0.097656
2 0.625000 0.873047 0.089844 0.085938
2 0.873047 0.874023 0.093750 0.083984
