1 0.818500 0.849500 0.087000 0.299000
1 0.560500 0.884500 0.135000 0.205000
1 0.039500 0.688000 0.077000 0.216000
1 0.086500 0.228000 0.123000 0.270000
1 0.253000 0.819500 0.094000 0.305000
1 0.514000 0.617500 0.088000 0.275000
1 0.701500 0.515000 0.099000 0.340000
1 0.341000 0.579500 0.070000 0.281000
1 0.215000 0.453500 0.064000 0.287000
1 0.350000 0.184500 0.100000 0.205000
1 0.969000 0.333500 0.060000 0.187000
1 0.736500 0.254000 0.087000 0.170000
1 0.546000 0.085000 0.094000 0.168000
1 0.977500 0.082500 0.043000 0.163000
