4 0.927734 0.072266 0.113281 0.097656
4 0.917969 0.160156 0.093750 0.085938
4 0.914062 0.250000 0.109375 0.101562
4 0.769531 0.279297 0.125000 0.082031
4 0.771484 0.193359 0.121094 0.105469
4 0.777344 0.082031 0.132812 0.109375
4 0.785156 0.013672 0.117188 0.019531
4 0.671875 0.009766 0.109375 0.011719
4 0.664062 0.072266 0.109375 0.097656
4 0.650391 0.177734 0.113281 0.089844
4 0.646484 0.281250 0.121094 0.117188
4 0.546875 0.015625 0.132812 0.023438
4 0.537109 0.074219 0.144531 0.117188
4 0.527344 0.179688 0.125000 0.109375
4 0.521484 0.269531 0.121094 0.125000
4 0.412109 0.009766 0.113281 0.011719
4 0.392578 0.054688 0.113281 0.101562
4 0.390625 0.146484 0.101562 0.113281
4 0.291016 0.003906 0.121094 0.000000
4 0.277344 0.054688 0.117188 0.101562
4 0.277344 0.132812 0.117188 0.125000
4 0.130859 0.050781 0.113281 0.093750
4 0.033203 0.048828 0.058594 0.089844
