1 0.285156 0.533203 0.085938 0.066406
1 0.408203 0.457031 0.089844 0.101562
1 0.494141 0.523438 0.058594 0.062500
1 0.601562 0.421875 0.078125 0.078125
1 0.640625 0.517578 0.070312 0.058594
1 0.753906 0.539062 0.109375 0.085938
1 0.869141 0.613281 0.082031 0.078125
1 0.806641 0.740234 0.066406 0.074219
1 0.666016 0.671875 0.089844 0.078125
1 0.384766 0.701172 0.144531 0.066406
1 0.546875 0.804688 0.085938 0.085938
1 0.421875 0.828125 0.070312 0.085938
1 0.285156 0.947266 0.054688 0.097656
1 0.712891 0.957031 0.097656 0.078125
1 0.951172 0.884766 0.082031 0.074219
