4 0.205078 0.176758 0.070312 0.056641
4 0.277344 0.188477 0.062500 0.056641
4 0.112305 0.234375 0.064453 0.054688
4 0.187500 0.246094 0.066406 0.058594
4 0.265625 0.257812 0.074219 0.058594
4 0.099609 0.625977 0.074219 0.064453
4 0.174805 0.634766 0.068359 0.054688
4 0.263672 0.648438 0.062500 0.058594
4 0.333984 0.657227 0.062500 0.060547
4 0.429688 0.653320 0.046875 0.041016
4 0.429688 0.703125 0.058594 0.046875
4 0.421875 0.752930 0.054688 0.037109
4 0.408203 0.793945 0.050781 0.044922
4 0.326172 0.732422 0.066406 0.062500
4 0.260742 0.716797 0.064453 0.050781
4 0.166992 0.701172 0.068359 0.054688
4 0.091797 0.692383 0.078125 0.056641
4 0.073242 0.762695 0.076172 0.056641
4 0.142578 0.777344 0.050781 0.054688
4 0.242188 0.783203 0.066406 0.058594
4 0.321289 0.798828 0.068359 0.058594
