2 0.118164 0.125977 0.080078 0.041016
2 0.382812 0.129883 0.113281 0.041016
2 0.618164 0.131836 0.076172 0.037109
2 0.865234 0.127930 0.089844 0.044922
2 0.117188 0.375977 0.089844 0.060547
2 0.369141 0.375000 0.089844 0.062500
2 0.617188 0.375977 0.089844 0.068359
2 0.869141 0.376953 0.093750 0.078125
2 0.117188 0.625977 0.093750 0.080078
2 0.368164 0.625000 0.091797 0.085938
2 0.620117 0.625977 0.083984 0.080078
2 0.870117 0.622070 0.080078 0.083984
2 0.122070 0.876953 0.072266 0.078125
2 0.371094 0.871094 0.074219 0.085938
2 0.623047 0.875977 0.074219 0.083984
2 0.872070 0.871094 0.091797 0.085938
