4 0.190430 0.019531 0.060547 0.058594
4 0.263672 0.033203 0.062500 0.058594
4 0.100586 0.398438 0.064453 0.058594
4 0.174805 0.410156 0.060547 0.058594
4 0.269531 0.422852 0.058594 0.060547
4 0.339844 0.433594 0.054688 0.058594
4 0.086914 0.465820 0.064453 0.060547
4 0.164062 0.478516 0.062500 0.058594
4 0.257812 0.493164 0.058594 0.060547
4 0.330078 0.503906 0.058594 0.054688
4 0.076172 0.535156 0.058594 0.062500
4 0.144531 0.546875 0.050781 0.062500
4 0.243164 0.560547 0.060547 0.062500
4 0.316406 0.573242 0.062500 0.056641
