0 0.031250 0.283482 0.142857 0.191964
0 0.145089 0.426339 0.147321 0.183036
0 0.252232 0.283482 0.147321 0.191964
0 0.350446 0.439732 0.147321 0.200893
0 0.468750 0.283482 0.133929 0.183036
0 0.580357 0.433036 0.142857 0.187500
0 0.700893 0.299107 0.151786 0.196429
0 0.805804 0.428571 0.129464 0.178571
0 0.919643 0.283482 0.142857 0.191964
0 0.080357 0.912946 0.133929 0.200893
0 0.299107 0.899554 0.133929 0.183036
0 0.517857 0.908482 0.142857 0.183036
0 0.736607 0.899554 0.133929 0.191964
0 0.959821 0.892857 0.125000 0.196429
