4 0.039062 0.366211 0.070312 0.056641
4 0.076172 0.423828 0.058594 0.054688
4 0.126953 0.480469 0.066406 0.050781
4 0.200195 0.246094 0.056641 0.054688
4 0.212891 0.175781 0.058594 0.054688
4 0.295898 0.190430 0.060547 0.056641
4 0.362305 0.159180 0.056641 0.056641
4 0.439453 0.195312 0.062500 0.058594
4 0.505859 0.173828 0.054688 0.058594
4 0.488281 0.093750 0.062500 0.050781
4 0.413086 0.076172 0.056641 0.058594
4 0.339844 0.062500 0.062500 0.058594
4 0.114258 0.027344 0.064453 0.054688
4 0.515625 0.035156 0.050781 0.046875
