0 0.033482 0.662946 0.165179 0.183036
0 0.154018 0.488839 0.156250 0.200893
0 0.270089 0.667411 0.156250 0.183036
0 0.368304 0.488839 0.165179 0.200893
0 0.482143 0.674107 0.142857 0.205357
0 0.598214 0.497768 0.142857 0.209821
0 0.712054 0.667411 0.147321 0.191964
0 0.810268 0.484375 0.138393 0.200893
0 0.921875 0.676339 0.147321 0.191964
0 0.162946 0.035714 0.084821 0.178571
0 0.312500 0.049107 0.089286 0.178571
0 0.486607 0.055804 0.098214 0.165179
0 0.642857 0.040179 0.098214 0.196429
0 0.796875 0.055804 0.084821 0.174107
0 0.970982 0.055804 0.102679 0.165179
