1 0.080078 0.976562 0.035156 0.046875
1 0.259766 0.986328 0.089844 0.027344
1 0.275391 0.521484 0.035156 0.050781
1 0.058594 0.744141 0.031250 0.050781
1 0.041016 0.359375 0.042969 0.054688
1 0.093750 0.562500 0.031250 0.054688
1 0.126953 0.583984 0.027344 0.089844
1 0.476562 0.830078 0.054688 0.035156
1 0.357422 0.833984 0.058594 0.035156
1 0.480469 0.916016 0.054688 0.035156
1 0.398438 0.884766 0.062500 0.035156
1 0.580078 0.945312 0.058594 0.031250
1 0.724609 0.601562 0.042969 0.039062
1 0.496094 0.386719 0.046875 0.046875
