2 0.149414 0.116211 0.115234 0.052734
2 0.153320 0.348633 0.130859 0.056641
2 0.149414 0.263672 0.107422 0.050781
2 0.157227 0.463867 0.130859 0.044922
2 0.166016 0.633789 0.101562 0.048828
2 0.166016 0.568359 0.113281 0.062500
2 0.168945 0.779297 0.111328 0.054688
2 0.501953 0.958008 0.125000 0.048828
2 0.506836 0.898438 0.119141 0.046875
2 0.496094 0.834961 0.109375 0.052734
2 0.499023 0.755859 0.103516 0.058594
2 0.464844 0.561523 0.097656 0.044922
2 0.500000 0.500977 0.136719 0.060547
2 0.500000 0.363281 0.050781 0.089844
2 0.566406 0.356445 0.046875 0.103516
