2 0.932617 0.070312 0.095703 0.117188
2 0.798828 0.306641 0.093750 0.109375
2 0.850586 0.339844 0.091797 0.109375
2 0.915039 0.367188 0.099609 0.109375
2 0.731445 0.413086 0.095703 0.119141
2 0.787109 0.438477 0.089844 0.107422
2 0.852539 0.465820 0.091797 0.107422
2 0.915039 0.491211 0.095703 0.111328
2 0.390625 0.921875 0.128906 0.062500
2 0.347656 0.574219 0.089844 0.105469
2 0.412109 0.615234 0.089844 0.113281
2 0.477539 0.649414 0.083984 0.107422
2 0.530273 0.687500 0.072266 0.089844
2 0.887695 0.938477 0.091797 0.115234
2 0.944336 0.904297 0.087891 0.105469
