0 0.855469 0.617188 0.175781 0.152344
0 0.700195 0.632812 0.162109 0.136719
0 0.691406 0.845703 0.144531 0.121094
0 0.439453 0.853516 0.160156 0.125000
0 0.094727 0.864258 0.134766 0.111328
0 0.864258 0.839844 0.173828 0.121094
0 0.603516 0.094727 0.148438 0.177734
0 0.768555 0.084961 0.150391 0.181641
0 0.276367 0.113281 0.201172 0.175781
0 0.088867 0.106445 0.154297 0.162109
0 0.258789 0.872070 0.158203 0.166016
0 0.257812 0.650391 0.132812 0.101562
0 0.078125 0.666016 0.132812 0.125000
0 0.413086 0.656250 0.130859 0.128906
