2 0.122070 0.123047 0.068359 0.093750
2 0.374023 0.122070 0.064453 0.083984
2 0.623047 0.128906 0.066406 0.078125
2 0.874023 0.121094 0.056641 0.078125
2 0.121094 0.373047 0.066406 0.093750
2 0.376953 0.368164 0.062500 0.083984
2 0.623047 0.373047 0.074219 0.089844
2 0.876953 0.374023 0.074219 0.080078
2 0.124023 0.626953 0.076172 0.082031
2 0.377930 0.625000 0.083984 0.078125
2 0.622070 0.625977 0.083984 0.080078
2 0.871094 0.626953 0.082031 0.078125
2 0.123047 0.875977 0.093750 0.083984
2 0.374023 0.877930 0.095703 0.072266
2 0.621094 0.877930 0.093750 0.064453
2 0.874023 0.881836 0.072266 0.037109
