4 0.595703 0.832031 0.042969 0.039062
4 0.675781 0.828125 0.054688 0.039062
4 0.583984 0.763672 0.042969 0.035156
4 0.677734 0.759766 0.066406 0.042969
4 0.763672 0.826172 0.058594 0.042969
4 0.785156 0.740234 0.031250 0.027344
4 0.869141 0.851562 0.035156 0.023438
4 0.843750 0.814453 0.031250 0.019531
4 0.894531 0.814453 0.031250 0.019531
4 0.941406 0.814453 0.039062 0.027344
4 0.843750 0.779297 0.031250 0.027344
4 0.894531 0.777344 0.039062 0.023438
4 0.941406 0.775391 0.031250 0.027344
4 0.988281 0.812500 0.023438 0.023438
4 0.986328 0.775391 0.027344 0.027344
4 0.527344 0.056641 0.031250 0.019531
4 0.529297 0.031250 0.035156 0.023438
4 0.576172 0.021484 0.035156 0.035156
4 0.527344 0.003906 0.023438 0.015625
4 0.560547 0.001953 0.035156 0.011719
3 0.380859 0.570312 0.042969 0.015625
