1 0.656250 0.377500 0.010000 0.027500
1 0.695000 0.274375 0.020000 0.043750
1 0.646250 0.446250 0.027500 0.062500
1 0.608750 0.258750 0.025000 0.020000
1 0.628750 0.510625 0.017500 0.036250
1 0.592500 0.268125 0.025000 0.016250
1 0.615625 0.533750 0.011250 0.035000
1 0.650625 0.120625 0.036250 0.021250
1 0.601875 0.756250 0.026250 0.042500
1 0.896250 0.142500 0.022500 0.035000
1 0.605000 0.791875 0.012500 0.033750
1 0.623125 0.325000 0.046250 0.035000
1 0.760625 0.105000 0.038750 0.062500
1 0.705625 0.134375 0.033750 0.021250
1 0.635625 0.103750 0.033750 0.017500
