4 0.210938 0.056641 0.125000 0.105469
4 0.074219 0.105469 0.117188 0.109375
4 0.050781 0.574219 0.093750 0.109375
4 0.085938 0.708984 0.125000 0.105469
4 0.130859 0.839844 0.121094 0.109375
4 0.214844 0.964844 0.117188 0.070312
4 0.123047 0.236328 0.113281 0.113281
4 0.259766 0.189453 0.121094 0.105469
4 0.308594 0.320312 0.125000 0.101562
4 0.171875 0.369141 0.125000 0.105469
4 0.226562 0.505859 0.125000 0.105469
4 0.369141 0.457031 0.121094 0.117188
4 0.416016 0.593750 0.121094 0.117188
4 0.273438 0.638672 0.125000 0.105469
4 0.326172 0.773438 0.121094 0.109375
4 0.468750 0.724609 0.109375 0.097656
4 0.638672 0.677734 0.121094 0.105469
4 0.615234 0.816406 0.128906 0.109375
4 0.779297 0.701172 0.113281 0.113281
4 0.757812 0.837891 0.109375 0.105469
4 0.931641 0.728516 0.136719 0.113281
4 0.894531 0.859375 0.125000 0.109375
