1 0.764375 0.739375 0.016250 0.023750
1 0.765000 0.762500 0.015000 0.015000
1 0.791875 0.734375 0.018750 0.018750
1 0.780625 0.762500 0.021250 0.027500
1 0.969375 0.944375 0.016250 0.018750
1 0.463750 0.191875 0.017500 0.016250
1 0.538125 0.336875 0.018750 0.021250
1 0.658750 0.507500 0.015000 0.020000
1 0.791875 0.948750 0.023750 0.030000
1 0.641875 0.460000 0.021250 0.022500
1 0.690000 0.511875 0.015000 0.018750
1 0.814375 0.832500 0.018750 0.020000
1 0.846875 0.901250 0.013750 0.025000
1 0.844375 0.836875 0.018750 0.021250
1 0.865000 0.889375 0.012500 0.018750
1 0.555000 0.313125 0.022500 0.021250
1 0.486875 0.450625 0.016250 0.016250
1 0.966250 0.911250 0.015000 0.020000
1 0.615000 0.401250 0.012500 0.020000
1 0.889375 0.898125 0.016250 0.026250
1 0.571875 0.357500 0.016250 0.017500
1 0.893750 0.953125 0.017500 0.023750
1 0.603750 0.427500 0.012500 0.020000
1 0.821875 0.736875 0.018750 0.021250
1 0.824375 0.790625 0.016250 0.023750
1 0.852500 0.733125 0.020000 0.021250
1 0.880000 0.766875 0.012500 0.016250
1 0.665000 0.451875 0.020000 0.026250
1 0.650625 0.525000 0.018750 0.022500
1 0.619375 0.473750 0.021250 0.020000
1 0.454375 0.215625 0.018750 0.018750
1 0.545000 0.277500 0.015000 0.017500
1 0.906875 0.869375 0.016250 0.018750
1 0.858750 0.825625 0.017500 0.018750
1 0.923750 0.860000 0.017500 0.017500
1 0.738750 0.548125 0.025000 0.028750
1 0.743750 0.486250 0.020000 0.020000
1 0.741875 0.621875 0.016250 0.016250
1 0.655000 0.576875 0.015000 0.018750
1 0.741875 0.469375 0.016250 0.013750
1 0.773750 0.561250 0.012500 0.017500
1 0.951250 0.958125 0.017500 0.016250
1 0.753750 0.670000 0.022500 0.027500
1 0.816250 0.696250 0.020000 0.022500
1 0.942500 0.961875 0.025000 0.026250
1 0.462500 0.270000 0.025000 0.025000
1 0.491875 0.381250 0.013750 0.020000
1 0.823750 0.691250 0.010000 0.017500
1 0.659375 0.603750 0.018750 0.022500
1 0.848750 0.766250 0.017500 0.022500
1 0.788125 0.578125 0.011250 0.016250
1 0.589375 0.332500 0.018750 0.025000
1 0.694375 0.595625 0.023750 0.028750
1 0.838125 0.773125 0.016250 0.016250
1 0.771875 0.593125 0.018750 0.023750
1 0.770000 0.665000 0.012500 0.025000
1 0.830625 0.688750 0.013750 0.025000
1 0.822500 0.643125 0.017500 0.018750
1 0.854375 0.710000 0.016250 0.017500
1 0.901875 0.888750 0.013750 0.017500
1 0.590625 0.360000 0.013750 0.020000
1 0.915000 0.940000 0.015000 0.022500
1 0.598750 0.441875 0.017500 0.023750
1 0.926250 0.893125 0.012500 0.018750
1 0.409375 0.175000 0.021250 0.020000
1 0.596250 0.316875 0.015000 0.018750
1 0.620000 0.438750 0.015000 0.025000
1 0.811875 0.760000 0.016250 0.022500
1 0.880625 0.787500 0.013750 0.020000
1 0.876250 0.745625 0.012500 0.018750
1 0.870000 0.805000 0.015000 0.020000
1 0.612500 0.495000 0.020000 0.027500
1 0.676875 0.533125 0.023750 0.028750
1 0.638750 0.499375 0.020000 0.023750
1 0.658125 0.555625 0.018750 0.023750
1 0.863750 0.855625 0.015000 0.018750
1 0.875625 0.910000 0.013750 0.025000
1 0.830000 0.874375 0.015000 0.023750
1 0.935625 0.883750 0.011250 0.015000
1 0.586875 0.375625 0.018750 0.018750
1 0.937500 0.930625 0.017500 0.023750
1 0.637500 0.418125 0.020000 0.023750
1 0.915625 0.913750 0.016250 0.017500
1 0.626250 0.375000 0.012500 0.020000
1 0.954375 0.924375 0.013750 0.018750
1 0.633750 0.426250 0.012500 0.017500
1 0.651875 0.804375 0.016250 0.016250
1 0.845000 0.809375 0.017500 0.021250
1 0.507500 0.306875 0.022500 0.021250
1 0.826250 0.809375 0.020000 0.021250
1 0.643125 0.482500 0.021250 0.022500
1 0.704375 0.561250 0.021250 0.030000
1 0.661250 0.476250 0.017500 0.025000
1 0.843125 0.863750 0.023750 0.027500
1 0.710625 0.624375 0.018750 0.021250
1 0.903750 0.826250 0.022500 0.020000
1 0.796250 0.598750 0.012500 0.015000
1 0.742500 0.596250 0.012500 0.017500
1 0.796250 0.620625 0.017500 0.021250
1 0.835000 0.664375 0.015000 0.018750
1 0.528750 0.278750 0.022500 0.022500
1 0.816250 0.672500 0.012500 0.017500
1 0.764375 0.714375 0.016250 0.021250
1 0.497500 0.246250 0.017500 0.015000
1 0.536250 0.355625 0.017500 0.018750
1 0.726875 0.646875 0.023750 0.026250
1 0.730625 0.601250 0.016250 0.022500
1 0.931250 0.967500 0.015000 0.020000
1 0.724375 0.668750 0.021250 0.022500
1 0.748750 0.696875 0.020000 0.026250
1 0.718125 0.708125 0.011250 0.018750
1 0.785625 0.695000 0.016250 0.025000
1 0.731250 0.751875 0.022500 0.008750
1 0.380625 0.143125 0.026250 0.018750
1 0.556875 0.382500 0.013750 0.017500
1 0.576875 0.406875 0.016250 0.026250
1 0.638750 0.393750 0.017500 0.017500
1 0.895625 0.926250 0.016250 0.022500
1 0.948125 0.900625 0.016250 0.018750
1 0.778125 0.641250 0.016250 0.027500
1 0.768125 0.640625 0.016250 0.021250
1 0.882500 0.871250 0.017500 0.022500
1 0.876250 0.875000 0.017500 0.017500
1 0.801250 0.782500 0.017500 0.022500
1 0.795625 0.788125 0.016250 0.023750
1 0.678750 0.565625 0.017500 0.023750
1 0.675625 0.576250 0.011250 0.017500
