2 0.500977 0.108398 0.126953 0.068359
2 0.465820 0.230469 0.130859 0.066406
2 0.444336 0.289062 0.126953 0.066406
2 0.450195 0.350586 0.142578 0.072266
2 0.442383 0.477539 0.126953 0.072266
2 0.925781 0.525391 0.144531 0.078125
2 0.765625 0.454102 0.125000 0.064453
2 0.768555 0.393555 0.111328 0.056641
2 0.792969 0.328125 0.121094 0.054688
2 0.795898 0.266602 0.126953 0.064453
2 0.795898 0.205078 0.095703 0.050781
2 0.818359 0.080078 0.109375 0.046875
2 0.822266 0.022461 0.125000 0.037109
2 0.949219 0.272461 0.097656 0.064453
2 0.942383 0.336914 0.111328 0.064453
2 0.441406 0.615234 0.125000 0.109375
2 0.609375 0.727539 0.074219 0.130859
2 0.689453 0.766602 0.070312 0.099609
2 0.763672 0.767578 0.062500 0.089844
2 0.841797 0.780273 0.058594 0.087891
2 0.919922 0.783203 0.054688 0.089844
