4 0.083984 0.101562 0.105469 0.109375
4 0.933594 0.138672 0.125000 0.121094
4 0.748047 0.302734 0.105469 0.097656
4 0.863281 0.271484 0.117188 0.105469
4 0.960938 0.314453 0.078125 0.097656
4 0.908203 0.404297 0.097656 0.097656
4 0.800781 0.533203 0.117188 0.136719
4 0.876953 0.650391 0.121094 0.121094
4 0.679688 0.587891 0.109375 0.121094
4 0.593750 0.701172 0.093750 0.097656
4 0.548828 0.791016 0.089844 0.097656
4 0.656250 0.839844 0.109375 0.101562
4 0.687500 0.738281 0.101562 0.093750
4 0.546875 0.509766 0.101562 0.105469
4 0.437500 0.492188 0.093750 0.101562
4 0.419922 0.632812 0.082031 0.101562
4 0.417969 0.746094 0.109375 0.109375
4 0.324219 0.617188 0.109375 0.085938
4 0.306641 0.722656 0.097656 0.093750
4 0.164062 0.699219 0.093750 0.093750
4 0.175781 0.589844 0.085938 0.093750
4 0.228516 0.466797 0.097656 0.113281
4 0.335938 0.482422 0.093750 0.105469
