4 0.050781 0.669922 0.093750 0.128906
4 0.152344 0.558594 0.117188 0.125000
4 0.125000 0.802734 0.117188 0.121094
4 0.232422 0.693359 0.121094 0.128906
4 0.218750 0.935547 0.117188 0.128906
4 0.322266 0.820312 0.113281 0.132812
4 0.412109 0.947266 0.128906 0.105469
4 0.054688 0.312500 0.101562 0.140625
4 0.164062 0.109375 0.117188 0.125000
4 0.183594 0.285156 0.109375 0.140625
4 0.294922 0.169922 0.105469 0.144531
4 0.294922 0.410156 0.113281 0.117188
4 0.406250 0.300781 0.117188 0.140625
4 0.380859 0.542969 0.128906 0.132812
4 0.488281 0.435547 0.117188 0.121094
4 0.476562 0.671875 0.109375 0.132812
4 0.578125 0.558594 0.125000 0.117188
4 0.671875 0.708984 0.132812 0.121094
4 0.556641 0.808594 0.136719 0.132812
4 0.755859 0.835938 0.113281 0.132812
4 0.640625 0.939453 0.132812 0.121094
4 0.857422 0.951172 0.121094 0.097656
4 0.832031 0.136719 0.132812 0.125000
