2 0.117188 0.135742 0.054688 0.056641
2 0.373047 0.120117 0.062500 0.080078
2 0.629883 0.118164 0.076172 0.083984
2 0.870117 0.124023 0.052734 0.068359
2 0.126953 0.370117 0.078125 0.080078
2 0.370117 0.377930 0.060547 0.060547
2 0.622070 0.370117 0.072266 0.072266
2 0.872070 0.370117 0.080078 0.080078
2 0.124023 0.617188 0.080078 0.078125
2 0.377930 0.616211 0.087891 0.076172
2 0.625977 0.617188 0.087891 0.058594
2 0.878906 0.618164 0.089844 0.041016
2 0.126953 0.869141 0.093750 0.039062
2 0.375977 0.870117 0.103516 0.041016
2 0.626953 0.866211 0.093750 0.052734
2 0.875000 0.870117 0.089844 0.052734
