4 0.187500 0.019531 0.066406 0.058594
4 0.265625 0.031250 0.074219 0.058594
4 0.099609 0.399414 0.074219 0.064453
4 0.174805 0.408203 0.068359 0.054688
4 0.263672 0.421875 0.062500 0.058594
4 0.333984 0.430664 0.062500 0.060547
4 0.429688 0.426758 0.046875 0.041016
4 0.429688 0.476562 0.058594 0.046875
4 0.421875 0.526367 0.054688 0.037109
4 0.408203 0.567383 0.050781 0.044922
4 0.326172 0.505859 0.066406 0.062500
4 0.260742 0.490234 0.064453 0.050781
4 0.166992 0.474609 0.068359 0.054688
4 0.091797 0.465820 0.078125 0.056641
4 0.073242 0.536133 0.076172 0.056641
4 0.142578 0.550781 0.050781 0.054688
4 0.242188 0.556641 0.066406 0.058594
4 0.321289 0.572266 0.068359 0.058594
