2 0.123047 0.119141 0.085938 0.066406
2 0.374023 0.124023 0.087891 0.052734
2 0.623047 0.125000 0.089844 0.058594
2 0.869141 0.123047 0.074219 0.042969
2 0.122070 0.373047 0.076172 0.035156
2 0.369141 0.374023 0.085938 0.052734
2 0.618164 0.374023 0.095703 0.064453
2 0.868164 0.372070 0.087891 0.072266
2 0.114258 0.627930 0.076172 0.064453
2 0.364258 0.627930 0.076172 0.068359
2 0.616211 0.621094 0.064453 0.085938
2 0.870117 0.627930 0.048828 0.080078
2 0.123047 0.867188 0.054688 0.074219
2 0.372070 0.867188 0.068359 0.082031
2 0.623047 0.869141 0.078125 0.062500
2 0.872070 0.868164 0.076172 0.068359
