2 0.131836 0.135742 0.060547 0.068359
2 0.376953 0.134766 0.062500 0.074219
2 0.625000 0.138672 0.031250 0.046875
2 0.872070 0.127930 0.044922 0.072266
2 0.119141 0.381836 0.046875 0.080078
2 0.376953 0.379883 0.089844 0.099609
2 0.622070 0.384766 0.083984 0.089844
2 0.873047 0.374023 0.078125 0.099609
2 0.121094 0.622070 0.089844 0.099609
2 0.371094 0.626953 0.082031 0.082031
2 0.622070 0.624023 0.087891 0.080078
2 0.872070 0.626953 0.087891 0.074219
2 0.121094 0.877930 0.085938 0.072266
2 0.369141 0.874023 0.093750 0.064453
2 0.624023 0.875000 0.099609 0.066406
2 0.868164 0.876953 0.087891 0.046875
