0 0.359375 0.189732 0.147321 0.138393
0 0.234375 0.301339 0.147321 0.129464
0 0.370536 0.408482 0.133929 0.120536
0 0.236607 0.529018 0.142857 0.120536
0 0.363839 0.629464 0.147321 0.116071
0 0.243304 0.747768 0.138393 0.120536
0 0.370536 0.852679 0.142857 0.133929
0 0.241071 0.953125 0.125000 0.093750
0 0.897321 0.198661 0.142857 0.129464
0 0.761161 0.303571 0.138393 0.098214
0 0.899554 0.426339 0.138393 0.120536
0 0.763393 0.535714 0.142857 0.125000
0 0.897321 0.636161 0.142857 0.102679
0 0.776786 0.750000 0.142857 0.116071
0 0.901786 0.850446 0.142857 0.156250
0 0.781250 0.953125 0.133929 0.093750
