2 0.120117 0.126953 0.087891 0.039062
2 0.377930 0.125977 0.080078 0.044922
2 0.624023 0.125977 0.091797 0.060547
2 0.871094 0.126953 0.089844 0.062500
2 0.117188 0.376953 0.078125 0.058594
2 0.370117 0.375977 0.083984 0.064453
2 0.620117 0.371094 0.076172 0.074219
2 0.868164 0.377930 0.076172 0.076172
2 0.116211 0.624023 0.048828 0.068359
2 0.373047 0.635742 0.058594 0.083984
2 0.621094 0.637695 0.042969 0.076172
2 0.870117 0.627930 0.029297 0.072266
2 0.121094 0.877930 0.035156 0.076172
2 0.372070 0.879883 0.041016 0.076172
2 0.622070 0.880859 0.044922 0.062500
2 0.873047 0.874023 0.074219 0.091797
