2 0.500977 0.500000 0.126953 0.097656
2 0.560547 0.552734 0.113281 0.089844
2 0.597656 0.607422 0.128906 0.101562
2 0.635742 0.670898 0.126953 0.103516
2 0.672852 0.721680 0.123047 0.099609
2 0.722656 0.771484 0.125000 0.113281
2 0.750977 0.843750 0.142578 0.117188
2 0.811523 0.916992 0.123047 0.095703
2 0.258789 0.686523 0.123047 0.095703
2 0.303711 0.729492 0.119141 0.091797
2 0.124023 0.748047 0.115234 0.078125
2 0.168945 0.789062 0.123047 0.093750
2 0.206055 0.847656 0.130859 0.093750
2 0.245117 0.914062 0.126953 0.093750
2 0.278320 0.958984 0.134766 0.078125
2 0.437500 0.901367 0.121094 0.087891
