2 0.125000 0.121094 0.082031 0.082031
2 0.375000 0.117188 0.093750 0.093750
2 0.622070 0.115234 0.083984 0.082031
2 0.875000 0.118164 0.085938 0.080078
2 0.125000 0.369141 0.089844 0.070312
2 0.374023 0.369141 0.091797 0.074219
2 0.626953 0.370117 0.082031 0.056641
2 0.874023 0.372070 0.080078 0.048828
2 0.124023 0.621094 0.076172 0.042969
2 0.377930 0.622070 0.083984 0.037109
2 0.626953 0.621094 0.082031 0.042969
2 0.874023 0.619141 0.083984 0.054688
2 0.125977 0.872070 0.087891 0.056641
2 0.375977 0.872070 0.091797 0.064453
2 0.623047 0.871094 0.078125 0.074219
2 0.873047 0.873047 0.082031 0.078125
