2 0.125977 0.231445 0.076172 0.068359
2 0.236328 0.172852 0.121094 0.087891
2 0.452148 0.406250 0.166016 0.117188
2 0.500000 0.500977 0.156250 0.111328
2 0.364258 0.448242 0.115234 0.080078
2 0.268555 0.465820 0.119141 0.080078
2 0.215820 0.508789 0.083984 0.064453
2 0.271484 0.606445 0.097656 0.083984
2 0.130859 0.671875 0.125000 0.101562
2 0.202148 0.643555 0.060547 0.056641
2 0.333984 0.563477 0.085938 0.072266
2 0.399414 0.535156 0.107422 0.074219
2 0.802734 0.837891 0.136719 0.109375
2 0.706055 0.863281 0.126953 0.097656
2 0.611328 0.890625 0.093750 0.078125
2 0.588867 0.818359 0.103516 0.074219
2 0.644531 0.762695 0.171875 0.119141
2 0.467773 0.818359 0.134766 0.101562
2 0.554688 0.937500 0.113281 0.085938
2 0.328125 0.888672 0.136719 0.113281
2 0.184570 0.967773 0.099609 0.060547
