4 0.130859 0.875000 0.121094 0.109375
4 0.068359 0.097656 0.113281 0.109375
4 0.205078 0.150391 0.113281 0.121094
4 0.142578 0.283203 0.121094 0.121094
4 0.072266 0.449219 0.113281 0.125000
4 0.300781 0.390625 0.125000 0.125000
4 0.427734 0.445312 0.121094 0.101562
4 0.232422 0.519531 0.113281 0.117188
4 0.373047 0.574219 0.121094 0.117188
4 0.173828 0.648438 0.105469 0.109375
4 0.322266 0.701172 0.136719 0.121094
4 0.580078 0.654297 0.136719 0.121094
4 0.500000 0.779297 0.117188 0.113281
4 0.710938 0.708984 0.117188 0.121094
4 0.642578 0.845703 0.136719 0.121094
4 0.843750 0.771484 0.148438 0.113281
4 0.785156 0.898438 0.140625 0.125000
