1 0.351562 0.094727 0.066406 0.064453
4 0.670898 0.016602 0.044922 0.041016
4 0.715820 0.030273 0.044922 0.048828
4 0.539062 0.009766 0.039062 0.042969
4 0.572266 0.028320 0.039062 0.041016
4 0.612305 0.042969 0.033203 0.035156
4 0.661133 0.059570 0.037109 0.041016
4 0.698242 0.077148 0.037109 0.041016
4 0.505859 0.097656 0.039062 0.046875
4 0.497070 0.139648 0.037109 0.041016
4 0.551758 0.111328 0.044922 0.050781
4 0.541016 0.156250 0.042969 0.050781
4 0.571289 0.169922 0.037109 0.039062
4 0.584961 0.122070 0.044922 0.048828
4 0.638672 0.148438 0.042969 0.042969
4 0.625000 0.192383 0.050781 0.041016
4 0.673828 0.160156 0.039062 0.046875
4 0.715820 0.180664 0.037109 0.037109
4 0.665039 0.211914 0.048828 0.048828
4 0.706055 0.224609 0.044922 0.046875
