1 0.542969 0.150391 0.062500 0.082031
1 0.222656 0.205078 0.039062 0.113281
1 0.462891 0.347656 0.058594 0.046875
1 0.718750 0.500000 0.070312 0.039062
1 0.787109 0.623047 0.082031 0.050781
1 0.441406 0.568359 0.070312 0.042969
1 0.279297 0.462891 0.066406 0.050781
1 0.179688 0.671875 0.062500 0.031250
1 0.566406 0.814453 0.039062 0.058594
1 0.697266 0.853516 0.058594 0.050781
1 0.753906 0.884766 0.054688 0.042969
1 0.666016 0.742188 0.066406 0.031250
1 0.787109 0.750000 0.066406 0.039062
1 0.742188 0.777344 0.062500 0.046875
1 0.736328 0.732422 0.050781 0.027344
1 0.703125 0.935547 0.046875 0.027344
