1 0.403750 0.780625 0.032500 0.021250
1 0.151250 0.431250 0.022500 0.030000
1 0.387500 0.723125 0.020000 0.023750
1 0.251875 0.546250 0.026250 0.032500
1 0.526250 0.944375 0.032500 0.028750
1 0.325000 0.641250 0.017500 0.020000
1 0.241250 0.933125 0.037500 0.016250
1 0.394375 0.700625 0.033750 0.031250
1 0.226250 0.945000 0.050000 0.017500
1 0.520625 0.740000 0.028750 0.032500
1 0.612500 0.992500 0.025000 0.015000
1 0.397500 0.770625 0.025000 0.018750
1 0.156250 0.423750 0.027500 0.032500
1 0.122500 0.378125 0.032500 0.041250
1 0.045625 0.278750 0.031250 0.037500
