2 0.119141 0.122070 0.074219 0.037109
2 0.367188 0.121094 0.078125 0.039062
2 0.620117 0.121094 0.076172 0.042969
2 0.869141 0.122070 0.085938 0.052734
2 0.119141 0.374023 0.074219 0.076172
2 0.375977 0.380859 0.064453 0.070312
2 0.625000 0.379883 0.074219 0.083984
2 0.875000 0.376953 0.062500 0.074219
2 0.122070 0.626953 0.064453 0.078125
2 0.373047 0.628906 0.050781 0.058594
2 0.626953 0.637695 0.042969 0.041016
2 0.877930 0.634766 0.044922 0.042969
2 0.122070 0.888672 0.041016 0.039062
2 0.371094 0.885742 0.050781 0.052734
2 0.625000 0.881836 0.039062 0.048828
2 0.877930 0.876953 0.052734 0.066406
