0 0.312500 0.178571 0.151786 0.187500
0 0.430804 0.339286 0.147321 0.169643
0 0.537946 0.162946 0.138393 0.200893
0 0.647321 0.330357 0.125000 0.178571
0 0.758929 0.167411 0.151786 0.200893
0 0.863839 0.339286 0.138393 0.178571
0 0.964286 0.176339 0.151786 0.200893
0 0.296875 0.792411 0.156250 0.191964
0 0.408482 0.935268 0.147321 0.183036
0 0.531250 0.783482 0.142857 0.191964
0 0.645089 0.926339 0.147321 0.183036
0 0.752232 0.783482 0.147321 0.191964
0 0.850446 0.939732 0.147321 0.200893
0 0.968750 0.783482 0.133929 0.183036
