4 0.039062 0.975586 0.070312 0.056641
4 0.200195 0.855469 0.056641 0.054688
4 0.212891 0.785156 0.058594 0.054688
4 0.295898 0.799805 0.060547 0.056641
4 0.362305 0.768555 0.056641 0.056641
4 0.439453 0.804688 0.062500 0.058594
4 0.505859 0.783203 0.054688 0.058594
4 0.488281 0.703125 0.062500 0.050781
4 0.413086 0.685547 0.056641 0.058594
4 0.339844 0.671875 0.062500 0.058594
4 0.251953 0.585938 0.058594 0.058594
4 0.180664 0.610352 0.060547 0.056641
4 0.114258 0.636719 0.064453 0.054688
4 0.048828 0.608398 0.062500 0.052734
4 0.316406 0.546875 0.062500 0.054688
4 0.515625 0.644531 0.050781 0.046875
