2 0.294922 0.320312 0.101562 0.039062
2 0.457031 0.304688 0.097656 0.050781
2 0.349609 0.369141 0.101562 0.039062
2 0.344727 0.427734 0.126953 0.054688
2 0.482422 0.375000 0.109375 0.042969
2 0.493164 0.425781 0.099609 0.050781
2 0.345703 0.483398 0.109375 0.041016
2 0.500000 0.500977 0.117188 0.041016
2 0.350586 0.542969 0.095703 0.035156
2 0.497070 0.552734 0.095703 0.039062
2 0.329102 0.600586 0.103516 0.048828
2 0.472656 0.600586 0.093750 0.060547
2 0.324219 0.654297 0.109375 0.046875
2 0.482422 0.666992 0.097656 0.037109
2 0.323242 0.714844 0.099609 0.042969
2 0.479492 0.717773 0.103516 0.044922
2 0.322266 0.771484 0.109375 0.058594
2 0.486328 0.777344 0.105469 0.050781
2 0.336914 0.836914 0.123047 0.041016
2 0.475586 0.838867 0.095703 0.041016
2 0.327148 0.891602 0.099609 0.041016
2 0.474609 0.903320 0.085938 0.037109
2 0.491211 0.951172 0.119141 0.046875
2 0.334961 0.954102 0.123047 0.052734
2 0.877930 0.865234 0.103516 0.046875
2 0.865234 0.970703 0.113281 0.042969
