1 0.120117 0.041016 0.056641 0.035156
1 0.121094 0.335938 0.054688 0.027344
1 0.324219 0.187500 0.058594 0.023438
1 0.339844 0.346680 0.062500 0.044922
1 0.340820 0.452148 0.033203 0.033203
1 0.485352 0.479492 0.033203 0.021484
1 0.494141 0.375000 0.035156 0.031250
1 0.566406 0.422852 0.023438 0.029297
1 0.665039 0.402344 0.037109 0.015625
1 0.531250 0.130859 0.046875 0.015625
1 0.576172 0.007812 0.046875 0.027344
1 0.758789 0.119141 0.052734 0.046875
1 0.754883 0.253906 0.037109 0.015625
1 0.070312 0.870117 0.011719 0.044922
1 0.536133 0.941406 0.060547 0.042969
1 0.632812 0.928711 0.039062 0.033203
1 0.533203 0.973633 0.023438 0.025391
1 0.598633 0.961914 0.041016 0.033203
1 0.252930 0.741211 0.310547 0.181641
