4 0.666016 0.400391 0.128906 0.113281
4 0.847656 0.300781 0.132812 0.117188
4 0.556641 0.595703 0.105469 0.097656
4 0.480469 0.654297 0.109375 0.082031
4 0.398438 0.716797 0.093750 0.089844
4 0.630859 0.675781 0.089844 0.070312
4 0.597656 0.888672 0.117188 0.113281
4 0.494141 0.951172 0.152344 0.097656
4 0.326172 0.861328 0.160156 0.121094
4 0.455078 0.792969 0.082031 0.078125
4 0.546875 0.740234 0.101562 0.097656
4 0.119141 0.828125 0.136719 0.117188
4 0.189453 0.943359 0.113281 0.113281
1 0.109375 0.513672 0.210938 0.285156
