4 0.214844 0.050781 0.132812 0.093750
4 0.064453 0.085938 0.121094 0.109375
4 0.263672 0.173828 0.113281 0.113281
4 0.126953 0.222656 0.105469 0.117188
4 0.169922 0.355469 0.113281 0.109375
4 0.310547 0.300781 0.113281 0.109375
4 0.224609 0.480469 0.105469 0.117188
4 0.357422 0.435547 0.113281 0.113281
4 0.275391 0.621094 0.113281 0.117188
4 0.417969 0.572266 0.117188 0.105469
4 0.464844 0.703125 0.117188 0.109375
4 0.328125 0.755859 0.117188 0.105469
4 0.371094 0.888672 0.117188 0.121094
4 0.515625 0.837891 0.109375 0.105469
4 0.589844 0.958984 0.109375 0.082031
4 0.591797 0.058594 0.113281 0.109375
4 0.455078 0.103516 0.113281 0.113281
4 0.498047 0.232422 0.113281 0.113281
4 0.638672 0.185547 0.113281 0.105469
4 0.548828 0.363281 0.113281 0.117188
4 0.693359 0.316406 0.113281 0.117188
4 0.605469 0.507812 0.117188 0.101562
4 0.751953 0.457031 0.097656 0.109375
4 0.652344 0.636719 0.117188 0.117188
4 0.800781 0.595703 0.117188 0.113281
4 0.707031 0.767578 0.109375 0.113281
4 0.845703 0.722656 0.105469 0.109375
