0 0.053571 0.522321 0.080357 0.089286
0 0.055804 0.622768 0.075893 0.075893
0 0.051339 0.723214 0.075893 0.071429
0 0.042411 0.819196 0.075893 0.075893
0 0.046875 0.928571 0.084821 0.071429
0 0.305804 0.426339 0.075893 0.075893
0 0.236607 0.477679 0.080357 0.071429
0 0.236607 0.582589 0.080357 0.066964
0 0.301339 0.627232 0.075893 0.084821
0 0.229911 0.680804 0.075893 0.058036
0 0.301339 0.725446 0.075893 0.066964
0 0.227679 0.781250 0.089286 0.062500
0 0.305804 0.837054 0.066964 0.066964
0 0.223214 0.881696 0.098214 0.066964
0 0.301339 0.926339 0.075893 0.066964
0 0.223214 0.968750 0.089286 0.062500
0 0.566964 0.274554 0.080357 0.075893
0 0.500000 0.323661 0.080357 0.058036
0 0.564732 0.372768 0.084821 0.058036
0 0.504464 0.437500 0.080357 0.062500
0 0.571429 0.479911 0.089286 0.066964
0 0.493304 0.535714 0.084821 0.062500
0 0.562500 0.571429 0.080357 0.071429
0 0.495536 0.620536 0.089286 0.053571
0 0.555804 0.669643 0.075893 0.062500
0 0.486607 0.727679 0.089286 0.053571
0 0.558036 0.776786 0.071429 0.053571
0 0.491071 0.832589 0.080357 0.075893
0 0.562500 0.879464 0.071429 0.062500
0 0.486607 0.930804 0.080357 0.058036
0 0.555804 0.970982 0.075893 0.058036
0 0.745536 0.975446 0.089286 0.049107
0 0.819196 0.924107 0.084821 0.071429
0 0.754464 0.895089 0.080357 0.058036
0 0.816964 0.828125 0.071429 0.058036
0 0.825893 0.725446 0.071429 0.075893
0 0.763393 0.674107 0.071429 0.062500
0 0.823661 0.629464 0.084821 0.071429
0 0.761161 0.584821 0.075893 0.071429
0 0.823661 0.533482 0.084821 0.066964
0 0.758929 0.488839 0.080357 0.066964
0 0.758929 0.379464 0.080357 0.053571
0 0.832589 0.334821 0.084821 0.062500
0 0.767857 0.276786 0.089286 0.062500
