2 0.120117 0.123047 0.052734 0.066406
2 0.374023 0.127930 0.056641 0.068359
2 0.620117 0.131836 0.052734 0.060547
2 0.875000 0.128906 0.078125 0.078125
2 0.127930 0.376953 0.083984 0.082031
2 0.375977 0.375000 0.080078 0.078125
2 0.625977 0.375000 0.087891 0.070312
2 0.875000 0.378906 0.097656 0.074219
2 0.127930 0.625000 0.099609 0.074219
2 0.371094 0.626953 0.082031 0.058594
2 0.619141 0.629883 0.070312 0.044922
2 0.870117 0.626953 0.072266 0.050781
2 0.123047 0.880859 0.074219 0.046875
2 0.372070 0.880859 0.064453 0.023438
2 0.617188 0.879883 0.070312 0.029297
2 0.866211 0.883789 0.076172 0.044922
