4 0.267578 0.898438 0.035156 0.023438
4 0.324219 0.908203 0.039062 0.035156
4 0.341797 0.802734 0.042969 0.042969
4 0.212891 0.925781 0.027344 0.031250
4 0.181641 0.937500 0.027344 0.031250
4 0.271484 0.949219 0.027344 0.023438
4 0.281250 0.966797 0.031250 0.027344
4 0.193359 0.964844 0.027344 0.023438
4 0.224609 0.951172 0.035156 0.027344
4 0.236328 0.974609 0.035156 0.027344
4 0.138672 0.949219 0.027344 0.023438
4 0.152344 0.976562 0.039062 0.031250
4 0.332031 0.857422 0.031250 0.035156
4 0.275391 0.851562 0.035156 0.031250
