2 0.119141 0.118164 0.066406 0.080078
2 0.362305 0.116211 0.068359 0.068359
2 0.625977 0.125977 0.095703 0.087891
2 0.874023 0.124023 0.091797 0.087891
2 0.122070 0.374023 0.080078 0.083984
2 0.373047 0.375000 0.074219 0.085938
2 0.625977 0.380859 0.056641 0.070312
2 0.872070 0.379883 0.052734 0.072266
2 0.123047 0.625000 0.035156 0.078125
2 0.375000 0.633789 0.039062 0.052734
2 0.620117 0.630859 0.048828 0.070312
2 0.875977 0.623047 0.060547 0.085938
2 0.124023 0.872070 0.072266 0.087891
2 0.375977 0.873047 0.083984 0.093750
2 0.624023 0.876953 0.083984 0.093750
2 0.871094 0.874023 0.082031 0.091797
