2 0.665039 0.041016 0.134766 0.050781
2 0.818359 0.044922 0.136719 0.046875
2 0.841797 0.101562 0.164062 0.058594
2 0.691406 0.161133 0.121094 0.048828
2 0.861328 0.170898 0.105469 0.044922
2 0.695312 0.217773 0.093750 0.041016
2 0.343750 0.027344 0.140625 0.054688
2 0.342773 0.089844 0.107422 0.042969
2 0.500977 0.500000 0.048828 0.085938
2 0.563477 0.503906 0.041016 0.058594
2 0.628906 0.495117 0.039062 0.080078
2 0.385742 0.713867 0.107422 0.037109
2 0.382812 0.663086 0.097656 0.037109
2 0.377930 0.766602 0.087891 0.044922
2 0.383789 0.825195 0.076172 0.044922
2 0.358398 0.886719 0.111328 0.050781
2 0.368164 0.944336 0.115234 0.056641
2 0.707031 0.833984 0.101562 0.039062
2 0.869141 0.818359 0.097656 0.050781
2 0.761719 0.882812 0.101562 0.039062
2 0.756836 0.941406 0.126953 0.054688
2 0.894531 0.888672 0.109375 0.042969
2 0.905273 0.939453 0.099609 0.050781
