0 0.017578 0.175781 0.027344 0.039062
0 0.035156 0.132812 0.039062 0.039062
0 0.078125 0.136719 0.039062 0.039062
0 0.056641 0.177734 0.042969 0.035156
0 0.101562 0.179688 0.039062 0.031250
0 0.125000 0.136719 0.039062 0.039062
0 0.148438 0.181641 0.046875 0.035156
0 0.171875 0.138672 0.039062 0.035156
0 0.218750 0.142578 0.039062 0.035156
0 0.191406 0.185547 0.046875 0.035156
0 0.238281 0.185547 0.039062 0.035156
0 0.263672 0.144531 0.042969 0.039062
0 0.281250 0.187500 0.046875 0.039062
0 0.289062 0.283203 0.046875 0.042969
0 0.019531 0.029297 0.031250 0.035156
0 0.058594 0.035156 0.039062 0.031250
0 0.101562 0.037109 0.039062 0.035156
0 0.148438 0.037109 0.039062 0.042969
0 0.191406 0.039062 0.039062 0.039062
0 0.236328 0.042969 0.035156 0.039062
0 0.279297 0.042969 0.042969 0.039062
0 0.861328 0.042969 0.027344 0.039062
0 0.892578 0.019531 0.027344 0.031250
0 0.921875 0.044922 0.031250 0.035156
0 0.947266 0.015625 0.035156 0.023438
0 0.976562 0.042969 0.039062 0.054688
0 0.851562 0.185547 0.031250 0.042969
0 0.882812 0.148438 0.039062 0.039062
0 0.910156 0.181641 0.046875 0.035156
0 0.941406 0.154297 0.031250 0.035156
0 0.968750 0.185547 0.031250 0.035156
0 0.992188 0.156250 0.015625 0.031250
0 0.847656 0.312500 0.039062 0.031250
0 0.876953 0.283203 0.042969 0.035156
0 0.908203 0.318359 0.035156 0.035156
0 0.931641 0.285156 0.035156 0.039062
0 0.960938 0.332031 0.039062 0.046875
0 0.986328 0.294922 0.027344 0.042969
0 0.839844 0.457031 0.031250 0.039062
0 0.873047 0.421875 0.027344 0.039062
0 0.900391 0.458984 0.027344 0.042969
0 0.931641 0.421875 0.027344 0.039062
0 0.958984 0.460938 0.027344 0.039062
0 0.986328 0.427734 0.027344 0.035156
0 0.832031 0.589844 0.031250 0.039062
0 0.863281 0.568359 0.031250 0.050781
0 0.917969 0.560547 0.039062 0.042969
0 0.892578 0.595703 0.027344 0.035156
0 0.951172 0.595703 0.027344 0.035156
0 0.978516 0.566406 0.027344 0.039062
0 0.525391 0.662109 0.011719 0.019531
0 0.537109 0.675781 0.011719 0.023438
0 0.546875 0.664062 0.015625 0.023438
0 0.552734 0.675781 0.011719 0.023438
0 0.576172 0.664062 0.011719 0.023438
0 0.583984 0.675781 0.011719 0.023438
0 0.591797 0.662109 0.011719 0.027344
0 0.603516 0.677734 0.011719 0.027344
0 0.611328 0.664062 0.011719 0.023438
0 0.623047 0.677734 0.011719 0.019531
0 0.628906 0.666016 0.015625 0.027344
0 0.638672 0.679688 0.011719 0.023438
0 0.650391 0.667969 0.011719 0.023438
0 0.658203 0.679688 0.011719 0.023438
0 0.666016 0.667969 0.011719 0.023438
0 0.673828 0.679688 0.011719 0.023438
0 0.683594 0.666016 0.015625 0.027344
0 0.691406 0.681641 0.015625 0.019531
0 0.701172 0.666016 0.011719 0.019531
0 0.710938 0.679688 0.015625 0.023438
0 0.539062 0.613281 0.015625 0.023438
0 0.550781 0.605469 0.015625 0.023438
0 0.556641 0.617188 0.011719 0.023438
0 0.710938 0.621094 0.015625 0.023438
0 0.707031 0.607422 0.015625 0.019531
0 0.687500 0.609375 0.015625 0.023438
0 0.662109 0.621094 0.011719 0.023438
0 0.652344 0.607422 0.015625 0.027344
0 0.669922 0.607422 0.011719 0.027344
0 0.632812 0.605469 0.015625 0.023438
0 0.640625 0.619141 0.015625 0.019531
0 0.583984 0.603516 0.011719 0.019531
0 0.564453 0.601562 0.011719 0.023438
0 0.572266 0.619141 0.019531 0.027344
0 0.601562 0.605469 0.015625 0.023438
0 0.589844 0.615234 0.015625 0.019531
0 0.615234 0.605469 0.011719 0.023438
0 0.621094 0.617188 0.015625 0.023438
0 0.535156 0.537109 0.015625 0.019531
0 0.542969 0.552734 0.015625 0.019531
0 0.554688 0.539062 0.015625 0.023438
0 0.562500 0.552734 0.015625 0.019531
0 0.570312 0.542969 0.015625 0.023438
0 0.587891 0.539062 0.011719 0.023438
0 0.580078 0.550781 0.011719 0.023438
0 0.718750 0.558594 0.015625 0.023438
0 0.712891 0.546875 0.019531 0.023438
0 0.691406 0.546875 0.015625 0.023438
0 0.699219 0.556641 0.015625 0.027344
0 0.673828 0.546875 0.011719 0.023438
0 0.664062 0.558594 0.015625 0.023438
0 0.658203 0.544922 0.019531 0.019531
0 0.638672 0.546875 0.011719 0.023438
0 0.603516 0.542969 0.011719 0.023438
0 0.611328 0.552734 0.011719 0.019531
0 0.623047 0.542969 0.011719 0.023438
0 0.630859 0.554688 0.011719 0.023438
0 0.546875 0.490234 0.015625 0.027344
0 0.556641 0.478516 0.011719 0.027344
0 0.566406 0.496094 0.015625 0.031250
0 0.582031 0.496094 0.015625 0.031250
0 0.599609 0.492188 0.011719 0.023438
0 0.609375 0.480469 0.015625 0.023438
0 0.621094 0.490234 0.015625 0.019531
0 0.634766 0.492188 0.011719 0.023438
0 0.646484 0.478516 0.011719 0.019531
0 0.652344 0.496094 0.015625 0.023438
0 0.662109 0.480469 0.011719 0.023438
0 0.669922 0.498047 0.011719 0.027344
0 0.689453 0.496094 0.011719 0.023438
0 0.697266 0.482422 0.011719 0.019531
0 0.679688 0.482422 0.015625 0.027344
0 0.705078 0.498047 0.011719 0.027344
0 0.720703 0.498047 0.011719 0.027344
0 0.712891 0.482422 0.011719 0.019531
