1 0.070312 0.291016 0.062500 0.074219
1 0.341797 0.470703 0.089844 0.074219
1 0.533203 0.250000 0.097656 0.054688
1 0.753906 0.298828 0.070312 0.035156
1 0.564453 0.480469 0.097656 0.039062
1 0.599609 0.613281 0.089844 0.031250
1 0.212891 0.744141 0.121094 0.042969
1 0.494141 0.748047 0.089844 0.035156
1 0.789062 0.642578 0.054688 0.050781
1 0.507812 0.933594 0.250000 0.101562
1 0.865234 0.439453 0.066406 0.035156
1 0.863281 0.566406 0.062500 0.031250
1 0.787109 0.767578 0.058594 0.035156
1 0.951172 0.880859 0.066406 0.042969
