2 0.125000 0.121094 0.070312 0.078125
2 0.371094 0.116211 0.070312 0.083984
2 0.622070 0.118164 0.072266 0.080078
2 0.874023 0.119141 0.083984 0.078125
2 0.124023 0.369141 0.091797 0.089844
2 0.371094 0.368164 0.093750 0.087891
2 0.625000 0.369141 0.082031 0.062500
2 0.873047 0.372070 0.078125 0.056641
2 0.122070 0.622070 0.080078 0.052734
2 0.374023 0.621094 0.072266 0.035156
2 0.621094 0.622070 0.078125 0.048828
2 0.872070 0.617188 0.068359 0.042969
2 0.120117 0.867188 0.076172 0.042969
2 0.372070 0.871094 0.072266 0.039062
2 0.620117 0.869141 0.080078 0.054688
2 0.869141 0.866211 0.082031 0.072266
