4 0.509766 0.026367 0.062500 0.048828
4 0.466797 0.081055 0.058594 0.056641
4 0.506836 0.141602 0.056641 0.056641
4 0.420898 0.136719 0.060547 0.058594
4 0.470703 0.204102 0.058594 0.060547
4 0.335938 0.221680 0.050781 0.044922
4 0.285156 0.251953 0.046875 0.046875
4 0.318359 0.293945 0.046875 0.044922
4 0.366211 0.262695 0.048828 0.044922
4 0.397461 0.308594 0.052734 0.039062
4 0.351562 0.344727 0.046875 0.048828
4 0.441406 0.352539 0.062500 0.056641
4 0.482422 0.403320 0.058594 0.056641
4 0.383789 0.387695 0.052734 0.056641
4 0.428711 0.441406 0.064453 0.058594
4 0.284180 0.388672 0.060547 0.054688
4 0.225586 0.426758 0.056641 0.052734
4 0.319336 0.440430 0.056641 0.052734
4 0.266602 0.476562 0.060547 0.054688
4 0.363281 0.487305 0.066406 0.060547
4 0.308594 0.530273 0.070312 0.064453
1 0.246094 0.047852 0.101562 0.091797
