0 0.417411 0.792411 0.066964 0.066964
0 0.334821 0.796875 0.053571 0.066964
0 0.252232 0.801339 0.058036 0.075893
0 0.129464 0.787946 0.080357 0.102679
0 0.008929 0.214286 0.044643 0.062500
0 0.044643 0.263393 0.053571 0.071429
0 0.084821 0.209821 0.062500 0.062500
0 0.125000 0.263393 0.062500 0.062500
0 0.176339 0.220982 0.058036 0.058036
0 0.225446 0.263393 0.058036 0.062500
0 0.256696 0.212054 0.049107 0.058036
0 0.301339 0.261161 0.058036 0.058036
0 0.343750 0.207589 0.053571 0.066964
0 0.388393 0.263393 0.053571 0.062500
0 0.430804 0.207589 0.058036 0.066964
0 0.473214 0.263393 0.053571 0.062500
