4 0.018555 0.455078 0.052734 0.062500
4 0.063477 0.522461 0.052734 0.056641
4 0.056641 0.647461 0.054688 0.068359
4 0.109375 0.591797 0.054688 0.062500
4 0.101562 0.713867 0.046875 0.056641
4 0.151367 0.659180 0.052734 0.060547
4 0.145508 0.779297 0.048828 0.058594
4 0.196289 0.725586 0.052734 0.060547
4 0.188477 0.851562 0.056641 0.066406
4 0.241211 0.794922 0.056641 0.062500
4 0.288086 0.861328 0.048828 0.058594
4 0.048828 0.197266 0.046875 0.062500
4 0.049805 0.314453 0.048828 0.066406
4 0.104492 0.257812 0.048828 0.066406
4 0.095703 0.379883 0.050781 0.060547
4 0.149414 0.324219 0.052734 0.062500
4 0.138672 0.445312 0.050781 0.062500
4 0.195312 0.391602 0.046875 0.060547
4 0.183594 0.516602 0.054688 0.064453
4 0.238281 0.461914 0.054688 0.064453
4 0.229492 0.585938 0.052734 0.062500
4 0.283203 0.530273 0.050781 0.060547
4 0.271484 0.650391 0.054688 0.062500
4 0.329102 0.593750 0.048828 0.058594
4 0.322266 0.720703 0.046875 0.070312
4 0.374023 0.663086 0.056641 0.068359
4 0.359375 0.786133 0.054688 0.068359
4 0.417969 0.732422 0.054688 0.062500
4 0.407227 0.853516 0.056641 0.062500
4 0.458984 0.798828 0.054688 0.062500
4 0.242188 0.058594 0.039062 0.054688
4 0.299805 0.047852 0.052734 0.052734
4 0.304688 0.113281 0.046875 0.046875
4 0.314453 0.179688 0.058594 0.054688
4 0.455078 0.095703 0.058594 0.062500
4 0.523438 0.084961 0.058594 0.064453
4 0.589844 0.070312 0.058594 0.066406
4 0.466797 0.179688 0.066406 0.062500
4 0.534180 0.165039 0.064453 0.072266
4 0.608398 0.154297 0.064453 0.074219
