0 0.051339 0.080357 0.075893 0.062500
0 0.053571 0.174107 0.071429 0.071429
0 0.051339 0.276786 0.075893 0.071429
0 0.049107 0.375000 0.071429 0.062500
0 0.046875 0.491071 0.084821 0.080357
0 0.042411 0.582589 0.075893 0.066964
0 0.044643 0.687500 0.080357 0.071429
0 0.037946 0.776786 0.075893 0.062500
0 0.040179 0.875000 0.080357 0.062500
0 0.042411 0.975446 0.084821 0.049107
0 0.236607 0.966518 0.089286 0.066964
0 0.234375 0.888393 0.084821 0.071429
0 0.236607 0.792411 0.080357 0.075893
0 0.229911 0.678571 0.075893 0.062500
0 0.303571 0.522321 0.071429 0.071429
0 0.236607 0.477679 0.080357 0.062500
0 0.303571 0.433036 0.071429 0.071429
0 0.310268 0.332589 0.066964 0.066964
0 0.247768 0.279018 0.084821 0.066964
0 0.305804 0.225446 0.075893 0.075893
0 0.241071 0.178571 0.080357 0.062500
0 0.308036 0.129464 0.080357 0.062500
0 0.243304 0.075893 0.084821 0.071429
0 0.316964 0.037946 0.080357 0.075893
0 0.522321 0.270089 0.089286 0.075893
0 0.517857 0.582589 0.080357 0.075893
0 0.504464 0.787946 0.098214 0.075893
0 0.513393 0.908482 0.089286 0.075893
0 0.727679 0.839286 0.089286 0.062500
0 0.725446 0.765625 0.093750 0.049107
0 0.732143 0.685268 0.089286 0.049107
0 0.732143 0.511161 0.089286 0.058036
0 0.734375 0.426339 0.084821 0.049107
0 0.741071 0.350446 0.089286 0.058036
0 0.741071 0.270089 0.080357 0.049107
0 0.741071 0.180804 0.098214 0.049107
0 0.741071 0.093750 0.098214 0.044643
0 0.745536 0.022321 0.098214 0.044643
0 0.970982 0.011161 0.058036 0.022321
0 0.970982 0.075893 0.058036 0.044643
0 0.970982 0.142857 0.058036 0.035714
0 0.970982 0.203125 0.058036 0.049107
0 0.968750 0.267857 0.062500 0.044643
0 0.968750 0.341518 0.062500 0.031250
0 0.966518 0.415179 0.066964 0.053571
0 0.968750 0.477679 0.062500 0.035714
0 0.968750 0.544643 0.062500 0.044643
0 0.966518 0.609375 0.066964 0.040179
0 0.964286 0.669643 0.062500 0.044643
0 0.964286 0.747768 0.062500 0.040179
0 0.964286 0.819196 0.062500 0.049107
0 0.964286 0.883929 0.062500 0.044643
0 0.957589 0.941964 0.058036 0.035714
