4 0.050781 0.294922 0.093750 0.128906
4 0.152344 0.183594 0.117188 0.125000
4 0.125000 0.427734 0.117188 0.121094
4 0.232422 0.318359 0.121094 0.128906
4 0.218750 0.562500 0.117188 0.132812
4 0.322266 0.445312 0.113281 0.132812
4 0.310547 0.695312 0.113281 0.140625
4 0.412109 0.587891 0.128906 0.136719
4 0.390625 0.833984 0.132812 0.121094
4 0.503906 0.722656 0.117188 0.140625
4 0.486328 0.949219 0.113281 0.101562
4 0.593750 0.853516 0.109375 0.128906
4 0.294922 0.048828 0.113281 0.089844
4 0.380859 0.167969 0.128906 0.132812
4 0.488281 0.062500 0.117188 0.117188
4 0.476562 0.296875 0.109375 0.132812
4 0.578125 0.183594 0.125000 0.117188
4 0.671875 0.333984 0.132812 0.121094
4 0.556641 0.433594 0.136719 0.132812
4 0.755859 0.460938 0.113281 0.132812
4 0.640625 0.570312 0.132812 0.132812
4 0.857422 0.591797 0.121094 0.128906
4 0.740234 0.707031 0.121094 0.125000
4 0.943359 0.740234 0.113281 0.136719
4 0.832031 0.851562 0.125000 0.117188
4 0.921875 0.957031 0.117188 0.085938
