2 0.119141 0.126953 0.085938 0.054688
2 0.370117 0.125977 0.083984 0.068359
2 0.620117 0.124023 0.087891 0.076172
2 0.870117 0.126953 0.091797 0.074219
2 0.120117 0.372070 0.087891 0.080078
2 0.371094 0.375000 0.082031 0.078125
2 0.620117 0.375000 0.080078 0.078125
2 0.869141 0.375000 0.082031 0.082031
2 0.119141 0.623047 0.078125 0.085938
2 0.371094 0.621094 0.070312 0.085938
2 0.621094 0.623047 0.062500 0.085938
2 0.873047 0.624023 0.070312 0.083984
2 0.125977 0.876953 0.052734 0.066406
2 0.374023 0.886719 0.052734 0.058594
2 0.623047 0.881836 0.050781 0.064453
2 0.874023 0.875000 0.056641 0.078125
