2 0.119141 0.130859 0.078125 0.039062
2 0.371094 0.128906 0.070312 0.042969
2 0.621094 0.130859 0.078125 0.050781
2 0.870117 0.126953 0.087891 0.050781
2 0.124023 0.381836 0.080078 0.068359
2 0.374023 0.378906 0.072266 0.066406
2 0.621094 0.370117 0.085938 0.095703
2 0.874023 0.377930 0.068359 0.072266
2 0.124023 0.629883 0.060547 0.072266
2 0.373047 0.632812 0.050781 0.062500
2 0.624023 0.629883 0.044922 0.060547
2 0.873047 0.625977 0.039062 0.072266
2 0.121094 0.875977 0.046875 0.072266
2 0.371094 0.872070 0.058594 0.080078
2 0.626953 0.871094 0.066406 0.078125
2 0.872070 0.870117 0.064453 0.080078
