1 0.042969 0.625000 0.078125 0.031250
1 0.306641 0.736328 0.128906 0.035156
1 0.394531 0.503906 0.156250 0.031250
1 0.123047 0.527344 0.136719 0.031250
1 0.666016 0.390625 0.121094 0.031250
1 0.943359 0.601562 0.066406 0.039062
1 0.896484 0.542969 0.074219 0.039062
1 0.105469 0.585938 0.070312 0.039062
1 0.314453 0.568359 0.089844 0.035156
1 0.443359 0.650391 0.105469 0.042969
1 0.519531 0.685547 0.093750 0.035156
1 0.607422 0.541016 0.082031 0.035156
1 0.939453 0.216797 0.074219 0.042969
1 0.933594 0.251953 0.109375 0.035156
1 0.396484 0.400391 0.082031 0.035156
1 0.394531 0.503906 0.156250 0.031250
1 0.408203 0.449219 0.066406 0.039062
1 0.039062 0.683594 0.070312 0.031250
