2 0.211914 0.138672 0.103516 0.125000
2 0.301758 0.148438 0.091797 0.113281
2 0.386719 0.162109 0.113281 0.132812
2 0.474609 0.157227 0.105469 0.130859
2 0.182617 0.242188 0.087891 0.113281
2 0.897461 0.190430 0.080078 0.103516
2 0.500977 0.500977 0.111328 0.119141
2 0.587891 0.517578 0.113281 0.117188
2 0.781250 0.506836 0.113281 0.111328
2 0.417969 0.611328 0.113281 0.121094
2 0.590820 0.622070 0.099609 0.107422
2 0.747070 0.642578 0.103516 0.101562
2 0.832031 0.657227 0.093750 0.083984
2 0.920898 0.656250 0.095703 0.089844
2 0.134766 0.859375 0.089844 0.113281
2 0.306641 0.852539 0.093750 0.115234
2 0.479492 0.865234 0.095703 0.117188
2 0.570312 0.875977 0.089844 0.107422
2 0.647461 0.867188 0.091797 0.113281
2 0.747070 0.891602 0.099609 0.119141
2 0.822266 0.880859 0.097656 0.117188
2 0.903320 0.890625 0.087891 0.109375
2 0.080078 0.957031 0.101562 0.082031
