1 0.726000 0.767500 0.150000 0.051000
1 0.744500 0.731000 0.167000 0.046000
1 0.899000 0.806500 0.170000 0.055000
1 0.783500 0.047500 0.191000 0.057000
1 0.793000 0.131000 0.172000 0.048000
1 0.791000 0.097000 0.180000 0.046000
1 0.732500 0.692000 0.137000 0.034000
1 0.892500 0.565500 0.165000 0.045000
1 0.879500 0.688500 0.103000 0.073000
1 0.949500 0.238000 0.099000 0.044000
1 0.811000 0.180000 0.180000 0.036000
1 0.929000 0.311500 0.140000 0.043000
1 0.933500 0.352500 0.131000 0.043000
1 0.891000 0.763500 0.110000 0.061000
1 0.833000 0.473500 0.256000 0.057000
1 0.805000 0.417000 0.172000 0.060000
1 0.898500 0.375500 0.193000 0.041000
