1 0.500000 0.031250 0.046875 0.054688
4 0.796875 0.736328 0.109375 0.089844
4 0.757812 0.822266 0.093750 0.082031
4 0.681641 0.703125 0.113281 0.093750
4 0.652344 0.796875 0.085938 0.078125
4 0.542969 0.664062 0.101562 0.101562
4 0.503906 0.757812 0.093750 0.085938
4 0.433594 0.625000 0.093750 0.109375
4 0.396484 0.718750 0.113281 0.085938
4 0.330078 0.595703 0.105469 0.105469
4 0.285156 0.689453 0.101562 0.089844
4 0.212891 0.857422 0.113281 0.097656
4 0.169922 0.953125 0.121094 0.093750
4 0.330078 0.880859 0.105469 0.089844
4 0.568359 0.958984 0.097656 0.082031
4 0.427734 0.919922 0.121094 0.074219
1 0.300781 0.302734 0.101562 0.082031
