2 0.125000 0.124023 0.085938 0.076172
2 0.372070 0.122070 0.083984 0.080078
2 0.625977 0.125977 0.068359 0.080078
2 0.876953 0.126953 0.058594 0.074219
2 0.124023 0.383789 0.060547 0.072266
2 0.373047 0.387695 0.054688 0.064453
2 0.624023 0.382812 0.037109 0.066406
2 0.875000 0.384766 0.031250 0.078125
2 0.122070 0.632812 0.041016 0.074219
2 0.370117 0.632812 0.048828 0.074219
2 0.624023 0.626953 0.056641 0.082031
2 0.873047 0.636719 0.066406 0.078125
2 0.124023 0.880859 0.076172 0.085938
2 0.374023 0.882812 0.080078 0.089844
2 0.625000 0.878906 0.082031 0.078125
2 0.875000 0.881836 0.078125 0.064453
