2 0.125000 0.123047 0.093750 0.082031
2 0.374023 0.120117 0.107422 0.091797
2 0.625000 0.124023 0.097656 0.076172
2 0.875977 0.125000 0.095703 0.070312
2 0.122070 0.368164 0.095703 0.080078
2 0.371094 0.376953 0.093750 0.058594
2 0.621094 0.373047 0.093750 0.054688
2 0.875977 0.371094 0.095703 0.046875
2 0.121094 0.624023 0.082031 0.037109
2 0.367188 0.625977 0.082031 0.029297
2 0.619141 0.624023 0.078125 0.037109
2 0.870117 0.622070 0.083984 0.052734
2 0.116211 0.871094 0.083984 0.050781
2 0.366211 0.871094 0.080078 0.054688
2 0.617188 0.871094 0.082031 0.062500
2 0.866211 0.870117 0.087891 0.068359
