2 0.123047 0.124023 0.085938 0.056641
2 0.370117 0.124023 0.091797 0.056641
2 0.625977 0.126953 0.091797 0.062500
2 0.875977 0.126953 0.091797 0.062500
2 0.123047 0.373047 0.085938 0.074219
2 0.375000 0.377930 0.093750 0.083984
2 0.626953 0.374023 0.085938 0.087891
2 0.872070 0.375000 0.083984 0.085938
2 0.123047 0.626953 0.074219 0.085938
2 0.376953 0.632812 0.062500 0.074219
2 0.621094 0.625977 0.058594 0.083984
2 0.873047 0.628906 0.046875 0.078125
2 0.125000 0.873047 0.031250 0.074219
2 0.372070 0.874023 0.037109 0.076172
2 0.622070 0.876953 0.044922 0.078125
2 0.874023 0.875000 0.056641 0.082031
