2 0.122070 0.122070 0.087891 0.087891
2 0.372070 0.125977 0.076172 0.068359
2 0.620117 0.122070 0.091797 0.087891
2 0.871094 0.127930 0.078125 0.076172
2 0.119141 0.374023 0.074219 0.080078
2 0.375000 0.375977 0.066406 0.080078
2 0.621094 0.370117 0.058594 0.083984
2 0.870117 0.371094 0.044922 0.074219
2 0.125977 0.625977 0.056641 0.076172
2 0.373047 0.637695 0.046875 0.056641
2 0.618164 0.631836 0.052734 0.064453
2 0.869141 0.631836 0.058594 0.068359
2 0.124023 0.869141 0.056641 0.082031
2 0.374023 0.872070 0.076172 0.091797
2 0.625977 0.868164 0.068359 0.080078
2 0.874023 0.872070 0.072266 0.076172
