1 0.016250 0.000625 0.007500 0.001250
1 0.015000 0.012500 0.015000 0.015000
1 0.030625 0.013125 0.021250 0.026250
1 0.219375 0.194375 0.016250 0.018750
1 0.041875 0.198750 0.023750 0.030000
1 0.236250 0.593750 0.010000 0.020000
1 0.064375 0.082500 0.018750 0.020000
1 0.096875 0.151250 0.013750 0.025000
1 0.094375 0.086875 0.018750 0.021250
1 0.115000 0.139375 0.012500 0.018750
1 0.216250 0.161250 0.015000 0.020000
1 0.139375 0.148125 0.016250 0.026250
1 0.143750 0.203125 0.017500 0.023750
1 0.074375 0.040625 0.016250 0.023750
1 0.130000 0.016875 0.012500 0.016250
1 0.035000 0.278750 0.035000 0.055000
1 0.245000 0.611875 0.025000 0.011250
1 0.115625 0.400000 0.033750 0.052500
1 0.493750 0.556875 0.015000 0.016250
1 0.156875 0.119375 0.016250 0.018750
1 0.108750 0.075625 0.017500 0.018750
1 0.173750 0.110000 0.017500 0.017500
1 0.654375 0.691250 0.023750 0.017500
1 0.665625 0.715000 0.023750 0.015000
1 0.201250 0.208125 0.017500 0.016250
1 0.394375 0.701250 0.033750 0.022500
1 0.192500 0.211875 0.025000 0.026250
1 0.724375 0.750000 0.021250 0.015000
1 0.098750 0.016250 0.017500 0.022500
1 0.088125 0.023125 0.016250 0.016250
1 0.386875 0.403125 0.038750 0.033750
1 0.198750 0.570625 0.010000 0.018750
1 0.421875 0.492500 0.021250 0.022500
1 0.221875 0.538125 0.013750 0.013750
1 0.151875 0.138750 0.013750 0.017500
1 0.165000 0.190000 0.015000 0.022500
1 0.176250 0.143125 0.012500 0.018750
1 0.061875 0.010625 0.016250 0.021250
1 0.130625 0.037500 0.013750 0.020000
1 0.127500 0.002500 0.010000 0.005000
1 0.120000 0.055000 0.015000 0.020000
1 0.134375 0.460625 0.023750 0.036250
1 0.533125 0.576250 0.016250 0.017500
1 0.147500 0.463750 0.015000 0.017500
1 0.470000 0.616875 0.007500 0.011250
1 0.113750 0.105625 0.015000 0.018750
1 0.125625 0.160000 0.013750 0.025000
1 0.080000 0.124375 0.015000 0.023750
1 0.185625 0.133750 0.011250 0.015000
1 0.187500 0.180625 0.017500 0.023750
1 0.165625 0.163750 0.016250 0.017500
1 0.204375 0.174375 0.013750 0.018750
1 0.095000 0.059375 0.017500 0.021250
1 0.076250 0.059375 0.020000 0.021250
1 0.185625 0.555000 0.013750 0.027500
1 0.529375 0.596875 0.016250 0.016250
1 0.300625 0.313125 0.026250 0.028750
1 0.544375 0.625625 0.018750 0.018750
1 0.093125 0.113750 0.023750 0.027500
1 0.130000 0.120625 0.025000 0.026250
1 0.761250 0.765625 0.020000 0.011250
1 0.153750 0.076250 0.022500 0.020000
1 0.985625 0.985625 0.018750 0.008750
1 0.048750 0.034375 0.022500 0.026250
1 0.404375 0.496875 0.023750 0.023750
1 0.324375 0.337500 0.016250 0.015000
1 0.460000 0.541250 0.020000 0.022500
1 0.318125 0.342500 0.018750 0.017500
1 0.951250 0.788750 0.012500 0.005000
1 0.972500 0.782500 0.012500 0.005000
1 0.181250 0.217500 0.015000 0.020000
1 0.593750 0.654375 0.025000 0.023750
1 0.338125 0.354375 0.016250 0.018750
1 0.589375 0.665000 0.021250 0.022500
1 0.353750 0.366875 0.012500 0.013750
1 0.145000 0.175625 0.015000 0.021250
1 0.198125 0.150625 0.018750 0.018750
1 0.366250 0.380625 0.017500 0.016250
1 0.795625 0.755625 0.021250 0.011250
