1 0.977539 0.447266 0.033203 0.019531
1 0.918945 0.464844 0.033203 0.023438
1 0.950195 0.416992 0.033203 0.025391
1 0.897461 0.421875 0.033203 0.023438
1 0.942383 0.474609 0.029297 0.023438
1 0.889648 0.509766 0.037109 0.031250
1 0.851562 0.518555 0.035156 0.025391
1 0.936523 0.575195 0.068359 0.060547
1 0.707031 0.648438 0.035156 0.015625
1 0.714844 0.593750 0.027344 0.015625
3 0.651367 0.675781 0.025391 0.281250
1 0.761719 0.586914 0.035156 0.021484
1 0.707031 0.534180 0.011719 0.025391
1 0.634766 0.718750 0.027344 0.015625
1 0.660156 0.666992 0.031250 0.025391
1 0.591797 0.689453 0.019531 0.015625
1 0.422852 0.846680 0.029297 0.017578
1 0.532227 0.679688 0.056641 0.023438
1 0.581055 0.634766 0.056641 0.027344
