4 0.572266 0.677734 0.062500 0.058594
4 0.567383 0.751953 0.064453 0.054688
4 0.648438 0.749023 0.070312 0.056641
4 0.685547 0.806641 0.058594 0.054688
4 0.619141 0.839844 0.058594 0.050781
4 0.736328 0.863281 0.066406 0.050781
4 0.809570 0.628906 0.056641 0.054688
4 0.822266 0.558594 0.058594 0.054688
4 0.905273 0.573242 0.060547 0.056641
4 0.971680 0.541992 0.056641 0.056641
4 0.949219 0.445312 0.062500 0.058594
4 0.861328 0.359375 0.058594 0.058594
4 0.790039 0.383789 0.060547 0.056641
4 0.723633 0.410156 0.064453 0.054688
4 0.658203 0.381836 0.062500 0.052734
4 0.925781 0.320312 0.062500 0.054688
1 0.421875 0.267578 0.089844 0.207031
