2 0.654297 0.182617 0.136719 0.076172
2 0.500977 0.500977 0.119141 0.064453
2 0.590820 0.611328 0.173828 0.089844
2 0.461914 0.642578 0.126953 0.058594
2 0.469727 0.700195 0.111328 0.048828
2 0.476562 0.855469 0.128906 0.058594
2 0.460938 0.918945 0.097656 0.048828
2 0.212891 0.020508 0.089844 0.033203
2 0.208984 0.070312 0.101562 0.042969
2 0.067383 0.068359 0.087891 0.046875
2 0.176758 0.119141 0.111328 0.050781
2 0.190430 0.187500 0.103516 0.046875
2 0.193359 0.287109 0.121094 0.066406
2 0.163086 0.343750 0.115234 0.050781
2 0.151367 0.396484 0.134766 0.054688
2 0.136719 0.453125 0.117188 0.050781
2 0.127930 0.565430 0.123047 0.068359
2 0.150391 0.672852 0.101562 0.052734
2 0.086914 0.792969 0.119141 0.050781
2 0.072266 0.931641 0.109375 0.046875
2 0.081055 0.863281 0.126953 0.042969
