4 0.056641 0.038086 0.054688 0.068359
4 0.101562 0.104492 0.046875 0.056641
4 0.151367 0.049805 0.052734 0.060547
4 0.145508 0.169922 0.048828 0.058594
4 0.196289 0.116211 0.052734 0.060547
4 0.188477 0.242188 0.056641 0.066406
4 0.241211 0.185547 0.056641 0.062500
4 0.288086 0.251953 0.048828 0.058594
4 0.271484 0.041016 0.054688 0.062500
4 0.322266 0.111328 0.046875 0.070312
4 0.374023 0.053711 0.056641 0.068359
4 0.359375 0.176758 0.054688 0.068359
4 0.417969 0.123047 0.054688 0.062500
4 0.407227 0.244141 0.056641 0.062500
4 0.458984 0.189453 0.054688 0.062500
