4 0.503906 0.041016 0.125000 0.074219
4 0.310547 0.091797 0.136719 0.121094
4 0.453125 0.152344 0.117188 0.109375
4 0.253906 0.226562 0.132812 0.132812
4 0.388672 0.287109 0.136719 0.121094
4 0.691406 0.054688 0.109375 0.101562
4 0.828125 0.091797 0.109375 0.113281
4 0.953125 0.152344 0.093750 0.125000
4 0.626953 0.171875 0.105469 0.117188
4 0.763672 0.230469 0.097656 0.117188
4 0.896484 0.283203 0.121094 0.113281
4 0.550781 0.332031 0.117188 0.117188
4 0.492188 0.464844 0.125000 0.117188
4 0.685547 0.392578 0.113281 0.121094
4 0.628906 0.529297 0.117188 0.121094
4 0.820312 0.453125 0.125000 0.117188
4 0.761719 0.580078 0.117188 0.113281
4 0.927734 0.652344 0.121094 0.109375
4 0.613281 0.763672 0.109375 0.128906
4 0.750000 0.824219 0.109375 0.125000
4 0.882812 0.876953 0.117188 0.128906
4 0.689453 0.945312 0.113281 0.109375
4 0.558594 0.888672 0.125000 0.121094
