2 0.414062 0.068359 0.109375 0.125000
2 0.468750 0.114258 0.121094 0.146484
2 0.519531 0.154297 0.117188 0.152344
2 0.263672 0.170898 0.078125 0.130859
2 0.342773 0.306641 0.134766 0.152344
2 0.408203 0.361328 0.136719 0.156250
2 0.474609 0.416992 0.132812 0.150391
2 0.663086 0.297852 0.134766 0.146484
2 0.713867 0.344727 0.126953 0.142578
2 0.782227 0.391602 0.111328 0.126953
2 0.182617 0.345703 0.134766 0.117188
2 0.196289 0.486328 0.150391 0.128906
2 0.176758 0.566406 0.146484 0.121094
2 0.157227 0.630859 0.103516 0.121094
2 0.500977 0.719727 0.134766 0.115234
2 0.319336 0.676758 0.119141 0.103516
2 0.283203 0.750000 0.136719 0.121094
2 0.463867 0.794922 0.146484 0.128906
2 0.612305 0.876953 0.095703 0.113281
2 0.660156 0.918945 0.093750 0.103516
2 0.743164 0.951172 0.087891 0.093750
2 0.118164 0.732422 0.173828 0.148438
2 0.447266 0.902344 0.132812 0.132812
2 0.074219 0.798828 0.148438 0.144531
2 0.197266 0.894531 0.121094 0.113281
2 0.240234 0.834961 0.128906 0.123047
