0 0.093750 0.149554 0.160714 0.120536
0 0.093750 0.325893 0.151786 0.133929
0 0.095982 0.495536 0.147321 0.107143
0 0.100446 0.665179 0.147321 0.116071
0 0.093750 0.832589 0.151786 0.120536
0 0.473214 0.058036 0.160714 0.116071
0 0.625000 0.149554 0.160714 0.111607
0 0.473214 0.229911 0.160714 0.120536
0 0.475446 0.390625 0.147321 0.129464
0 0.479911 0.571429 0.147321 0.133929
0 0.484375 0.738839 0.147321 0.129464
0 0.627232 0.482143 0.156250 0.125000
0 0.629464 0.649554 0.160714 0.120536
0 0.629464 0.962054 0.160714 0.075893
