0 0.027344 0.269531 0.015625 0.015625
0 0.074219 0.271484 0.015625 0.019531
0 0.148438 0.275391 0.015625 0.019531
0 0.023438 0.308594 0.015625 0.015625
0 0.041016 0.308594 0.019531 0.015625
0 0.052734 0.306641 0.011719 0.019531
0 0.082031 0.312500 0.015625 0.015625
0 0.042969 0.330078 0.015625 0.019531
0 0.058594 0.332031 0.015625 0.023438
0 0.076172 0.332031 0.011719 0.023438
0 0.119141 0.306641 0.019531 0.019531
0 0.111328 0.332031 0.019531 0.015625
0 0.142578 0.330078 0.019531 0.019531
0 0.160156 0.333984 0.015625 0.019531
0 0.164062 0.310547 0.015625 0.019531
0 0.189453 0.310547 0.019531 0.019531
4 0.111328 0.712891 0.066406 0.066406
4 0.119141 0.593750 0.066406 0.062500
4 0.125000 0.462891 0.062500 0.066406
