0 0.044643 0.203125 0.125000 0.191964
0 0.160714 0.046875 0.125000 0.191964
0 0.270089 0.205357 0.129464 0.196429
0 0.383929 0.042411 0.133929 0.183036
0 0.479911 0.209821 0.156250 0.205357
0 0.598214 0.044643 0.142857 0.187500
0 0.698661 0.203125 0.102679 0.183036
0 0.808036 0.033482 0.160714 0.191964
0 0.930804 0.209821 0.138393 0.223214
0 0.084821 0.819196 0.133929 0.200893
0 0.196429 0.667411 0.142857 0.200893
0 0.301339 0.830357 0.111607 0.196429
0 0.421875 0.665179 0.129464 0.205357
0 0.520089 0.837054 0.147321 0.183036
0 0.647321 0.667411 0.151786 0.191964
0 0.736607 0.830357 0.160714 0.187500
0 0.868304 0.676339 0.156250 0.209821
0 0.966518 0.839286 0.138393 0.196429
