4 0.603516 0.761719 0.105469 0.117188
4 0.742188 0.818359 0.117188 0.121094
4 0.880859 0.875000 0.121094 0.109375
4 0.687500 0.945312 0.109375 0.109375
4 0.562500 0.882812 0.140625 0.117188
4 0.587891 0.998047 0.089844 0.003906
4 0.494141 0.042969 0.113281 0.078125
4 0.685547 0.054688 0.128906 0.101562
4 0.818359 0.097656 0.113281 0.109375
4 0.949219 0.150391 0.101562 0.121094
4 0.892578 0.283203 0.121094 0.121094
4 0.755859 0.222656 0.113281 0.117188
4 0.626953 0.167969 0.113281 0.109375
4 0.449219 0.150391 0.148438 0.121094
4 0.306641 0.091797 0.144531 0.113281
4 0.242188 0.226562 0.148438 0.117188
4 0.390625 0.277344 0.132812 0.117188
4 0.546875 0.330078 0.117188 0.121094
4 0.492188 0.458984 0.117188 0.121094
4 0.681641 0.386719 0.128906 0.117188
4 0.625000 0.515625 0.125000 0.101562
4 0.822266 0.449219 0.113281 0.125000
4 0.759766 0.580078 0.121094 0.121094
4 0.962891 0.519531 0.074219 0.117188
4 0.923828 0.648438 0.105469 0.109375
