2 0.121094 0.127930 0.082031 0.052734
2 0.375977 0.126953 0.080078 0.046875
2 0.624023 0.128906 0.068359 0.027344
2 0.870117 0.127930 0.072266 0.029297
2 0.118164 0.375977 0.083984 0.044922
2 0.369141 0.375000 0.078125 0.050781
2 0.619141 0.377930 0.078125 0.064453
2 0.863281 0.374023 0.066406 0.056641
2 0.116211 0.620117 0.068359 0.068359
2 0.368164 0.625000 0.064453 0.074219
2 0.616211 0.619141 0.072266 0.070312
2 0.868164 0.615234 0.056641 0.066406
2 0.118164 0.883789 0.037109 0.052734
2 0.366211 0.883789 0.033203 0.048828
2 0.624023 0.869141 0.048828 0.066406
2 0.876953 0.877930 0.066406 0.072266
