4 0.791016 0.316406 0.113281 0.101562
4 0.716797 0.232422 0.113281 0.105469
4 0.642578 0.158203 0.113281 0.089844
4 0.570312 0.087891 0.125000 0.089844
4 0.484375 0.033203 0.125000 0.058594
4 0.949219 0.322266 0.101562 0.105469
4 0.880859 0.238281 0.136719 0.101562
4 0.808594 0.166016 0.101562 0.097656
4 0.724609 0.093750 0.113281 0.101562
4 0.648438 0.041016 0.117188 0.074219
4 0.568359 0.003906 0.136719 0.000000
4 0.964844 0.046875 0.070312 0.085938
4 0.902344 0.082031 0.140625 0.117188
4 0.841797 0.039062 0.121094 0.070312
4 0.925781 0.005859 0.132812 0.003906
