2 0.324219 0.062500 0.097656 0.125000
2 0.098633 0.308594 0.103516 0.070312
2 0.059570 0.356445 0.119141 0.083984
2 0.042969 0.406250 0.085938 0.062500
2 0.072266 0.591797 0.128906 0.093750
2 0.083008 0.539062 0.123047 0.082031
2 0.111328 0.495117 0.117188 0.076172
2 0.140625 0.446289 0.113281 0.076172
2 0.173828 0.399414 0.117188 0.080078
2 0.209961 0.353516 0.091797 0.070312
2 0.650391 0.225586 0.113281 0.083984
2 0.610352 0.278320 0.107422 0.080078
2 0.574219 0.326172 0.128906 0.089844
2 0.562500 0.390625 0.101562 0.074219
2 0.538086 0.448242 0.099609 0.080078
2 0.500000 0.500977 0.082031 0.068359
2 0.460938 0.557617 0.085938 0.064453
2 0.428711 0.606445 0.107422 0.072266
2 0.371094 0.642578 0.109375 0.082031
2 0.341797 0.765625 0.109375 0.085938
2 0.298828 0.813477 0.105469 0.080078
2 0.274414 0.876953 0.107422 0.085938
2 0.242188 0.925781 0.117188 0.085938
2 0.733398 0.413086 0.126953 0.099609
2 0.657227 0.554688 0.126953 0.089844
2 0.679688 0.508789 0.113281 0.076172
2 0.703125 0.465820 0.097656 0.068359
2 0.621094 0.605469 0.109375 0.078125
2 0.591797 0.655273 0.101562 0.072266
2 0.565430 0.698242 0.095703 0.068359
2 0.536133 0.734375 0.107422 0.066406
2 0.930664 0.897461 0.123047 0.080078
2 0.930664 0.949219 0.134766 0.074219
