0 0.459821 0.212054 0.133929 0.129464
0 0.332589 0.323661 0.129464 0.120536
0 0.448661 0.444196 0.147321 0.129464
0 0.332589 0.549107 0.138393 0.116071
0 0.464286 0.662946 0.151786 0.120536
0 0.337054 0.770089 0.129464 0.138393
0 0.455357 0.875000 0.142857 0.125000
0 0.343750 0.966518 0.125000 0.066964
0 0.964286 0.214286 0.071429 0.116071
0 0.861607 0.321429 0.133929 0.116071
0 0.964286 0.448661 0.071429 0.129464
0 0.868304 0.546875 0.129464 0.111607
0 0.964286 0.662946 0.071429 0.111607
0 0.964286 0.892857 0.071429 0.107143
0 0.872768 0.964286 0.138393 0.071429
