1 0.235625 0.680000 0.166250 0.055000
1 0.304375 0.688750 0.081250 0.032500
1 0.657500 0.702500 0.225000 0.067500
1 0.455000 0.740000 0.100000 0.042500
1 0.048125 0.830625 0.096250 0.043750
1 0.052500 0.860000 0.105000 0.040000
1 0.740625 0.319375 0.026250 0.048750
1 0.756875 0.403125 0.023750 0.056250
1 0.923125 0.397500 0.071250 0.035000
1 0.816250 0.530625 0.052500 0.111250
1 0.239375 0.788125 0.256250 0.073750
1 0.570000 0.445000 0.152500 0.050000
1 0.236875 0.510000 0.368750 0.097500
1 0.272500 0.616875 0.375000 0.096250
1 0.610000 0.071250 0.055000 0.040000
1 0.600000 0.083125 0.050000 0.033750
1 0.665000 0.111250 0.060000 0.035000
