4 0.345703 0.966797 0.058594 0.058594
4 0.442383 0.955078 0.056641 0.070312
4 0.525391 0.969727 0.050781 0.060547
4 0.578125 0.961914 0.042969 0.056641
4 0.630859 0.952148 0.046875 0.056641
4 0.678711 0.940430 0.048828 0.056641
4 0.422852 0.870117 0.048828 0.048828
4 0.477539 0.875000 0.041016 0.050781
4 0.553711 0.879883 0.056641 0.048828
4 0.614258 0.869141 0.048828 0.046875
4 0.682617 0.862305 0.060547 0.056641
4 0.420898 0.811523 0.048828 0.056641
4 0.477539 0.812500 0.044922 0.058594
4 0.545898 0.817383 0.048828 0.048828
4 0.608398 0.807617 0.052734 0.056641
4 0.666016 0.797852 0.050781 0.052734
