4 0.343750 0.339844 0.031250 0.031250
4 0.277344 0.367188 0.031250 0.031250
4 0.218750 0.398438 0.031250 0.031250
4 0.164062 0.421875 0.031250 0.031250
4 0.023438 0.417969 0.031250 0.031250
4 0.125000 0.458984 0.031250 0.027344
4 0.208984 0.457031 0.035156 0.031250
4 0.275391 0.427734 0.035156 0.027344
4 0.058594 0.572266 0.031250 0.035156
4 0.152344 0.568359 0.039062 0.035156
4 0.212891 0.572266 0.042969 0.035156
4 0.062500 0.611328 0.023438 0.027344
4 0.126953 0.705078 0.027344 0.035156
4 0.207031 0.705078 0.031250 0.027344
3 0.804688 0.333984 0.023438 0.035156
3 0.384766 0.041016 0.035156 0.019531
