2 0.124023 0.128906 0.033203 0.074219
2 0.374023 0.121094 0.041016 0.078125
2 0.618164 0.124023 0.060547 0.080078
2 0.872070 0.126953 0.056641 0.078125
2 0.120117 0.378906 0.060547 0.074219
2 0.372070 0.376953 0.080078 0.093750
2 0.622070 0.374023 0.083984 0.091797
2 0.881836 0.366211 0.099609 0.099609
2 0.126953 0.622070 0.097656 0.083984
2 0.375000 0.623047 0.093750 0.078125
2 0.620117 0.625977 0.091797 0.064453
2 0.870117 0.621094 0.087891 0.070312
2 0.125977 0.877930 0.072266 0.037109
2 0.374023 0.872070 0.091797 0.048828
2 0.621094 0.875977 0.082031 0.037109
2 0.871094 0.874023 0.078125 0.037109
