0 0.051339 0.107143 0.156250 0.205357
0 0.279018 0.082589 0.129464 0.191964
0 0.475446 0.089286 0.156250 0.205357
0 0.698661 0.089286 0.165179 0.196429
0 0.917411 0.089286 0.156250 0.196429
0 0.078125 0.707589 0.156250 0.183036
0 0.203125 0.542411 0.129464 0.183036
0 0.301339 0.705357 0.129464 0.169643
0 0.430804 0.544643 0.156250 0.196429
0 0.520089 0.712054 0.138393 0.174107
0 0.642857 0.540179 0.151786 0.205357
0 0.745536 0.698661 0.125000 0.183036
0 0.866071 0.540179 0.151786 0.196429
0 0.950893 0.700893 0.098214 0.187500
