1 0.171500 0.654500 0.325000 0.077000
1 0.154000 0.686000 0.264000 0.068000
1 0.595500 0.634000 0.233000 0.040000
1 0.187000 0.734000 0.318000 0.060000
1 0.187000 0.804500 0.256000 0.077000
1 0.163500 0.843000 0.291000 0.058000
1 0.197500 0.925000 0.289000 0.048000
1 0.169500 0.962500 0.337000 0.073000
1 0.581500 0.676500 0.243000 0.041000
1 0.588000 0.731000 0.298000 0.054000
1 0.171500 0.961000 0.261000 0.066000
1 0.579000 0.783000 0.288000 0.054000
1 0.582000 0.894000 0.304000 0.038000
1 0.560000 0.800000 0.282000 0.052000
1 0.574500 0.850000 0.253000 0.054000
1 0.648000 0.990000 0.106000 0.018000
