4 0.021484 0.716797 0.035156 0.089844
4 0.019531 0.822266 0.031250 0.089844
4 0.005859 0.925781 0.003906 0.078125
4 0.214844 0.111328 0.117188 0.097656
4 0.353516 0.054688 0.121094 0.101562
4 0.410156 0.199219 0.125000 0.109375
4 0.271484 0.251953 0.128906 0.105469
4 0.320312 0.380859 0.132812 0.105469
4 0.460938 0.333984 0.125000 0.105469
4 0.367188 0.513672 0.117188 0.105469
4 0.505859 0.464844 0.121094 0.109375
4 0.453125 0.650391 0.117188 0.105469
4 0.589844 0.601562 0.117188 0.093750
4 0.740234 0.621094 0.113281 0.109375
4 0.564453 0.738281 0.121094 0.109375
4 0.708984 0.759766 0.121094 0.105469
4 0.601562 0.130859 0.125000 0.105469
4 0.744141 0.082031 0.121094 0.117188
4 0.791016 0.218750 0.121094 0.117188
4 0.648438 0.263672 0.125000 0.105469
4 0.701172 0.398438 0.121094 0.109375
4 0.843750 0.349609 0.109375 0.097656
