0 0.116071 0.129464 0.116071 0.151786
0 0.316964 0.116071 0.133929 0.142857
0 0.542411 0.118304 0.147321 0.165179
0 0.772321 0.109375 0.125000 0.138393
0 0.997768 0.107143 0.129464 0.142857
0 0.116071 0.640625 0.142857 0.147321
0 0.225446 0.517857 0.129464 0.133929
0 0.337054 0.649554 0.129464 0.129464
0 0.455357 0.531250 0.151786 0.151786
0 0.553571 0.656250 0.125000 0.151786
0 0.671875 0.529018 0.120536 0.156250
0 0.776786 0.658482 0.125000 0.138393
0 0.883929 0.531250 0.125000 0.160714
0 0.993304 0.662946 0.138393 0.147321
