1 0.441406 0.685547 0.093750 0.183594
1 0.509766 0.488281 0.152344 0.218750
1 0.589844 0.339844 0.132812 0.171875
1 0.667969 0.181641 0.164062 0.214844
1 0.748047 0.058594 0.097656 0.109375
1 0.298828 0.101562 0.066406 0.078125
1 0.255859 0.189453 0.074219 0.050781
1 0.263672 0.267578 0.058594 0.058594
1 0.275391 0.345703 0.089844 0.066406
1 0.171875 0.384766 0.062500 0.089844
1 0.171875 0.283203 0.046875 0.074219
1 0.097656 0.281250 0.085938 0.062500
1 0.160156 0.201172 0.039062 0.082031
1 0.218750 0.121094 0.046875 0.070312
1 0.095703 0.150391 0.058594 0.089844
1 0.050781 0.373047 0.039062 0.089844
1 0.078125 0.435547 0.070312 0.066406
