0 0.011161 0.493304 0.066964 0.075893
0 0.073661 0.566964 0.058036 0.071429
0 0.140625 0.488839 0.058036 0.084821
0 0.198661 0.562500 0.066964 0.071429
0 0.254464 0.491071 0.071429 0.089286
0 0.323661 0.564732 0.066964 0.075893
0 0.392857 0.486607 0.053571 0.080357
0 0.457589 0.569196 0.066964 0.084821
0 0.515625 0.486607 0.066964 0.089286
0 0.566964 0.569196 0.053571 0.075893
0 0.022321 0.799107 0.062500 0.071429
0 0.073661 0.875000 0.058036 0.071429
0 0.129464 0.810268 0.062500 0.066964
0 0.200893 0.881696 0.071429 0.075893
0 0.267857 0.801339 0.071429 0.075893
0 0.334821 0.879464 0.062500 0.080357
0 0.392857 0.808036 0.062500 0.062500
0 0.453125 0.875000 0.058036 0.071429
0 0.517857 0.801339 0.062500 0.066964
0 0.566964 0.861607 0.062500 0.080357
0 0.649554 0.803571 0.075893 0.071429
0 0.703125 0.877232 0.066964 0.075893
0 0.758929 0.805804 0.071429 0.075893
0 0.830357 0.875000 0.071429 0.080357
0 0.881696 0.816964 0.058036 0.071429
0 0.955357 0.875000 0.062500 0.071429
