2 0.855469 0.500977 0.046875 0.041016
2 0.745117 0.451172 0.044922 0.042969
2 0.760742 0.435547 0.041016 0.039062
2 0.779297 0.416016 0.039062 0.039062
2 0.791016 0.397461 0.039062 0.037109
2 0.810547 0.366211 0.046875 0.041016
2 0.605469 0.491211 0.035156 0.041016
2 0.629883 0.505859 0.029297 0.035156
2 0.653320 0.515625 0.033203 0.035156
2 0.672852 0.523438 0.029297 0.039062
2 0.697266 0.531250 0.031250 0.035156
2 0.722656 0.535156 0.035156 0.035156
2 0.750977 0.550781 0.033203 0.039062
2 0.771484 0.562500 0.035156 0.039062
