2 0.123047 0.124023 0.070312 0.083984
2 0.368164 0.120117 0.064453 0.083984
2 0.625000 0.125000 0.066406 0.078125
2 0.875977 0.132812 0.052734 0.058594
2 0.121094 0.385742 0.050781 0.056641
2 0.374023 0.376953 0.052734 0.066406
2 0.626953 0.369141 0.066406 0.082031
2 0.873047 0.367188 0.078125 0.093750
2 0.126953 0.624023 0.082031 0.091797
2 0.372070 0.624023 0.076172 0.083984
2 0.625977 0.620117 0.083984 0.083984
2 0.874023 0.622070 0.080078 0.080078
2 0.125977 0.870117 0.080078 0.068359
2 0.374023 0.868164 0.087891 0.076172
2 0.629883 0.864258 0.095703 0.076172
2 0.873047 0.868164 0.085938 0.056641
