2 0.119141 0.120117 0.078125 0.080078
2 0.369141 0.125000 0.066406 0.078125
2 0.622070 0.122070 0.087891 0.087891
2 0.871094 0.121094 0.062500 0.093750
2 0.123047 0.385742 0.058594 0.068359
2 0.375000 0.382812 0.046875 0.054688
2 0.624023 0.381836 0.048828 0.060547
2 0.873047 0.372070 0.082031 0.099609
2 0.123047 0.625000 0.078125 0.097656
2 0.374023 0.620117 0.076172 0.091797
2 0.622070 0.625000 0.080078 0.093750
2 0.874023 0.625977 0.083984 0.091797
2 0.125000 0.878906 0.082031 0.074219
2 0.374023 0.879883 0.091797 0.083984
2 0.618164 0.875000 0.095703 0.085938
2 0.872070 0.880859 0.095703 0.074219
