2 0.123047 0.128906 0.082031 0.089844
2 0.375000 0.129883 0.085938 0.087891
2 0.622070 0.125977 0.087891 0.087891
2 0.873047 0.127930 0.085938 0.076172
2 0.123047 0.380859 0.093750 0.070312
2 0.371094 0.377930 0.097656 0.076172
2 0.616211 0.378906 0.083984 0.058594
2 0.864258 0.378906 0.080078 0.046875
2 0.120117 0.625000 0.087891 0.050781
2 0.371094 0.626953 0.093750 0.039062
2 0.613281 0.626953 0.089844 0.042969
2 0.864258 0.625000 0.095703 0.042969
2 0.120117 0.879883 0.083984 0.041016
2 0.370117 0.876953 0.083984 0.046875
2 0.619141 0.874023 0.085938 0.060547
2 0.872070 0.874023 0.087891 0.072266
