0 0.191406 0.896484 0.015625 0.019531
0 0.199219 0.880859 0.015625 0.019531
0 0.203125 0.890625 0.007812 0.015625
0 0.212891 0.880859 0.011719 0.019531
0 0.220703 0.890625 0.011719 0.015625
0 0.230469 0.878906 0.007812 0.015625
0 0.236328 0.892578 0.011719 0.019531
0 0.250000 0.882812 0.007812 0.015625
0 0.255859 0.890625 0.011719 0.015625
0 0.271484 0.884766 0.011719 0.011719
0 0.277344 0.894531 0.015625 0.015625
0 0.289062 0.884766 0.015625 0.011719
0 0.296875 0.898438 0.015625 0.015625
0 0.306641 0.884766 0.011719 0.011719
0 0.312500 0.898438 0.015625 0.015625
0 0.326172 0.882812 0.011719 0.015625
0 0.343750 0.882812 0.015625 0.015625
0 0.333984 0.896484 0.011719 0.019531
0 0.351562 0.900391 0.015625 0.019531
0 0.361328 0.886719 0.011719 0.015625
0 0.369141 0.900391 0.011719 0.019531
0 0.378906 0.890625 0.015625 0.015625
0 0.384766 0.902344 0.011719 0.015625
0 0.398438 0.890625 0.015625 0.015625
0 0.408203 0.904297 0.011719 0.019531
0 0.419922 0.892578 0.011719 0.019531
0 0.435547 0.890625 0.011719 0.015625
0 0.427734 0.902344 0.011719 0.015625
0 0.443359 0.898438 0.011719 0.015625
0 0.453125 0.890625 0.015625 0.015625
0 0.462891 0.898438 0.011719 0.015625
0 0.470703 0.890625 0.011719 0.015625
0 0.480469 0.902344 0.007812 0.015625
0 0.490234 0.892578 0.011719 0.011719
0 0.500000 0.900391 0.015625 0.011719
0 0.505859 0.892578 0.011719 0.011719
0 0.517578 0.904297 0.011719 0.011719
0 0.525391 0.896484 0.011719 0.019531
0 0.535156 0.904297 0.015625 0.011719
0 0.546875 0.894531 0.015625 0.015625
0 0.554688 0.906250 0.015625 0.015625
0 0.562500 0.894531 0.015625 0.015625
0 0.582031 0.894531 0.015625 0.015625
0 0.572266 0.906250 0.019531 0.015625
0 0.589844 0.906250 0.015625 0.015625
0 0.597656 0.894531 0.015625 0.015625
0 0.613281 0.908203 0.015625 0.011719
0 0.617188 0.894531 0.015625 0.015625
0 0.626953 0.906250 0.019531 0.015625
0 0.636719 0.896484 0.015625 0.019531
0 0.517578 0.953125 0.011719 0.015625
0 0.529297 0.943359 0.011719 0.011719
0 0.537109 0.953125 0.011719 0.015625
0 0.548828 0.943359 0.019531 0.011719
0 0.560547 0.951172 0.011719 0.011719
0 0.568359 0.945312 0.011719 0.015625
0 0.578125 0.957031 0.015625 0.015625
0 0.589844 0.943359 0.015625 0.011719
0 0.595703 0.957031 0.019531 0.015625
0 0.603516 0.947266 0.011719 0.019531
0 0.615234 0.957031 0.011719 0.015625
0 0.623047 0.943359 0.011719 0.011719
0 0.630859 0.957031 0.011719 0.015625
0 0.640625 0.947266 0.015625 0.011719
0 0.187500 0.839844 0.015625 0.015625
0 0.195312 0.830078 0.015625 0.011719
0 0.203125 0.845703 0.015625 0.019531
0 0.210938 0.833984 0.007812 0.011719
0 0.218750 0.847656 0.015625 0.015625
0 0.232422 0.832031 0.011719 0.015625
0 0.242188 0.847656 0.015625 0.015625
0 0.248047 0.832031 0.011719 0.015625
0 0.257812 0.847656 0.007812 0.015625
0 0.267578 0.832031 0.011719 0.015625
0 0.275391 0.845703 0.011719 0.011719
0 0.287109 0.835938 0.011719 0.015625
0 0.292969 0.847656 0.015625 0.015625
0 0.304688 0.839844 0.015625 0.015625
0 0.314453 0.847656 0.011719 0.015625
0 0.324219 0.837891 0.015625 0.011719
0 0.332031 0.851562 0.007812 0.015625
0 0.339844 0.835938 0.015625 0.015625
0 0.349609 0.849609 0.011719 0.011719
0 0.357422 0.837891 0.011719 0.019531
0 0.367188 0.849609 0.015625 0.011719
0 0.380859 0.837891 0.011719 0.011719
0 0.386719 0.851562 0.015625 0.015625
0 0.398438 0.839844 0.015625 0.015625
0 0.406250 0.851562 0.015625 0.015625
0 0.416016 0.841797 0.011719 0.011719
0 0.423828 0.853516 0.011719 0.011719
0 0.435547 0.841797 0.011719 0.019531
0 0.443359 0.851562 0.011719 0.015625
0 0.453125 0.843750 0.015625 0.015625
0 0.460938 0.855469 0.015625 0.015625
0 0.470703 0.841797 0.011719 0.011719
0 0.480469 0.851562 0.015625 0.015625
0 0.488281 0.845703 0.015625 0.019531
0 0.496094 0.853516 0.015625 0.019531
0 0.505859 0.843750 0.011719 0.015625
0 0.517578 0.853516 0.011719 0.019531
0 0.527344 0.843750 0.007812 0.015625
0 0.535156 0.853516 0.015625 0.011719
0 0.542969 0.843750 0.015625 0.015625
0 0.556641 0.855469 0.011719 0.015625
0 0.564453 0.845703 0.011719 0.011719
0 0.572266 0.857422 0.011719 0.011719
0 0.583984 0.845703 0.011719 0.011719
0 0.589844 0.859375 0.015625 0.015625
0 0.601562 0.851562 0.015625 0.015625
0 0.607422 0.859375 0.011719 0.015625
0 0.619141 0.851562 0.011719 0.015625
0 0.626953 0.861328 0.011719 0.019531
0 0.638672 0.851562 0.011719 0.015625
0 0.353516 0.794922 0.011719 0.011719
0 0.363281 0.806641 0.015625 0.019531
0 0.373047 0.798828 0.011719 0.019531
0 0.380859 0.808594 0.011719 0.015625
0 0.392578 0.796875 0.011719 0.015625
0 0.400391 0.806641 0.011719 0.011719
0 0.410156 0.796875 0.015625 0.015625
0 0.419922 0.808594 0.011719 0.015625
0 0.427734 0.798828 0.011719 0.019531
0 0.437500 0.808594 0.007812 0.015625
0 0.447266 0.794922 0.011719 0.019531
0 0.457031 0.808594 0.015625 0.015625
0 0.464844 0.796875 0.015625 0.015625
0 0.474609 0.808594 0.011719 0.015625
0 0.486328 0.800781 0.011719 0.015625
0 0.494141 0.810547 0.011719 0.019531
0 0.501953 0.800781 0.011719 0.015625
0 0.511719 0.812500 0.007812 0.015625
0 0.521484 0.800781 0.011719 0.015625
0 0.527344 0.812500 0.015625 0.015625
0 0.541016 0.798828 0.011719 0.011719
0 0.546875 0.812500 0.015625 0.015625
0 0.560547 0.798828 0.011719 0.011719
0 0.568359 0.810547 0.011719 0.011719
0 0.576172 0.802734 0.011719 0.011719
0 0.583984 0.810547 0.011719 0.011719
0 0.593750 0.802734 0.015625 0.011719
0 0.603516 0.814453 0.011719 0.019531
0 0.027344 0.830078 0.023438 0.019531
0 0.050781 0.832031 0.015625 0.023438
0 0.070312 0.830078 0.015625 0.019531
0 0.091797 0.833984 0.019531 0.019531
0 0.111328 0.830078 0.019531 0.019531
0 0.259766 0.701172 0.019531 0.019531
0 0.287109 0.701172 0.019531 0.019531
0 0.314453 0.705078 0.019531 0.019531
0 0.343750 0.708984 0.015625 0.019531
0 0.373047 0.710938 0.019531 0.015625
0 0.400391 0.714844 0.019531 0.015625
0 0.427734 0.714844 0.019531 0.015625
0 0.455078 0.718750 0.019531 0.015625
0 0.482422 0.720703 0.019531 0.019531
0 0.503906 0.726562 0.015625 0.015625
0 0.535156 0.726562 0.023438 0.015625
0 0.585938 0.726562 0.015625 0.015625
0 0.640625 0.732422 0.015625 0.011719
0 0.666016 0.734375 0.019531 0.015625
0 0.621094 0.671875 0.015625 0.015625
0 0.591797 0.667969 0.019531 0.015625
0 0.609375 0.652344 0.015625 0.023438
0 0.583984 0.648438 0.019531 0.015625
0 0.568359 0.664062 0.019531 0.015625
0 0.554688 0.650391 0.015625 0.019531
0 0.541016 0.666016 0.011719 0.019531
0 0.527344 0.652344 0.015625 0.015625
0 0.511719 0.666016 0.015625 0.011719
0 0.498047 0.650391 0.019531 0.011719
0 0.484375 0.666016 0.015625 0.011719
0 0.468750 0.644531 0.015625 0.015625
0 0.457031 0.662109 0.023438 0.011719
0 0.439453 0.644531 0.019531 0.015625
0 0.417969 0.644531 0.015625 0.015625
0 0.427734 0.662109 0.019531 0.011719
0 0.400391 0.660156 0.019531 0.015625
0 0.388672 0.640625 0.019531 0.015625
0 0.369141 0.660156 0.019531 0.015625
0 0.341797 0.656250 0.019531 0.015625
0 0.359375 0.642578 0.015625 0.019531
0 0.330078 0.642578 0.019531 0.011719
0 0.302734 0.638672 0.019531 0.019531
0 0.273438 0.638672 0.015625 0.019531
0 0.248047 0.640625 0.019531 0.015625
0 0.218750 0.640625 0.023438 0.015625
0 0.203125 0.648438 0.015625 0.015625
0 0.191406 0.634766 0.023438 0.019531
0 0.621094 0.576172 0.023438 0.027344
0 0.587891 0.578125 0.019531 0.031250
0 0.556641 0.572266 0.019531 0.027344
0 0.521484 0.570312 0.019531 0.023438
0 0.494141 0.566406 0.019531 0.023438
0 0.462891 0.566406 0.019531 0.023438
0 0.423828 0.566406 0.019531 0.023438
0 0.392578 0.560547 0.019531 0.019531
0 0.355469 0.560547 0.023438 0.019531
0 0.322266 0.560547 0.019531 0.019531
0 0.289062 0.558594 0.023438 0.023438
0 0.255859 0.556641 0.019531 0.027344
0 0.220703 0.556641 0.019531 0.027344
0 0.189453 0.554688 0.019531 0.023438
0 0.154297 0.552734 0.019531 0.027344
0 0.119141 0.552734 0.019531 0.027344
0 0.087891 0.548828 0.019531 0.027344
0 0.623047 0.500000 0.019531 0.023438
0 0.605469 0.515625 0.023438 0.023438
0 0.591797 0.498047 0.019531 0.019531
0 0.574219 0.515625 0.015625 0.023438
0 0.562500 0.500000 0.015625 0.023438
0 0.542969 0.511719 0.015625 0.023438
0 0.529297 0.496094 0.019531 0.023438
0 0.511719 0.511719 0.015625 0.023438
0 0.498047 0.494141 0.019531 0.019531
0 0.480469 0.505859 0.015625 0.019531
0 0.464844 0.492188 0.015625 0.023438
0 0.449219 0.513672 0.015625 0.019531
0 0.431641 0.492188 0.019531 0.015625
0 0.384766 0.501953 0.019531 0.027344
0 0.365234 0.482422 0.019531 0.027344
0 0.349609 0.500000 0.019531 0.023438
0 0.333984 0.480469 0.019531 0.023438
0 0.316406 0.498047 0.023438 0.027344
0 0.298828 0.482422 0.019531 0.019531
0 0.279297 0.496094 0.019531 0.023438
0 0.263672 0.478516 0.019531 0.019531
0 0.250000 0.494141 0.015625 0.027344
0 0.232422 0.478516 0.019531 0.027344
0 0.214844 0.496094 0.023438 0.031250
0 0.197266 0.474609 0.019531 0.027344
0 0.177734 0.492188 0.019531 0.023438
0 0.162109 0.472656 0.019531 0.023438
0 0.146484 0.490234 0.019531 0.019531
0 0.130859 0.466797 0.027344 0.027344
0 0.113281 0.492188 0.023438 0.023438
0 0.095703 0.468750 0.019531 0.015625
0 0.062500 0.468750 0.023438 0.023438
0 0.082031 0.490234 0.023438 0.027344
0 0.044922 0.486328 0.019531 0.027344
0 0.029297 0.464844 0.019531 0.031250
0 0.613281 0.437500 0.023438 0.023438
0 0.582031 0.437500 0.023438 0.031250
0 0.546875 0.433594 0.015625 0.023438
0 0.517578 0.435547 0.019531 0.027344
0 0.351562 0.421875 0.015625 0.023438
0 0.333984 0.394531 0.019531 0.015625
0 0.318359 0.421875 0.019531 0.015625
0 0.302734 0.396484 0.019531 0.019531
0 0.283203 0.416016 0.019531 0.019531
0 0.269531 0.398438 0.023438 0.023438
0 0.234375 0.396484 0.023438 0.019531
0 0.251953 0.416016 0.019531 0.019531
0 0.212891 0.414062 0.019531 0.023438
0 0.183594 0.412109 0.023438 0.019531
0 0.167969 0.392578 0.015625 0.019531
0 0.148438 0.412109 0.023438 0.019531
0 0.134766 0.392578 0.019531 0.027344
0 0.119141 0.408203 0.011719 0.019531
0 0.101562 0.388672 0.015625 0.019531
0 0.080078 0.410156 0.019531 0.023438
0 0.064453 0.386719 0.019531 0.023438
0 0.046875 0.406250 0.023438 0.015625
0 0.033203 0.388672 0.019531 0.019531
0 0.015625 0.408203 0.023438 0.019531
0 0.361328 0.302734 0.019531 0.027344
0 0.343750 0.322266 0.023438 0.027344
0 0.322266 0.298828 0.019531 0.027344
0 0.310547 0.318359 0.019531 0.019531
0 0.271484 0.322266 0.019531 0.027344
0 0.203125 0.322266 0.015625 0.027344
0 0.169922 0.312500 0.019531 0.023438
0 0.152344 0.292969 0.023438 0.023438
