4 0.443359 0.097656 0.027344 0.031250
4 0.439453 0.130859 0.027344 0.027344
4 0.443359 0.158203 0.027344 0.027344
4 0.441406 0.185547 0.031250 0.027344
4 0.441406 0.212891 0.023438 0.027344
4 0.439453 0.240234 0.027344 0.019531
4 0.441406 0.269531 0.031250 0.031250
4 0.394531 0.111328 0.023438 0.027344
4 0.396484 0.136719 0.027344 0.023438
4 0.396484 0.166016 0.027344 0.027344
4 0.396484 0.195312 0.027344 0.023438
4 0.398438 0.220703 0.031250 0.027344
4 0.400391 0.253906 0.027344 0.023438
4 0.488281 0.183594 0.031250 0.039062
4 0.492188 0.212891 0.031250 0.027344
4 0.492188 0.244141 0.031250 0.027344
4 0.492188 0.269531 0.031250 0.023438
4 0.437500 0.324219 0.031250 0.031250
4 0.390625 0.326172 0.031250 0.027344
4 0.357422 0.324219 0.019531 0.023438
4 0.365234 0.361328 0.027344 0.027344
4 0.417969 0.359375 0.023438 0.031250
4 0.498047 0.357422 0.035156 0.035156
4 0.552734 0.375000 0.035156 0.031250
4 0.496094 0.390625 0.039062 0.031250
4 0.496094 0.427734 0.039062 0.035156
4 0.572266 0.425781 0.042969 0.039062
4 0.439453 0.394531 0.027344 0.023438
4 0.386719 0.400391 0.031250 0.027344
4 0.642578 0.330078 0.027344 0.027344
4 0.697266 0.332031 0.027344 0.023438
4 0.744141 0.332031 0.027344 0.031250
4 0.796875 0.332031 0.023438 0.031250
4 0.714844 0.406250 0.031250 0.031250
4 0.712891 0.472656 0.035156 0.031250
4 0.710938 0.505859 0.031250 0.027344
4 0.712891 0.537109 0.035156 0.027344
4 0.681641 0.445312 0.027344 0.023438
4 0.730469 0.439453 0.023438 0.035156
4 0.751953 0.474609 0.027344 0.027344
4 0.751953 0.507812 0.035156 0.031250
4 0.753906 0.541016 0.031250 0.027344
4 0.755859 0.572266 0.035156 0.027344
4 0.798828 0.472656 0.035156 0.031250
4 0.839844 0.476562 0.031250 0.031250
4 0.839844 0.507812 0.031250 0.031250
4 0.839844 0.539062 0.023438 0.023438
4 0.841797 0.572266 0.027344 0.027344
4 0.796875 0.505859 0.031250 0.027344
4 0.796875 0.539062 0.031250 0.023438
4 0.796875 0.572266 0.031250 0.027344
4 0.201172 0.550781 0.027344 0.015625
4 0.199219 0.585938 0.023438 0.023438
4 0.154297 0.544922 0.027344 0.027344
4 0.158203 0.583984 0.027344 0.027344
4 0.107422 0.548828 0.027344 0.027344
4 0.109375 0.583984 0.031250 0.035156
4 0.060547 0.546875 0.027344 0.031250
4 0.060547 0.583984 0.027344 0.027344
4 0.013672 0.546875 0.027344 0.031250
4 0.013672 0.585938 0.027344 0.031250
4 0.714844 0.658203 0.031250 0.027344
4 0.761719 0.660156 0.031250 0.031250
4 0.806641 0.662109 0.027344 0.027344
4 0.849609 0.658203 0.027344 0.027344
4 0.888672 0.662109 0.027344 0.027344
4 0.716797 0.689453 0.035156 0.027344
4 0.759766 0.691406 0.019531 0.023438
4 0.806641 0.693359 0.027344 0.027344
4 0.849609 0.695312 0.027344 0.023438
4 0.886719 0.691406 0.031250 0.023438
4 0.742188 0.722656 0.023438 0.023438
4 0.716797 0.748047 0.035156 0.027344
4 0.757812 0.748047 0.031250 0.027344
4 0.804688 0.714844 0.023438 0.015625
4 0.830078 0.720703 0.019531 0.011719
4 0.859375 0.718750 0.023438 0.015625
4 0.886719 0.720703 0.023438 0.019531
4 0.361328 0.126953 0.027344 0.027344
4 0.361328 0.162109 0.027344 0.027344
4 0.361328 0.185547 0.027344 0.027344
4 0.359375 0.240234 0.031250 0.027344
4 0.359375 0.261719 0.031250 0.023438
4 0.238281 0.357422 0.023438 0.027344
4 0.189453 0.359375 0.027344 0.023438
4 0.037109 0.330078 0.027344 0.027344
3 0.671875 0.929688 0.023438 0.039062
3 0.330078 0.464844 0.027344 0.023438
