2 0.119141 0.124023 0.074219 0.080078
2 0.367188 0.124023 0.074219 0.080078
2 0.620117 0.124023 0.072266 0.083984
2 0.873047 0.123047 0.066406 0.082031
2 0.121094 0.371094 0.070312 0.082031
2 0.370117 0.375977 0.060547 0.076172
2 0.615234 0.377930 0.062500 0.083984
2 0.867188 0.374023 0.042969 0.064453
2 0.119141 0.630859 0.050781 0.066406
2 0.369141 0.623047 0.054688 0.066406
2 0.623047 0.620117 0.066406 0.080078
2 0.872070 0.619141 0.076172 0.085938
2 0.124023 0.868164 0.072266 0.083984
2 0.374023 0.872070 0.087891 0.087891
2 0.620117 0.866211 0.083984 0.083984
2 0.871094 0.870117 0.093750 0.083984
