2 0.081055 0.460938 0.056641 0.089844
2 0.066406 0.587891 0.054688 0.085938
2 0.137695 0.594727 0.056641 0.083984
2 0.203125 0.596680 0.054688 0.083984
2 0.271484 0.604492 0.058594 0.091797
2 0.150391 0.477539 0.050781 0.083984
2 0.215820 0.476562 0.041016 0.078125
2 0.288086 0.494141 0.052734 0.066406
2 0.344727 0.619141 0.060547 0.085938
2 0.362305 0.500000 0.052734 0.066406
2 0.500000 0.500000 0.046875 0.089844
2 0.676758 0.206055 0.052734 0.083984
2 0.746094 0.205078 0.046875 0.074219
2 0.817383 0.211914 0.048828 0.076172
2 0.883789 0.226562 0.044922 0.066406
2 0.417969 0.605469 0.058594 0.117188
2 0.575195 0.489258 0.048828 0.119141
2 0.637695 0.520508 0.056641 0.107422
2 0.708984 0.488281 0.054688 0.113281
2 0.779297 0.507812 0.042969 0.066406
2 0.851562 0.506836 0.050781 0.076172
2 0.927734 0.497070 0.050781 0.083984
