2 0.382812 0.052734 0.097656 0.105469
2 0.443359 0.067383 0.082031 0.107422
2 0.496094 0.113281 0.105469 0.121094
2 0.563477 0.134766 0.087891 0.101562
2 0.624023 0.297852 0.099609 0.115234
2 0.567383 0.256836 0.087891 0.099609
2 0.508789 0.231445 0.091797 0.111328
2 0.433594 0.219727 0.101562 0.119141
2 0.380859 0.186523 0.082031 0.091797
2 0.313477 0.168945 0.087891 0.103516
2 0.246094 0.138672 0.085938 0.105469
2 0.092773 0.395508 0.095703 0.115234
2 0.153320 0.430664 0.087891 0.107422
2 0.215820 0.460938 0.095703 0.109375
2 0.274414 0.500977 0.083984 0.107422
2 0.343750 0.518555 0.085938 0.107422
2 0.399414 0.552734 0.080078 0.105469
2 0.460938 0.569336 0.089844 0.103516
2 0.516602 0.604492 0.099609 0.123047
2 0.583008 0.621094 0.083984 0.101562
2 0.637695 0.668945 0.095703 0.111328
2 0.704102 0.687500 0.080078 0.093750
2 0.713867 0.815430 0.095703 0.115234
2 0.638672 0.792969 0.089844 0.113281
2 0.575195 0.778320 0.083984 0.099609
2 0.522461 0.738281 0.083984 0.097656
2 0.451172 0.705078 0.093750 0.113281
2 0.392578 0.679688 0.093750 0.105469
2 0.330078 0.659180 0.089844 0.107422
2 0.269531 0.629883 0.074219 0.091797
2 0.209961 0.597656 0.095703 0.105469
2 0.148438 0.570312 0.085938 0.097656
2 0.083984 0.545898 0.085938 0.091797
2 0.055664 0.848633 0.056641 0.080078
2 0.113281 0.890625 0.093750 0.109375
2 0.183594 0.916992 0.089844 0.103516
2 0.243164 0.944336 0.083984 0.103516
