4 0.843750 0.335938 0.031250 0.031250
4 0.777344 0.367188 0.031250 0.031250
4 0.722656 0.398438 0.039062 0.031250
4 0.666016 0.421875 0.027344 0.031250
4 0.525391 0.416016 0.035156 0.027344
4 0.628906 0.457031 0.031250 0.023438
4 0.707031 0.457031 0.031250 0.031250
4 0.775391 0.429688 0.035156 0.031250
4 0.564453 0.572266 0.035156 0.035156
4 0.562500 0.613281 0.031250 0.031250
4 0.628906 0.703125 0.031250 0.031250
4 0.712891 0.570312 0.042969 0.031250
4 0.650391 0.570312 0.042969 0.039062
4 0.707031 0.703125 0.023438 0.023438
3 0.468750 0.345703 0.015625 0.027344
3 0.896484 0.041016 0.035156 0.019531
