2 0.123047 0.126953 0.082031 0.046875
2 0.373047 0.124023 0.082031 0.056641
2 0.622070 0.124023 0.080078 0.052734
2 0.868164 0.121094 0.083984 0.054688
2 0.121094 0.374023 0.082031 0.064453
2 0.370117 0.375977 0.087891 0.072266
2 0.623047 0.375000 0.074219 0.070312
2 0.872070 0.374023 0.080078 0.080078
2 0.124023 0.625000 0.076172 0.085938
2 0.375000 0.627930 0.058594 0.072266
2 0.623047 0.630859 0.058594 0.074219
2 0.874023 0.632812 0.037109 0.074219
2 0.122070 0.880859 0.037109 0.074219
2 0.372070 0.889648 0.044922 0.056641
2 0.623047 0.881836 0.054688 0.076172
2 0.870117 0.892578 0.048828 0.058594
