2 0.125977 0.138672 0.037109 0.035156
2 0.371094 0.138672 0.042969 0.046875
2 0.621094 0.130859 0.050781 0.062500
2 0.874023 0.125977 0.044922 0.056641
2 0.126953 0.368164 0.050781 0.072266
2 0.375977 0.370117 0.052734 0.068359
2 0.627930 0.365234 0.072266 0.085938
2 0.875977 0.372070 0.064453 0.068359
2 0.127930 0.617188 0.076172 0.078125
2 0.375977 0.620117 0.072266 0.064453
2 0.630859 0.615234 0.105469 0.085938
2 0.866211 0.619141 0.119141 0.093750
2 0.125000 0.875000 0.125000 0.082031
2 0.380859 0.867188 0.085938 0.046875
2 0.623047 0.868164 0.070312 0.033203
2 0.873047 0.871094 0.074219 0.035156
