1 0.129000 0.752000 0.256000 0.062000
1 0.182000 0.713000 0.250000 0.058000
1 0.155000 0.659000 0.308000 0.096000
1 0.170500 0.612500 0.297000 0.081000
1 0.178000 0.575500 0.266000 0.085000
1 0.174000 0.534500 0.316000 0.091000
1 0.194000 0.513000 0.288000 0.076000
1 0.097000 0.224500 0.186000 0.057000
1 0.109500 0.183000 0.217000 0.056000
1 0.190000 0.474000 0.168000 0.064000
1 0.213500 0.426500 0.183000 0.057000
1 0.648500 0.445000 0.225000 0.040000
1 0.640500 0.481000 0.187000 0.032000
1 0.612500 0.539000 0.207000 0.034000
1 0.500000 0.622000 0.288000 0.056000
1 0.440500 0.917500 0.205000 0.043000
1 0.395500 0.869000 0.223000 0.068000
1 0.217500 0.100500 0.433000 0.101000
1 0.461000 0.803500 0.276000 0.061000
1 0.465500 0.662500 0.267000 0.047000
1 0.449500 0.756500 0.225000 0.057000
1 0.196500 0.053000 0.391000 0.104000
