4 0.533203 0.804688 0.027344 0.023438
4 0.537109 0.828125 0.019531 0.015625
4 0.564453 0.796875 0.027344 0.023438
4 0.587891 0.806641 0.019531 0.019531
4 0.597656 0.785156 0.031250 0.023438
4 0.625000 0.796875 0.015625 0.015625
4 0.630859 0.771484 0.027344 0.019531
4 0.662109 0.781250 0.019531 0.023438
4 0.666016 0.755859 0.019531 0.019531
4 0.685547 0.748047 0.019531 0.019531
4 0.414062 0.800781 0.039062 0.031250
4 0.457031 0.787109 0.031250 0.035156
4 0.535156 0.751953 0.031250 0.027344
4 0.576172 0.740234 0.035156 0.027344
4 0.605469 0.748047 0.015625 0.019531
4 0.611328 0.724609 0.027344 0.027344
4 0.636719 0.734375 0.015625 0.015625
4 0.654297 0.710938 0.027344 0.023438
4 0.683594 0.720703 0.015625 0.011719
4 0.693359 0.699219 0.027344 0.031250
4 0.687500 0.667969 0.015625 0.015625
4 0.666016 0.634766 0.027344 0.019531
4 0.654297 0.605469 0.035156 0.023438
4 0.716797 0.615234 0.035156 0.027344
4 0.720703 0.646484 0.019531 0.011719
4 0.687500 0.591797 0.031250 0.019531
4 0.718750 0.580078 0.023438 0.019531
4 0.732422 0.675781 0.019531 0.023438
4 0.052734 0.390625 0.027344 0.023438
4 0.080078 0.380859 0.027344 0.027344
4 0.105469 0.371094 0.023438 0.031250
4 0.136719 0.365234 0.031250 0.027344
3 0.777344 0.205078 0.382812 0.152344
3 0.824219 0.330078 0.312500 0.167969
