0 0.133929 0.040179 0.107143 0.142857
0 0.220982 0.180804 0.120536 0.174107
0 0.299107 0.042411 0.116071 0.147321
0 0.390625 0.174107 0.111607 0.178571
0 0.484375 0.037946 0.102679 0.156250
0 0.562500 0.185268 0.125000 0.165179
0 0.638393 0.040179 0.107143 0.160714
0 0.729911 0.185268 0.129464 0.165179
0 0.814732 0.042411 0.129464 0.156250
0 0.899554 0.187500 0.111607 0.151786
0 0.058036 0.707589 0.116071 0.156250
0 0.138393 0.573661 0.107143 0.147321
0 0.220982 0.707589 0.111607 0.147321
0 0.388393 0.712054 0.107143 0.156250
0 0.482143 0.580357 0.116071 0.133929
0 0.564732 0.705357 0.120536 0.160714
0 0.734375 0.709821 0.129464 0.160714
0 0.810268 0.573661 0.129464 0.156250
0 0.906250 0.712054 0.116071 0.156250
0 0.986607 0.573661 0.107143 0.147321
