2 0.119141 0.119141 0.085938 0.082031
2 0.370117 0.118164 0.076172 0.076172
2 0.620117 0.114258 0.072266 0.076172
2 0.867188 0.115234 0.070312 0.078125
2 0.115234 0.363281 0.082031 0.089844
2 0.363281 0.363281 0.070312 0.082031
2 0.618164 0.367188 0.068359 0.082031
2 0.871094 0.361328 0.074219 0.082031
2 0.122070 0.613281 0.052734 0.078125
2 0.375000 0.615234 0.042969 0.070312
2 0.625977 0.615234 0.068359 0.085938
2 0.877930 0.615234 0.076172 0.085938
2 0.130859 0.867188 0.058594 0.078125
2 0.379883 0.868164 0.076172 0.083984
2 0.628906 0.867188 0.074219 0.078125
2 0.878906 0.870117 0.074219 0.064453
