2 0.535156 0.855469 0.113281 0.058594
2 0.508789 0.788086 0.091797 0.037109
2 0.518555 0.684570 0.115234 0.056641
2 0.507812 0.609375 0.109375 0.054688
2 0.500000 0.500000 0.113281 0.058594
2 0.916992 0.471680 0.111328 0.060547
2 0.943359 0.583984 0.101562 0.042969
2 0.947266 0.699219 0.101562 0.054688
2 0.949219 0.769531 0.097656 0.054688
2 0.950195 0.877930 0.095703 0.052734
2 0.527344 0.205078 0.113281 0.050781
2 0.916016 0.182617 0.101562 0.044922
2 0.889648 0.028320 0.111328 0.048828
2 0.520508 0.050781 0.115234 0.050781
