4 0.111328 0.146484 0.105469 0.113281
4 0.039062 0.324219 0.070312 0.109375
4 0.158203 0.281250 0.113281 0.101562
4 0.347656 0.210938 0.109375 0.101562
4 0.539062 0.287109 0.101562 0.105469
4 0.392578 0.341797 0.121094 0.105469
4 0.214844 0.412109 0.132812 0.121094
4 0.064453 0.460938 0.121094 0.109375
4 0.263672 0.548828 0.113281 0.113281
4 0.126953 0.597656 0.105469 0.117188
4 0.169922 0.730469 0.113281 0.109375
4 0.310547 0.675781 0.113281 0.109375
4 0.224609 0.855469 0.105469 0.117188
4 0.357422 0.810547 0.113281 0.113281
4 0.275391 0.968750 0.113281 0.062500
4 0.417969 0.947266 0.117188 0.105469
4 0.591797 0.427734 0.113281 0.121094
4 0.455078 0.478516 0.113281 0.113281
4 0.498047 0.607422 0.113281 0.113281
4 0.638672 0.560547 0.113281 0.105469
4 0.548828 0.738281 0.113281 0.117188
4 0.693359 0.691406 0.113281 0.117188
4 0.605469 0.882812 0.117188 0.101562
4 0.751953 0.832031 0.097656 0.109375
4 0.800781 0.957031 0.117188 0.085938
