4 0.189453 0.864258 0.058594 0.056641
4 0.192383 0.786133 0.052734 0.064453
4 0.254883 0.779297 0.052734 0.066406
4 0.322266 0.767578 0.050781 0.070312
4 0.372070 0.900391 0.052734 0.066406
4 0.418945 0.833984 0.044922 0.062500
4 0.475586 0.777344 0.060547 0.062500
4 0.520508 0.720703 0.048828 0.070312
4 0.588867 0.725586 0.052734 0.064453
4 0.133789 0.703125 0.056641 0.066406
4 0.188477 0.647461 0.052734 0.068359
4 0.260742 0.661133 0.056641 0.068359
4 0.307617 0.599609 0.056641 0.066406
4 0.384766 0.584961 0.058594 0.068359
4 0.375000 0.502930 0.054688 0.064453
4 0.564453 0.358398 0.062500 0.068359
4 0.547852 0.272461 0.068359 0.068359
4 0.474609 0.302734 0.054688 0.062500
4 0.469727 0.191406 0.064453 0.070312
4 0.425781 0.252930 0.062500 0.064453
4 0.370117 0.202148 0.060547 0.064453
