1 0.592500 0.498125 0.020000 0.018750
1 0.525000 0.736250 0.020000 0.025000
1 0.552500 0.771875 0.015000 0.016250
1 0.601875 0.784375 0.016250 0.016250
1 0.633750 0.721875 0.017500 0.016250
1 0.366875 0.761250 0.026250 0.020000
1 0.430625 0.690000 0.028750 0.025000
1 0.508125 0.560625 0.026250 0.028750
1 0.631875 0.685000 0.018750 0.017500
1 0.573125 0.666875 0.018750 0.016250
1 0.473125 0.797500 0.021250 0.017500
1 0.551875 0.685000 0.016250 0.015000
1 0.512500 0.766250 0.020000 0.017500
1 0.603125 0.750625 0.016250 0.013750
1 0.718750 0.491875 0.052500 0.028750
1 0.527500 0.703125 0.015000 0.016250
1 0.546250 0.711875 0.017500 0.018750
