4 0.046875 0.941406 0.054688 0.070312
4 0.066406 0.873047 0.062500 0.074219
4 0.072266 0.785156 0.082031 0.085938
4 0.101562 0.695312 0.085938 0.085938
4 0.113281 0.599609 0.070312 0.082031
4 0.085938 0.066406 0.070312 0.078125
4 0.046875 0.138672 0.078125 0.074219
4 0.148438 0.107422 0.062500 0.074219
4 0.117188 0.185547 0.078125 0.066406
4 0.210938 0.156250 0.062500 0.070312
4 0.177734 0.228516 0.066406 0.066406
4 0.037109 0.550781 0.066406 0.085938
4 0.066406 0.269531 0.062500 0.070312
4 0.111328 0.310547 0.066406 0.074219
4 0.179688 0.328125 0.070312 0.070312
4 0.044922 0.339844 0.082031 0.093750
4 0.044922 0.339844 0.082031 0.093750
4 0.105469 0.380859 0.085938 0.082031
4 0.154297 0.421875 0.074219 0.070312
