4 0.314453 0.855469 0.128906 0.101562
4 0.273438 0.736328 0.101562 0.089844
4 0.283203 0.615234 0.113281 0.105469
4 0.287109 0.500000 0.097656 0.101562
4 0.402344 0.439453 0.140625 0.136719
4 0.548828 0.406250 0.105469 0.125000
4 0.699219 0.363281 0.125000 0.132812
4 0.855469 0.335938 0.140625 0.148438
4 0.427734 0.603516 0.121094 0.128906
4 0.572266 0.572266 0.121094 0.136719
4 0.744141 0.541016 0.136719 0.128906
4 0.878906 0.501953 0.117188 0.136719
4 0.451172 0.773438 0.136719 0.132812
4 0.591797 0.742188 0.136719 0.132812
4 0.763672 0.699219 0.128906 0.140625
4 0.900391 0.675781 0.128906 0.132812
