4 0.076172 0.716797 0.121094 0.121094
4 0.064453 0.849609 0.121094 0.113281
4 0.240234 0.736328 0.160156 0.121094
4 0.214844 0.876953 0.148438 0.113281
4 0.376953 0.757812 0.144531 0.101562
4 0.353516 0.894531 0.136719 0.117188
4 0.667969 0.878906 0.125000 0.101562
4 0.646484 0.970703 0.097656 0.058594
4 0.525391 0.830078 0.105469 0.089844
4 0.507812 0.902344 0.132812 0.078125
4 0.808594 0.080078 0.132812 0.105469
4 0.869141 0.220703 0.121094 0.097656
4 0.912109 0.357422 0.128906 0.105469
4 0.953125 0.486328 0.093750 0.097656
