4 0.518555 0.946289 0.060547 0.072266
4 0.585938 0.952148 0.062500 0.076172
4 0.126953 0.930664 0.066406 0.068359
4 0.181641 0.874023 0.062500 0.064453
4 0.257812 0.888672 0.066406 0.066406
4 0.303711 0.829102 0.060547 0.072266
4 0.381836 0.812500 0.060547 0.062500
4 0.373047 0.728516 0.062500 0.066406
4 0.561523 0.583008 0.068359 0.068359
4 0.542969 0.500977 0.066406 0.068359
4 0.471680 0.531250 0.060547 0.066406
4 0.422852 0.479492 0.072266 0.060547
4 0.470703 0.420898 0.070312 0.064453
4 0.369141 0.431641 0.074219 0.066406
