2 0.115234 0.128906 0.070312 0.035156
2 0.375977 0.127930 0.068359 0.072266
2 0.630859 0.135742 0.074219 0.080078
2 0.875000 0.135742 0.050781 0.056641
2 0.124023 0.382812 0.044922 0.054688
2 0.375000 0.388672 0.042969 0.042969
2 0.622070 0.382812 0.041016 0.050781
2 0.871094 0.368164 0.050781 0.076172
2 0.120117 0.625977 0.048828 0.064453
2 0.373047 0.622070 0.062500 0.072266
2 0.618164 0.627930 0.056641 0.064453
2 0.873047 0.618164 0.078125 0.083984
2 0.118164 0.871094 0.068359 0.070312
2 0.375977 0.873047 0.076172 0.062500
2 0.623047 0.872070 0.066406 0.056641
2 0.876953 0.870117 0.085938 0.068359
