2 0.121094 0.121094 0.082031 0.050781
2 0.370117 0.119141 0.087891 0.054688
2 0.621094 0.120117 0.085938 0.056641
2 0.875000 0.124023 0.085938 0.060547
2 0.122070 0.374023 0.087891 0.072266
2 0.374023 0.377930 0.076172 0.068359
2 0.626953 0.375000 0.078125 0.074219
2 0.873047 0.377930 0.078125 0.080078
2 0.126953 0.627930 0.074219 0.080078
2 0.372070 0.631836 0.048828 0.072266
2 0.626953 0.625000 0.066406 0.082031
2 0.874023 0.628906 0.064453 0.074219
2 0.126953 0.872070 0.078125 0.083984
2 0.375977 0.873047 0.076172 0.078125
2 0.624023 0.874023 0.076172 0.076172
2 0.875000 0.871094 0.078125 0.070312
