4 0.519531 0.789062 0.054688 0.066406
4 0.531250 0.875000 0.058594 0.070312
4 0.589844 0.773438 0.058594 0.062500
4 0.599609 0.861328 0.054688 0.070312
4 0.655273 0.803711 0.052734 0.072266
4 0.655273 0.923828 0.056641 0.058594
4 0.710938 0.869141 0.058594 0.070312
4 0.751953 0.936523 0.058594 0.060547
4 0.021484 0.952148 0.046875 0.056641
4 0.069336 0.940430 0.048828 0.056641
4 0.073242 0.862305 0.060547 0.056641
4 0.056641 0.797852 0.050781 0.052734
4 0.838867 0.549805 0.044922 0.037109
4 0.889648 0.539062 0.041016 0.042969
4 0.843750 0.604492 0.050781 0.052734
4 0.849609 0.669922 0.054688 0.050781
4 0.900391 0.598633 0.046875 0.060547
4 0.909180 0.659180 0.052734 0.048828
4 0.907227 0.719727 0.048828 0.048828
4 0.923828 0.787109 0.066406 0.062500
4 0.980469 0.614258 0.070312 0.072266
