4 0.097656 0.636719 0.070312 0.085938
4 0.175781 0.669922 0.070312 0.089844
4 0.253906 0.708984 0.070312 0.082031
4 0.345703 0.736328 0.066406 0.074219
4 0.439453 0.769531 0.066406 0.070312
4 0.398438 0.857422 0.070312 0.074219
4 0.318359 0.826172 0.074219 0.074219
4 0.220703 0.789062 0.074219 0.078125
4 0.144531 0.761719 0.070312 0.078125
4 0.066406 0.728516 0.070312 0.074219
4 0.396484 0.943359 0.066406 0.066406
4 0.318359 0.908203 0.066406 0.074219
4 0.029297 0.894531 0.050781 0.078125
4 0.271484 0.984375 0.074219 0.031250
4 0.181641 0.962891 0.058594 0.074219
4 0.111328 0.925781 0.074219 0.078125
