4 0.048828 0.111328 0.089844 0.105469
4 0.142578 0.093750 0.082031 0.101562
4 0.246094 0.074219 0.093750 0.117188
4 0.201172 0.232422 0.089844 0.089844
4 0.294922 0.216797 0.089844 0.097656
4 0.218750 0.343750 0.078125 0.101562
4 0.308594 0.332031 0.085938 0.101562
4 0.523438 0.775391 0.101562 0.121094
4 0.634766 0.662109 0.105469 0.128906
4 0.500000 0.603516 0.109375 0.128906
4 0.470703 0.441406 0.097656 0.125000
4 0.609375 0.500000 0.117188 0.125000
4 0.595703 0.322266 0.105469 0.128906
4 0.775391 0.464844 0.105469 0.132812
4 0.751953 0.294922 0.136719 0.128906
4 0.882812 0.261719 0.101562 0.132812
4 0.902344 0.433594 0.109375 0.132812
