4 0.592773 0.241211 0.060547 0.060547
4 0.583008 0.307617 0.068359 0.056641
4 0.674805 0.250977 0.080078 0.060547
4 0.662109 0.321289 0.074219 0.056641
4 0.647461 0.409180 0.068359 0.056641
4 0.566406 0.397461 0.074219 0.056641
4 0.743164 0.261719 0.072266 0.050781
4 0.731445 0.330078 0.068359 0.058594
4 0.715820 0.420898 0.060547 0.056641
4 0.785156 0.434570 0.058594 0.060547
4 0.888672 0.322266 0.062500 0.050781
4 0.877930 0.372070 0.048828 0.037109
4 0.869141 0.422852 0.042969 0.044922
4 0.924805 0.428711 0.048828 0.044922
4 0.922852 0.481445 0.048828 0.044922
4 0.854492 0.473633 0.044922 0.041016
4 0.849609 0.521484 0.039062 0.035156
4 0.908203 0.533203 0.050781 0.039062
4 0.817383 0.297852 0.052734 0.044922
4 0.808594 0.333984 0.066406 0.039062
