2 0.120117 0.121094 0.087891 0.078125
2 0.374023 0.121094 0.095703 0.066406
2 0.624023 0.123047 0.095703 0.062500
2 0.873047 0.121094 0.093750 0.054688
2 0.121094 0.375000 0.085938 0.046875
2 0.375000 0.373047 0.085938 0.031250
2 0.618164 0.375000 0.076172 0.027344
2 0.864258 0.374023 0.083984 0.033203
2 0.117188 0.625000 0.085938 0.042969
2 0.363281 0.624023 0.082031 0.044922
2 0.618164 0.624023 0.080078 0.048828
2 0.863281 0.623047 0.070312 0.058594
2 0.117188 0.874023 0.078125 0.064453
2 0.367188 0.869141 0.093750 0.082031
2 0.616211 0.858398 0.056641 0.068359
2 0.874023 0.872070 0.064453 0.087891
