2 0.044922 0.055664 0.085938 0.064453
2 0.241211 0.052734 0.126953 0.089844
2 0.205078 0.103516 0.109375 0.078125
2 0.175781 0.153320 0.101562 0.072266
2 0.149414 0.196289 0.095703 0.068359
2 0.120117 0.232422 0.107422 0.066406
2 0.641602 0.101562 0.111328 0.062500
2 0.612305 0.152344 0.111328 0.058594
2 0.581055 0.253906 0.130859 0.070312
2 0.552734 0.306641 0.113281 0.074219
2 0.514648 0.395508 0.123047 0.080078
2 0.500977 0.500977 0.134766 0.083984
2 0.489258 0.561523 0.123047 0.076172
2 0.514648 0.447266 0.134766 0.074219
2 0.438477 0.658203 0.126953 0.070312
2 0.431641 0.709961 0.113281 0.056641
2 0.425781 0.760742 0.113281 0.060547
2 0.412109 0.811523 0.105469 0.064453
2 0.385742 0.888672 0.123047 0.078125
2 0.369141 0.947266 0.109375 0.066406
