2 0.122070 0.119141 0.080078 0.050781
2 0.372070 0.123047 0.076172 0.050781
2 0.624023 0.121094 0.080078 0.058594
2 0.872070 0.113281 0.091797 0.082031
2 0.125977 0.370117 0.087891 0.076172
2 0.373047 0.369141 0.078125 0.078125
2 0.625000 0.366211 0.082031 0.091797
2 0.875000 0.363281 0.074219 0.082031
2 0.126953 0.615234 0.078125 0.085938
2 0.379883 0.621094 0.056641 0.062500
2 0.625000 0.615234 0.074219 0.085938
2 0.870117 0.619141 0.068359 0.082031
2 0.118164 0.867188 0.080078 0.085938
2 0.372070 0.872070 0.076172 0.080078
2 0.619141 0.870117 0.082031 0.083984
2 0.872070 0.875977 0.080078 0.080078
