2 0.124023 0.128906 0.052734 0.062500
2 0.373047 0.122070 0.042969 0.080078
2 0.622070 0.126953 0.048828 0.066406
2 0.874023 0.124023 0.052734 0.083984
2 0.124023 0.375977 0.060547 0.083984
2 0.370117 0.372070 0.076172 0.091797
2 0.624023 0.375977 0.083984 0.091797
2 0.874023 0.372070 0.095703 0.095703
2 0.121094 0.623047 0.085938 0.089844
2 0.382812 0.621094 0.101562 0.085938
2 0.626953 0.625977 0.089844 0.068359
2 0.873047 0.625000 0.097656 0.074219
2 0.122070 0.876953 0.091797 0.070312
2 0.374023 0.873047 0.091797 0.054688
2 0.629883 0.873047 0.068359 0.046875
2 0.874023 0.876953 0.076172 0.035156
