2 0.117188 0.119141 0.074219 0.042969
2 0.381836 0.118164 0.095703 0.037109
2 0.627930 0.121094 0.083984 0.039062
2 0.875977 0.118164 0.095703 0.060547
2 0.125977 0.370117 0.091797 0.064453
2 0.369141 0.367188 0.117188 0.074219
2 0.623047 0.369141 0.093750 0.070312
2 0.875000 0.374023 0.097656 0.091797
2 0.122070 0.624023 0.087891 0.083984
2 0.370117 0.618164 0.083984 0.103516
2 0.625977 0.620117 0.076172 0.087891
2 0.883789 0.625977 0.068359 0.083984
2 0.130859 0.878906 0.066406 0.078125
2 0.371094 0.872070 0.078125 0.095703
2 0.623047 0.873047 0.089844 0.097656
2 0.869141 0.875977 0.085938 0.095703
