4 0.724609 0.093750 0.035156 0.023438
4 0.667969 0.083984 0.039062 0.035156
4 0.650391 0.189453 0.042969 0.042969
4 0.779297 0.066406 0.027344 0.031250
4 0.810547 0.054688 0.027344 0.031250
4 0.720703 0.042969 0.027344 0.023438
4 0.710938 0.025391 0.031250 0.027344
4 0.798828 0.027344 0.027344 0.023438
4 0.767578 0.041016 0.035156 0.027344
4 0.755859 0.017578 0.035156 0.027344
4 0.853516 0.042969 0.027344 0.023438
4 0.839844 0.015625 0.039062 0.031250
4 0.660156 0.134766 0.031250 0.035156
4 0.716797 0.140625 0.035156 0.031250
