4 0.060547 0.369141 0.113281 0.136719
4 0.197266 0.382812 0.113281 0.132812
4 0.052734 0.542969 0.097656 0.132812
4 0.185547 0.554688 0.121094 0.140625
4 0.048828 0.708984 0.089844 0.128906
4 0.175781 0.726562 0.109375 0.140625
4 0.367188 0.400391 0.125000 0.144531
4 0.511719 0.412109 0.109375 0.136719
4 0.644531 0.433594 0.125000 0.140625
4 0.363281 0.574219 0.101562 0.125000
4 0.498047 0.585938 0.113281 0.140625
4 0.636719 0.597656 0.109375 0.132812
4 0.810547 0.597656 0.105469 0.132812
4 0.945312 0.607422 0.109375 0.128906
4 0.345703 0.798828 0.113281 0.136719
4 0.484375 0.804688 0.109375 0.132812
4 0.623047 0.818359 0.105469 0.136719
4 0.798828 0.767578 0.121094 0.128906
4 0.941406 0.781250 0.109375 0.132812
4 0.335938 0.947266 0.109375 0.105469
4 0.474609 0.957031 0.105469 0.085938
4 0.611328 0.960938 0.113281 0.078125
4 0.789062 0.939453 0.101562 0.121094
4 0.929688 0.941406 0.109375 0.117188
4 0.173828 0.105469 0.128906 0.132812
4 0.318359 0.113281 0.121094 0.132812
4 0.449219 0.125000 0.101562 0.140625
