2 0.122070 0.124023 0.083984 0.068359
2 0.370117 0.124023 0.091797 0.076172
2 0.619141 0.124023 0.082031 0.080078
2 0.870117 0.125000 0.083984 0.074219
2 0.120117 0.375000 0.083984 0.078125
2 0.371094 0.375977 0.078125 0.076172
2 0.619141 0.375000 0.078125 0.082031
2 0.868164 0.375000 0.083984 0.085938
2 0.119141 0.618164 0.097656 0.091797
2 0.370117 0.620117 0.091797 0.095703
2 0.622070 0.623047 0.083984 0.089844
2 0.871094 0.620117 0.074219 0.091797
2 0.129883 0.888672 0.060547 0.066406
2 0.379883 0.892578 0.060547 0.066406
2 0.623047 0.894531 0.039062 0.042969
2 0.872070 0.874023 0.044922 0.087891
