2 0.125000 0.119141 0.078125 0.058594
2 0.376953 0.119141 0.074219 0.054688
2 0.628906 0.119141 0.082031 0.042969
2 0.871094 0.121094 0.062500 0.035156
2 0.128906 0.367188 0.078125 0.039062
2 0.376953 0.368164 0.074219 0.033203
2 0.624023 0.369141 0.076172 0.046875
2 0.874023 0.368164 0.076172 0.044922
2 0.126953 0.617188 0.078125 0.046875
2 0.365234 0.619141 0.085938 0.050781
2 0.623047 0.619141 0.085938 0.058594
2 0.872070 0.619141 0.080078 0.062500
2 0.117188 0.868164 0.082031 0.060547
2 0.372070 0.870117 0.083984 0.076172
2 0.623047 0.869141 0.070312 0.074219
2 0.874023 0.872070 0.064453 0.076172
