1 0.685547 0.083008 0.023438 0.041016
1 0.762695 0.112305 0.021484 0.025391
1 0.743164 0.033203 0.009766 0.035156
1 0.566406 0.288086 0.027344 0.037109
1 0.607422 0.208984 0.023438 0.027344
1 0.654297 0.301758 0.027344 0.037109
1 0.685547 0.229492 0.027344 0.029297
1 0.597656 0.364258 0.023438 0.041016
1 0.701172 0.478516 0.031250 0.031250
1 0.662109 0.454102 0.015625 0.033203
1 0.618164 0.414062 0.021484 0.042969
1 0.809570 0.587891 0.044922 0.019531
1 0.838867 0.663086 0.048828 0.013672
1 0.705078 0.688477 0.042969 0.013672
1 0.972656 0.693359 0.046875 0.019531
1 0.835938 0.809570 0.050781 0.013672
1 0.630859 0.824219 0.066406 0.027344
1 0.552734 0.948242 0.058594 0.033203
1 0.828125 0.933594 0.062500 0.023438
