3 0.342773 0.195312 0.146484 0.156250
4 0.046875 0.939453 0.058594 0.054688
4 0.059570 0.868164 0.052734 0.052734
4 0.118164 0.913086 0.056641 0.056641
4 0.138672 0.843750 0.070312 0.058594
4 0.075195 0.799805 0.052734 0.052734
4 0.142578 0.776367 0.054688 0.052734
4 0.181641 0.983398 0.046875 0.048828
4 0.238281 0.991211 0.050781 0.041016
4 0.567383 0.873047 0.052734 0.058594
4 0.636719 0.901367 0.058594 0.060547
4 0.706055 0.929688 0.060547 0.054688
4 0.609375 0.966797 0.054688 0.058594
4 0.546875 0.933594 0.070312 0.058594
4 0.446289 0.473633 0.064453 0.052734
4 0.512695 0.502930 0.056641 0.060547
4 0.608398 0.515625 0.064453 0.058594
4 0.674805 0.541016 0.056641 0.054688
4 0.743164 0.567383 0.056641 0.060547
4 0.711914 0.633789 0.060547 0.060547
4 0.643555 0.603516 0.056641 0.058594
4 0.579102 0.576172 0.056641 0.054688
4 0.490234 0.567383 0.074219 0.060547
4 0.418945 0.538086 0.072266 0.056641
4 0.386719 0.605469 0.074219 0.058594
4 0.460938 0.630859 0.066406 0.058594
4 0.539062 0.657227 0.058594 0.060547
4 0.511719 0.721680 0.058594 0.060547
4 0.606445 0.685547 0.064453 0.058594
4 0.578125 0.750000 0.062500 0.050781
4 0.676758 0.716797 0.056641 0.062500
4 0.645508 0.782227 0.060547 0.060547
4 0.791016 0.687500 0.062500 0.062500
4 0.854492 0.714844 0.060547 0.050781
4 0.756836 0.751953 0.056641 0.058594
4 0.827148 0.779297 0.060547 0.058594
4 0.727539 0.816406 0.052734 0.054688
4 0.801758 0.842773 0.068359 0.060547
4 0.930664 0.819336 0.068359 0.060547
4 0.890625 0.881836 0.058594 0.056641
4 0.961914 0.915039 0.068359 0.060547
