4 0.148438 0.656250 0.031250 0.031250
4 0.214844 0.625000 0.031250 0.031250
4 0.269531 0.593750 0.039062 0.031250
4 0.326172 0.570312 0.027344 0.031250
4 0.466797 0.576172 0.035156 0.027344
4 0.363281 0.535156 0.031250 0.023438
4 0.285156 0.535156 0.031250 0.031250
4 0.216797 0.562500 0.035156 0.031250
4 0.427734 0.419922 0.035156 0.035156
4 0.429688 0.378906 0.031250 0.031250
4 0.363281 0.289062 0.031250 0.031250
4 0.279297 0.421875 0.042969 0.031250
4 0.341797 0.421875 0.042969 0.039062
4 0.285156 0.289062 0.023438 0.023438
3 0.523438 0.646484 0.015625 0.027344
3 0.095703 0.951172 0.035156 0.019531
