4 0.888672 0.523438 0.019531 0.023438
4 0.914062 0.546875 0.023438 0.015625
4 0.943359 0.564453 0.027344 0.019531
4 0.812500 0.474609 0.023438 0.019531
4 0.847656 0.677734 0.023438 0.027344
4 0.867188 0.701172 0.031250 0.019531
4 0.769531 0.623047 0.023438 0.019531
4 0.740234 0.656250 0.027344 0.023438
4 0.773438 0.679688 0.023438 0.023438
4 0.816406 0.705078 0.023438 0.019531
4 0.746094 0.707031 0.039062 0.023438
4 0.720703 0.681641 0.019531 0.011719
4 0.816406 0.746094 0.023438 0.015625
4 0.835938 0.761719 0.015625 0.015625
4 0.867188 0.732422 0.015625 0.011719
4 0.865234 0.792969 0.019531 0.023438
4 0.902344 0.755859 0.015625 0.011719
4 0.923828 0.742188 0.027344 0.015625
4 0.921875 0.771484 0.023438 0.019531
3 0.488281 0.193359 0.054688 0.050781
