4 0.074219 0.875000 0.101562 0.140625
4 0.087891 0.710938 0.113281 0.132812
4 0.105469 0.531250 0.093750 0.117188
4 0.189453 0.447266 0.089844 0.105469
4 0.072266 0.208984 0.089844 0.128906
4 0.164062 0.101562 0.101562 0.125000
4 0.316406 0.130859 0.093750 0.113281
4 0.421875 0.111328 0.093750 0.105469
4 0.517578 0.093750 0.082031 0.101562
4 0.621094 0.074219 0.093750 0.117188
4 0.576172 0.232422 0.089844 0.089844
4 0.669922 0.216797 0.089844 0.097656
4 0.593750 0.343750 0.078125 0.101562
4 0.683594 0.332031 0.085938 0.101562
4 0.898438 0.775391 0.101562 0.121094
4 0.875000 0.603516 0.109375 0.128906
4 0.845703 0.441406 0.097656 0.125000
4 0.958984 0.322266 0.082031 0.128906
