1 0.158750 0.716250 0.012500 0.005000
1 0.330000 0.678750 0.015000 0.007500
1 0.835625 0.305625 0.038750 0.016250
1 0.976875 0.571250 0.021250 0.022500
1 0.890625 0.205625 0.033750 0.013750
1 0.960625 0.593750 0.023750 0.020000
1 0.126875 0.205000 0.051250 0.010000
1 0.463750 0.196875 0.015000 0.011250
1 0.959375 0.258750 0.031250 0.010000
1 0.090625 0.721875 0.021250 0.006250
1 0.946875 0.211875 0.021250 0.011250
1 0.987500 0.603125 0.012500 0.018750
1 0.751875 0.260000 0.013750 0.015000
1 0.703125 0.338750 0.013750 0.017500
1 0.941250 0.308125 0.045000 0.011250
1 0.971875 0.621875 0.013750 0.013750
1 0.990000 0.235000 0.020000 0.012500
1 0.987500 0.651875 0.020000 0.021250
1 0.691875 0.395625 0.011250 0.021250
1 0.230000 0.711250 0.035000 0.010000
