4 0.136719 0.410156 0.109375 0.140625
4 0.269531 0.425781 0.117188 0.140625
4 0.123047 0.583984 0.113281 0.128906
4 0.259766 0.595703 0.113281 0.136719
4 0.441406 0.599609 0.109375 0.136719
4 0.574219 0.611328 0.117188 0.136719
4 0.107422 0.802734 0.113281 0.136719
4 0.248047 0.816406 0.121094 0.132812
4 0.423828 0.767578 0.121094 0.152344
4 0.568359 0.779297 0.121094 0.136719
4 0.097656 0.957031 0.109375 0.085938
4 0.234375 0.960938 0.125000 0.078125
4 0.417969 0.933594 0.117188 0.132812
4 0.554688 0.943359 0.109375 0.113281
4 0.070312 0.125000 0.109375 0.132812
4 0.888672 0.046875 0.121094 0.085938
