0 0.941406 0.521484 0.015625 0.019531
0 0.949219 0.505859 0.015625 0.019531
0 0.953125 0.515625 0.007812 0.015625
0 0.962891 0.505859 0.011719 0.019531
0 0.970703 0.515625 0.011719 0.015625
0 0.980469 0.503906 0.007812 0.015625
0 0.986328 0.517578 0.011719 0.019531
0 0.937500 0.464844 0.015625 0.015625
0 0.945312 0.455078 0.015625 0.011719
0 0.953125 0.470703 0.015625 0.019531
0 0.960938 0.458984 0.007812 0.011719
0 0.968750 0.472656 0.015625 0.015625
0 0.982422 0.457031 0.011719 0.015625
0 0.992188 0.472656 0.015625 0.015625
0 0.400391 0.443359 0.019531 0.019531
0 0.425781 0.443359 0.015625 0.019531
0 0.445312 0.449219 0.015625 0.023438
0 0.468750 0.447266 0.023438 0.019531
0 0.494141 0.445312 0.019531 0.023438
0 0.513672 0.445312 0.019531 0.023438
0 0.535156 0.445312 0.015625 0.023438
0 0.580078 0.449219 0.019531 0.023438
0 0.601562 0.449219 0.015625 0.023438
0 0.619141 0.451172 0.019531 0.019531
0 0.664062 0.451172 0.015625 0.019531
0 0.689453 0.451172 0.019531 0.019531
0 0.712891 0.449219 0.019531 0.015625
0 0.732422 0.453125 0.019531 0.023438
0 0.753906 0.455078 0.015625 0.019531
0 0.777344 0.455078 0.023438 0.019531
0 0.800781 0.457031 0.015625 0.023438
0 0.820312 0.455078 0.015625 0.019531
0 0.841797 0.458984 0.019531 0.019531
0 0.861328 0.455078 0.019531 0.019531
0 0.968750 0.265625 0.023438 0.015625
0 0.953125 0.273438 0.015625 0.015625
0 0.941406 0.259766 0.023438 0.019531
0 0.970703 0.181641 0.019531 0.027344
0 0.939453 0.179688 0.019531 0.023438
0 0.904297 0.177734 0.019531 0.027344
0 0.869141 0.177734 0.019531 0.027344
0 0.837891 0.173828 0.019531 0.027344
0 0.982422 0.103516 0.019531 0.027344
0 0.964844 0.121094 0.023438 0.031250
0 0.947266 0.099609 0.019531 0.027344
0 0.927734 0.117188 0.019531 0.023438
0 0.912109 0.097656 0.019531 0.023438
0 0.896484 0.115234 0.019531 0.019531
0 0.880859 0.091797 0.027344 0.027344
0 0.863281 0.117188 0.023438 0.023438
0 0.845703 0.093750 0.019531 0.015625
0 0.812500 0.093750 0.023438 0.023438
0 0.832031 0.115234 0.023438 0.027344
0 0.794922 0.111328 0.019531 0.027344
0 0.779297 0.089844 0.019531 0.031250
0 0.984375 0.021484 0.023438 0.019531
0 0.962891 0.039062 0.019531 0.023438
0 0.933594 0.037109 0.023438 0.019531
0 0.917969 0.017578 0.015625 0.019531
0 0.898438 0.037109 0.023438 0.019531
0 0.884766 0.017578 0.019531 0.027344
0 0.869141 0.033203 0.011719 0.019531
0 0.851562 0.013672 0.015625 0.019531
0 0.830078 0.035156 0.019531 0.023438
0 0.814453 0.013672 0.019531 0.019531
0 0.796875 0.031250 0.023438 0.015625
0 0.783203 0.013672 0.019531 0.019531
0 0.765625 0.033203 0.023438 0.019531
0 0.750000 0.013672 0.015625 0.019531
0 0.718750 0.011719 0.015625 0.015625
0 0.699219 0.027344 0.015625 0.023438
0 0.734375 0.031250 0.023438 0.023438
0 0.462891 0.185547 0.027344 0.019531
0 0.513672 0.187500 0.019531 0.023438
0 0.591797 0.189453 0.019531 0.019531
0 0.615234 0.193359 0.019531 0.019531
0 0.642578 0.189453 0.019531 0.019531
0 0.667969 0.189453 0.023438 0.019531
0 0.718750 0.189453 0.023438 0.019531
0 0.441406 0.677734 0.031250 0.019531
0 0.490234 0.679688 0.027344 0.023438
0 0.537109 0.681641 0.035156 0.019531
0 0.583984 0.681641 0.019531 0.019531
0 0.453125 0.726562 0.015625 0.015625
0 0.490234 0.726562 0.011719 0.015625
0 0.541016 0.726562 0.011719 0.015625
0 0.505859 0.779297 0.011719 0.019531
0 0.541016 0.833984 0.011719 0.019531
0 0.482422 0.878906 0.019531 0.015625
0 0.585938 0.738281 0.015625 0.015625
0 0.630859 0.726562 0.011719 0.015625
0 0.603516 0.740234 0.011719 0.019531
0 0.619141 0.742188 0.011719 0.015625
0 0.648438 0.728516 0.015625 0.019531
0 0.666016 0.728516 0.011719 0.019531
0 0.708984 0.744141 0.019531 0.019531
0 0.716797 0.736328 0.011719 0.019531
0 0.738281 0.736328 0.015625 0.019531
0 0.578125 0.835938 0.015625 0.015625
0 0.595703 0.835938 0.011719 0.015625
0 0.630859 0.835938 0.011719 0.015625
0 0.666016 0.837891 0.011719 0.019531
0 0.685547 0.837891 0.011719 0.019531
0 0.691406 0.794922 0.015625 0.019531
0 0.554688 0.783203 0.023438 0.019531
0 0.597656 0.783203 0.015625 0.019531
0 0.582031 0.791016 0.023438 0.019531
0 0.613281 0.785156 0.015625 0.023438
0 0.628906 0.785156 0.015625 0.023438
0 0.646484 0.789062 0.011719 0.023438
0 0.664062 0.783203 0.015625 0.019531
0 0.789062 0.734375 0.015625 0.023438
0 0.771484 0.935547 0.019531 0.019531
0 0.791016 0.937500 0.019531 0.023438
0 0.839844 0.734375 0.015625 0.015625
0 0.847656 0.748047 0.015625 0.019531
0 0.867188 0.748047 0.023438 0.019531
