0 0.621094 0.951172 0.023438 0.027344
0 0.587891 0.953125 0.019531 0.031250
0 0.556641 0.947266 0.019531 0.027344
0 0.521484 0.945312 0.019531 0.023438
0 0.494141 0.941406 0.019531 0.023438
0 0.462891 0.941406 0.019531 0.023438
0 0.423828 0.941406 0.019531 0.023438
0 0.392578 0.935547 0.019531 0.019531
0 0.355469 0.935547 0.023438 0.019531
0 0.322266 0.935547 0.019531 0.019531
0 0.289062 0.933594 0.023438 0.023438
0 0.255859 0.931641 0.019531 0.027344
0 0.220703 0.931641 0.019531 0.027344
0 0.189453 0.929688 0.019531 0.023438
0 0.154297 0.927734 0.019531 0.027344
0 0.119141 0.927734 0.019531 0.027344
0 0.087891 0.923828 0.019531 0.027344
0 0.623047 0.875000 0.019531 0.023438
0 0.605469 0.890625 0.023438 0.023438
0 0.591797 0.873047 0.019531 0.019531
0 0.574219 0.890625 0.015625 0.023438
0 0.562500 0.875000 0.015625 0.023438
0 0.542969 0.886719 0.015625 0.023438
0 0.529297 0.871094 0.019531 0.023438
0 0.511719 0.886719 0.015625 0.023438
0 0.498047 0.869141 0.019531 0.019531
0 0.480469 0.880859 0.015625 0.019531
0 0.464844 0.867188 0.015625 0.023438
0 0.449219 0.888672 0.015625 0.019531
0 0.431641 0.867188 0.019531 0.015625
0 0.384766 0.876953 0.019531 0.027344
0 0.365234 0.857422 0.019531 0.027344
0 0.349609 0.875000 0.019531 0.023438
0 0.333984 0.855469 0.019531 0.023438
0 0.316406 0.873047 0.023438 0.027344
0 0.298828 0.857422 0.019531 0.019531
0 0.279297 0.871094 0.019531 0.023438
0 0.263672 0.853516 0.019531 0.019531
0 0.250000 0.869141 0.015625 0.027344
0 0.232422 0.853516 0.019531 0.027344
0 0.214844 0.871094 0.023438 0.031250
0 0.197266 0.849609 0.019531 0.027344
0 0.177734 0.867188 0.019531 0.023438
0 0.162109 0.847656 0.019531 0.023438
0 0.146484 0.865234 0.019531 0.019531
0 0.130859 0.841797 0.027344 0.027344
0 0.113281 0.867188 0.023438 0.023438
0 0.095703 0.843750 0.019531 0.015625
0 0.062500 0.843750 0.023438 0.023438
0 0.082031 0.865234 0.023438 0.027344
0 0.044922 0.861328 0.019531 0.027344
0 0.029297 0.839844 0.019531 0.031250
0 0.613281 0.812500 0.023438 0.023438
0 0.582031 0.812500 0.023438 0.031250
0 0.546875 0.808594 0.015625 0.023438
0 0.517578 0.810547 0.019531 0.027344
0 0.351562 0.796875 0.015625 0.023438
0 0.333984 0.769531 0.019531 0.015625
0 0.318359 0.796875 0.019531 0.015625
0 0.302734 0.771484 0.019531 0.019531
0 0.283203 0.791016 0.019531 0.019531
0 0.269531 0.773438 0.023438 0.023438
0 0.234375 0.771484 0.023438 0.019531
0 0.251953 0.791016 0.019531 0.019531
0 0.212891 0.789062 0.019531 0.023438
0 0.183594 0.787109 0.023438 0.019531
0 0.167969 0.767578 0.015625 0.019531
0 0.148438 0.787109 0.023438 0.019531
0 0.134766 0.767578 0.019531 0.027344
0 0.119141 0.783203 0.011719 0.019531
0 0.101562 0.763672 0.015625 0.019531
0 0.080078 0.785156 0.019531 0.023438
0 0.064453 0.761719 0.019531 0.023438
0 0.046875 0.781250 0.023438 0.015625
0 0.033203 0.763672 0.019531 0.019531
0 0.015625 0.783203 0.023438 0.019531
0 0.361328 0.677734 0.019531 0.027344
0 0.343750 0.697266 0.023438 0.027344
0 0.322266 0.673828 0.019531 0.027344
0 0.310547 0.693359 0.019531 0.019531
0 0.271484 0.697266 0.019531 0.027344
0 0.203125 0.697266 0.015625 0.027344
0 0.169922 0.687500 0.019531 0.023438
0 0.152344 0.667969 0.023438 0.023438
