4 0.125000 0.632812 0.125000 0.140625
4 0.146484 0.804688 0.121094 0.132812
4 0.267578 0.603516 0.121094 0.136719
4 0.296875 0.787109 0.148438 0.144531
4 0.416016 0.669922 0.113281 0.128906
4 0.527344 0.558594 0.117188 0.125000
4 0.500000 0.802734 0.117188 0.121094
4 0.607422 0.693359 0.121094 0.128906
4 0.593750 0.935547 0.117188 0.128906
4 0.697266 0.820312 0.113281 0.132812
4 0.787109 0.947266 0.128906 0.105469
4 0.398438 0.140625 0.109375 0.132812
4 0.421875 0.312500 0.117188 0.140625
4 0.539062 0.109375 0.117188 0.125000
4 0.558594 0.285156 0.109375 0.140625
4 0.669922 0.169922 0.105469 0.144531
4 0.669922 0.410156 0.113281 0.117188
4 0.781250 0.300781 0.117188 0.140625
4 0.755859 0.542969 0.128906 0.132812
4 0.863281 0.435547 0.117188 0.121094
4 0.851562 0.671875 0.109375 0.132812
4 0.945312 0.558594 0.109375 0.117188
4 0.931641 0.808594 0.136719 0.132812
