0 0.366071 0.205357 0.044643 0.071429
0 0.267857 0.200893 0.044643 0.071429
0 0.160714 0.198661 0.035714 0.058036
0 0.060268 0.198661 0.049107 0.066964
0 0.006696 0.522321 0.040179 0.044643
0 0.040179 0.482143 0.044643 0.044643
0 0.075893 0.520089 0.044643 0.040179
0 0.107143 0.473214 0.044643 0.044643
0 0.149554 0.513393 0.040179 0.044643
0 0.274554 0.656250 0.049107 0.044643
0 0.245536 0.703125 0.044643 0.040179
0 0.207589 0.660714 0.049107 0.044643
0 0.178571 0.703125 0.044643 0.040179
0 0.140625 0.665179 0.040179 0.035714
0 0.116071 0.700893 0.044643 0.044643
0 0.071429 0.658482 0.035714 0.040179
0 0.029018 0.698661 0.058036 0.040179
0 0.002232 0.658482 0.049107 0.049107
0 0.037946 0.888393 0.049107 0.044643
0 0.116071 0.890625 0.053571 0.049107
0 0.178571 0.883929 0.044643 0.044643
0 0.220982 0.843750 0.040179 0.044643
0 0.254464 0.881696 0.044643 0.049107
0 0.287946 0.843750 0.049107 0.044643
0 0.975446 0.156250 0.147321 0.205357
