4 0.574219 0.678711 0.050781 0.056641
4 0.663086 0.384766 0.056641 0.058594
4 0.728516 0.411133 0.050781 0.052734
4 0.792969 0.384766 0.050781 0.054688
4 0.862305 0.359375 0.056641 0.058594
4 0.926758 0.324219 0.052734 0.058594
4 0.952148 0.444336 0.056641 0.056641
4 0.980469 0.541992 0.050781 0.056641
4 0.911133 0.576172 0.048828 0.054688
4 0.827148 0.562500 0.052734 0.054688
4 0.813477 0.629883 0.056641 0.052734
4 0.644531 0.752930 0.058594 0.060547
4 0.569336 0.751953 0.056641 0.054688
4 0.620117 0.838867 0.056641 0.056641
4 0.686523 0.807617 0.056641 0.056641
4 0.738281 0.865234 0.062500 0.058594
