4 0.365234 0.335938 0.136719 0.109375
4 0.503906 0.396484 0.125000 0.113281
4 0.310547 0.466797 0.136719 0.121094
4 0.453125 0.527344 0.117188 0.109375
4 0.253906 0.601562 0.132812 0.132812
4 0.388672 0.662109 0.136719 0.121094
4 0.691406 0.419922 0.109375 0.121094
4 0.828125 0.466797 0.109375 0.113281
4 0.953125 0.527344 0.093750 0.125000
4 0.626953 0.546875 0.105469 0.117188
4 0.763672 0.605469 0.097656 0.117188
4 0.896484 0.658203 0.121094 0.113281
4 0.550781 0.707031 0.117188 0.117188
4 0.492188 0.839844 0.125000 0.117188
4 0.685547 0.767578 0.113281 0.121094
4 0.628906 0.904297 0.117188 0.121094
4 0.820312 0.828125 0.125000 0.117188
4 0.761719 0.949219 0.117188 0.101562
