4 0.081055 0.607422 0.056641 0.054688
4 0.065430 0.676758 0.060547 0.052734
4 0.028320 0.204102 0.060547 0.052734
4 0.052734 0.269531 0.062500 0.050781
4 0.083008 0.337891 0.060547 0.058594
4 0.106445 0.406250 0.060547 0.058594
4 0.035156 0.428711 0.062500 0.052734
4 0.061523 0.496094 0.060547 0.054688
4 0.132812 0.471680 0.054688 0.048828
4 0.217773 0.448242 0.060547 0.052734
4 0.206055 0.517578 0.064453 0.054688
4 0.288086 0.459961 0.056641 0.056641
4 0.277344 0.528320 0.054688 0.052734
4 0.366211 0.473633 0.072266 0.056641
4 0.345703 0.539062 0.062500 0.054688
4 0.429688 0.556641 0.058594 0.054688
4 0.442383 0.485352 0.052734 0.052734
4 0.500977 0.530273 0.056641 0.056641
4 0.521484 0.460938 0.070312 0.058594
4 0.458008 0.416992 0.052734 0.052734
4 0.525391 0.393555 0.054688 0.052734
4 0.572266 0.713867 0.046875 0.048828
4 0.626953 0.723633 0.046875 0.044922
4 0.679688 0.731445 0.042969 0.044922
4 0.735352 0.738281 0.052734 0.042969
4 0.799805 0.776367 0.056641 0.052734
4 0.860352 0.750977 0.060547 0.052734
4 0.903320 0.800781 0.052734 0.054688
4 0.757812 0.832031 0.050781 0.042969
4 0.670898 0.799805 0.041016 0.041016
4 0.619141 0.796875 0.054688 0.050781
4 0.543945 0.779297 0.041016 0.042969
4 0.539062 0.830078 0.046875 0.042969
4 0.608398 0.840820 0.044922 0.044922
4 0.667969 0.849609 0.058594 0.050781
4 0.733398 0.877930 0.048828 0.044922
4 0.788086 0.895508 0.052734 0.048828
4 0.806641 0.851562 0.046875 0.046875
4 0.564453 0.600586 0.046875 0.048828
4 0.621094 0.608398 0.050781 0.041016
4 0.559570 0.651367 0.048828 0.044922
4 0.613281 0.655273 0.050781 0.044922
4 0.950195 0.490234 0.052734 0.058594
4 0.929688 0.550781 0.070312 0.058594
4 0.895508 0.617188 0.072266 0.054688
4 0.834961 0.636719 0.060547 0.046875
4 0.914062 0.689453 0.054688 0.050781
4 0.942383 0.636719 0.044922 0.058594
4 0.968750 0.709961 0.058594 0.048828
4 0.829102 0.090820 0.064453 0.052734
4 0.895508 0.120117 0.056641 0.060547
4 0.961914 0.193359 0.056641 0.054688
4 0.873047 0.184570 0.074219 0.060547
4 0.801758 0.155273 0.072266 0.056641
4 0.769531 0.222656 0.074219 0.058594
4 0.843750 0.248047 0.066406 0.058594
4 0.921875 0.274414 0.058594 0.060547
4 0.894531 0.338867 0.058594 0.060547
4 0.960938 0.367188 0.062500 0.050781
