4 0.070312 0.078125 0.125000 0.117188
4 0.240234 0.152344 0.121094 0.117188
4 0.177734 0.277344 0.121094 0.109375
4 0.441406 0.074219 0.117188 0.117188
4 0.382812 0.205078 0.109375 0.121094
4 0.330078 0.333984 0.113281 0.113281
4 0.574219 0.281250 0.132812 0.140625
4 0.716797 0.341797 0.121094 0.121094
4 0.855469 0.394531 0.132812 0.125000
4 0.505859 0.412109 0.113281 0.128906
4 0.642578 0.464844 0.121094 0.125000
4 0.792969 0.523438 0.132812 0.125000
4 0.132812 0.501953 0.117188 0.128906
4 0.068359 0.628906 0.113281 0.125000
