4 0.617188 0.978516 0.031250 0.027344
4 0.626953 0.839844 0.027344 0.031250
4 0.625000 0.808594 0.023438 0.023438
4 0.619141 0.769531 0.027344 0.023438
4 0.560547 0.804688 0.027344 0.023438
4 0.501953 0.808594 0.027344 0.023438
4 0.556641 0.769531 0.027344 0.023438
4 0.556641 0.734375 0.027344 0.023438
4 0.621094 0.734375 0.023438 0.023438
4 0.353516 0.298828 0.027344 0.019531
4 0.353516 0.265625 0.027344 0.023438
4 0.316406 0.261719 0.039062 0.023438
4 0.277344 0.265625 0.039062 0.023438
4 0.250000 0.240234 0.031250 0.019531
4 0.285156 0.228516 0.031250 0.019531
4 0.320312 0.228516 0.023438 0.019531
4 0.197266 0.218750 0.027344 0.023438
4 0.234375 0.203125 0.031250 0.031250
4 0.269531 0.191406 0.031250 0.023438
4 0.410156 0.271484 0.039062 0.027344
4 0.402344 0.304688 0.023438 0.015625
