0 0.426339 0.203125 0.138393 0.147321
0 0.305804 0.319196 0.129464 0.120536
0 0.421875 0.428571 0.147321 0.125000
0 0.296875 0.540179 0.129464 0.125000
0 0.430804 0.654018 0.138393 0.111607
0 0.301339 0.763393 0.138393 0.125000
0 0.439732 0.879464 0.147321 0.116071
0 0.305804 0.957589 0.129464 0.084821
0 0.946429 0.212054 0.107143 0.129464
0 0.832589 0.323661 0.129464 0.120536
0 0.937500 0.444196 0.125000 0.129464
0 0.832589 0.549107 0.138393 0.116071
0 0.944196 0.662946 0.111607 0.120536
0 0.837054 0.770089 0.129464 0.138393
0 0.941964 0.875000 0.116071 0.125000
0 0.843750 0.966518 0.125000 0.066964
