1 0.025391 0.628906 0.042969 0.031250
1 0.343750 0.669922 0.054688 0.027344
1 0.433594 0.660156 0.046875 0.023438
1 0.505859 0.656250 0.058594 0.015625
1 0.437500 0.687500 0.046875 0.023438
1 0.511719 0.679688 0.046875 0.023438
1 0.568359 0.656250 0.058594 0.031250
1 0.666016 0.679688 0.050781 0.023438
1 0.628906 0.619141 0.078125 0.019531
1 0.742188 0.638672 0.062500 0.019531
1 0.882812 0.640625 0.046875 0.015625
1 0.847656 0.671875 0.046875 0.023438
1 0.937500 0.677734 0.039062 0.019531
1 0.916016 0.619141 0.050781 0.019531
1 0.980469 0.658203 0.039062 0.019531
