2 0.119141 0.116211 0.062500 0.076172
2 0.377930 0.127930 0.064453 0.072266
2 0.628906 0.130859 0.070312 0.078125
2 0.879883 0.118164 0.064453 0.056641
2 0.127930 0.365234 0.068359 0.058594
2 0.375000 0.368164 0.074219 0.068359
2 0.621094 0.372070 0.074219 0.056641
2 0.870117 0.372070 0.076172 0.048828
2 0.123047 0.622070 0.070312 0.033203
2 0.374023 0.625977 0.072266 0.041016
2 0.625000 0.624023 0.070312 0.041016
2 0.868164 0.623047 0.083984 0.050781
2 0.122070 0.875000 0.072266 0.042969
2 0.374023 0.870117 0.076172 0.064453
2 0.622070 0.875977 0.076172 0.060547
2 0.875977 0.874023 0.080078 0.068359
