4 0.824219 0.085938 0.039062 0.031250
4 0.939453 0.191406 0.058594 0.046875
4 0.921875 0.250000 0.039062 0.031250
4 0.796875 0.224609 0.031250 0.027344
4 0.660156 0.046875 0.039062 0.039062
4 0.662109 0.085938 0.042969 0.031250
4 0.595703 0.080078 0.042969 0.035156
4 0.660156 0.125000 0.046875 0.039062
4 0.599609 0.125000 0.035156 0.031250
4 0.556641 0.103516 0.035156 0.027344
4 0.507812 0.093750 0.046875 0.031250
4 0.236328 0.158203 0.035156 0.035156
4 0.236328 0.193359 0.035156 0.027344
4 0.287109 0.191406 0.035156 0.031250
4 0.333984 0.189453 0.035156 0.027344
4 0.386719 0.187500 0.031250 0.023438
4 0.664062 0.384766 0.046875 0.035156
4 0.628906 0.320312 0.039062 0.039062
4 0.613281 0.378906 0.046875 0.039062
4 0.611328 0.265625 0.050781 0.046875
4 0.599609 0.199219 0.027344 0.023438
4 0.601562 0.224609 0.031250 0.027344
4 0.507812 0.158203 0.031250 0.027344
4 0.335938 0.732422 0.062500 0.050781
4 0.490234 0.724609 0.066406 0.050781
4 0.255859 0.720703 0.035156 0.035156
4 0.185547 0.722656 0.035156 0.031250
4 0.117188 0.720703 0.039062 0.035156
4 0.296875 0.671875 0.046875 0.039062
4 0.228516 0.677734 0.035156 0.035156
4 0.115234 0.453125 0.027344 0.031250
4 0.361328 0.230469 0.019531 0.023438
4 0.361328 0.253906 0.019531 0.023438
4 0.330078 0.250000 0.019531 0.023438
4 0.330078 0.230469 0.019531 0.023438
4 0.294922 0.230469 0.019531 0.023438
4 0.294922 0.250000 0.019531 0.023438
4 0.267578 0.226562 0.019531 0.023438
4 0.267578 0.250000 0.019531 0.023438
4 0.804688 0.251953 0.023438 0.019531
4 0.796875 0.158203 0.023438 0.019531
