4 0.125000 0.957031 0.109375 0.085938
4 0.095703 0.816406 0.097656 0.125000
4 0.234375 0.875000 0.117188 0.125000
4 0.220703 0.697266 0.105469 0.128906
4 0.400391 0.839844 0.105469 0.132812
4 0.376953 0.669922 0.136719 0.128906
4 0.507812 0.636719 0.101562 0.132812
4 0.527344 0.808594 0.109375 0.132812
4 0.650391 0.615234 0.105469 0.136719
4 0.675781 0.787109 0.132812 0.144531
4 0.796875 0.667969 0.109375 0.125000
4 0.904297 0.558594 0.105469 0.117188
4 0.882812 0.802734 0.109375 0.121094
4 0.958984 0.937500 0.082031 0.117188
4 0.787109 0.142578 0.089844 0.113281
4 0.808594 0.308594 0.093750 0.117188
4 0.917969 0.111328 0.093750 0.128906
4 0.945312 0.277344 0.085938 0.125000
