2 0.125977 0.124023 0.072266 0.068359
2 0.382812 0.125977 0.070312 0.064453
2 0.629883 0.125000 0.072266 0.062500
2 0.883789 0.121094 0.076172 0.058594
2 0.130859 0.371094 0.078125 0.039062
2 0.377930 0.374023 0.072266 0.029297
2 0.631836 0.371094 0.072266 0.031250
2 0.877930 0.367188 0.083984 0.046875
2 0.122070 0.615234 0.076172 0.046875
2 0.362305 0.615234 0.087891 0.062500
2 0.621094 0.618164 0.089844 0.064453
2 0.871094 0.620117 0.074219 0.060547
2 0.125000 0.872070 0.078125 0.068359
2 0.367188 0.874023 0.078125 0.076172
2 0.615234 0.874023 0.070312 0.076172
2 0.859375 0.870117 0.066406 0.083984
