0 0.084821 0.022321 0.071429 0.089286
0 0.091518 0.218750 0.075893 0.080357
0 0.044643 0.283482 0.080357 0.093750
0 0.258929 0.484375 0.062500 0.084821
0 0.270089 0.714286 0.058036 0.098214
0 0.187500 0.718750 0.044643 0.089286
0 0.107143 0.716518 0.053571 0.102679
0 0.020089 0.716518 0.058036 0.084821
0 0.055804 0.946429 0.058036 0.062500
0 0.120536 0.944196 0.044643 0.049107
0 0.189732 0.941964 0.049107 0.062500
0 0.254464 0.941964 0.044643 0.062500
0 0.926339 0.145089 0.058036 0.058036
0 0.819196 0.147321 0.040179 0.053571
0 0.988839 0.714286 0.049107 0.044643
0 0.957589 0.680804 0.040179 0.049107
0 0.921875 0.718750 0.040179 0.044643
0 0.890625 0.680804 0.049107 0.049107
0 0.852679 0.718750 0.044643 0.044643
0 0.816964 0.680804 0.044643 0.049107
0 0.783482 0.723214 0.040179 0.044643
0 0.747768 0.683036 0.049107 0.044643
0 0.709821 0.718750 0.035714 0.044643
0 0.680804 0.685268 0.040179 0.049107
0 0.647321 0.720982 0.044643 0.040179
0 0.611607 0.683036 0.053571 0.044643
0 0.573661 0.716518 0.049107 0.049107
0 0.584821 0.906250 0.044643 0.044643
0 0.649554 0.904018 0.040179 0.040179
0 0.718750 0.901786 0.053571 0.044643
0 0.790179 0.904018 0.035714 0.049107
0 0.857143 0.901786 0.044643 0.044643
0 0.933036 0.899554 0.035714 0.031250
0 1.000000 0.901786 0.044643 0.053571
