4 0.577148 0.477539 0.060547 0.068359
4 0.550781 0.559570 0.062500 0.064453
4 0.643555 0.505859 0.056641 0.070312
4 0.619141 0.591797 0.058594 0.070312
4 0.708008 0.535156 0.056641 0.070312
4 0.683594 0.621094 0.050781 0.062500
4 0.791016 0.576172 0.058594 0.070312
4 0.765625 0.656250 0.054688 0.062500
4 0.862305 0.605469 0.056641 0.074219
4 0.834961 0.692383 0.052734 0.064453
4 0.749023 0.730469 0.052734 0.058594
4 0.815430 0.762695 0.052734 0.060547
4 0.508789 0.708008 0.052734 0.076172
4 0.577148 0.741211 0.056641 0.076172
4 0.636719 0.773438 0.050781 0.062500
4 0.714844 0.816406 0.062500 0.082031
4 0.782227 0.850586 0.056641 0.072266
4 0.848633 0.876953 0.060547 0.082031
4 0.482422 0.788086 0.050781 0.080078
4 0.548828 0.822266 0.058594 0.082031
4 0.609375 0.856445 0.054688 0.064453
4 0.695312 0.895508 0.062500 0.064453
4 0.764648 0.930664 0.056641 0.072266
4 0.833008 0.958984 0.056641 0.066406
