2 0.120117 0.132812 0.037109 0.054688
2 0.371094 0.125977 0.050781 0.076172
2 0.621094 0.125977 0.054688 0.072266
2 0.871094 0.122070 0.062500 0.076172
2 0.124023 0.367188 0.072266 0.082031
2 0.369141 0.370117 0.078125 0.083984
2 0.623047 0.371094 0.082031 0.082031
2 0.871094 0.370117 0.082031 0.080078
2 0.119141 0.622070 0.078125 0.076172
2 0.370117 0.619141 0.083984 0.074219
2 0.624023 0.623047 0.083984 0.066406
2 0.870117 0.621094 0.083984 0.050781
2 0.122070 0.874023 0.076172 0.044922
2 0.373047 0.873047 0.074219 0.035156
2 0.623047 0.871094 0.070312 0.035156
2 0.875000 0.872070 0.070312 0.041016
