0 0.236607 0.093750 0.160714 0.116071
0 0.236607 0.261161 0.160714 0.120536
0 0.229911 0.433036 0.165179 0.098214
0 0.236607 0.600446 0.151786 0.120536
0 0.232143 0.774554 0.160714 0.102679
0 0.234375 0.935268 0.165179 0.129464
0 0.397321 0.517857 0.187500 0.116071
0 0.392857 0.683036 0.196429 0.116071
0 0.928571 0.203125 0.142857 0.120536
0 0.792411 0.287946 0.129464 0.102679
0 0.799107 0.484375 0.151786 0.129464
0 0.924107 0.571429 0.151786 0.125000
0 0.794643 0.665179 0.151786 0.098214
0 0.935268 0.750000 0.129464 0.125000
