1 0.097656 0.513672 0.148438 0.144531
4 0.472656 0.261719 0.070312 0.085938
4 0.550781 0.294922 0.070312 0.089844
4 0.628906 0.333984 0.070312 0.082031
4 0.720703 0.361328 0.066406 0.074219
4 0.814453 0.394531 0.066406 0.070312
4 0.773438 0.482422 0.070312 0.074219
4 0.693359 0.451172 0.074219 0.074219
4 0.595703 0.414062 0.074219 0.078125
4 0.519531 0.386719 0.070312 0.078125
4 0.441406 0.353516 0.070312 0.074219
4 0.771484 0.568359 0.066406 0.066406
4 0.693359 0.533203 0.066406 0.074219
4 0.806641 0.693359 0.074219 0.074219
4 0.396484 0.519531 0.066406 0.078125
4 0.367188 0.611328 0.070312 0.074219
4 0.457031 0.642578 0.078125 0.082031
4 0.527344 0.679688 0.062500 0.070312
4 0.636719 0.718750 0.078125 0.070312
4 0.726562 0.660156 0.070312 0.070312
4 0.716797 0.750000 0.066406 0.078125
4 0.796875 0.783203 0.070312 0.074219
4 0.646484 0.632812 0.074219 0.078125
4 0.556641 0.587891 0.058594 0.074219
4 0.486328 0.550781 0.074219 0.078125
4 0.423828 0.847656 0.050781 0.062500
4 0.476562 0.865234 0.046875 0.050781
4 0.494141 0.800781 0.050781 0.054688
4 0.367188 0.820312 0.046875 0.054688
