2 0.035156 0.069336 0.070312 0.044922
2 0.146484 0.295898 0.097656 0.048828
2 0.635742 0.040039 0.115234 0.052734
2 0.516602 0.101562 0.123047 0.074219
2 0.512695 0.215820 0.123047 0.052734
2 0.639648 0.272461 0.130859 0.056641
2 0.635742 0.187500 0.107422 0.050781
2 0.492188 0.383789 0.125000 0.060547
2 0.643555 0.387695 0.130859 0.044922
2 0.500000 0.500977 0.121094 0.052734
2 0.491211 0.569336 0.126953 0.048828
2 0.652344 0.557617 0.101562 0.048828
2 0.652344 0.492188 0.113281 0.062500
2 0.655273 0.703125 0.111328 0.054688
2 0.950195 0.485352 0.095703 0.044922
