4 0.014648 0.456055 0.060547 0.064453
4 0.059570 0.519531 0.056641 0.066406
4 0.053711 0.644531 0.056641 0.070312
4 0.104492 0.590820 0.064453 0.068359
4 0.093750 0.713867 0.066406 0.060547
4 0.150391 0.658203 0.058594 0.070312
4 0.141602 0.778320 0.056641 0.064453
4 0.195312 0.723633 0.054688 0.064453
4 0.185547 0.848633 0.058594 0.068359
4 0.240234 0.791992 0.058594 0.068359
4 0.286133 0.859375 0.056641 0.062500
4 0.045898 0.194336 0.052734 0.072266
4 0.045898 0.314453 0.056641 0.058594
4 0.101562 0.259766 0.058594 0.070312
4 0.088867 0.380859 0.064453 0.066406
4 0.142578 0.327148 0.058594 0.060547
4 0.136719 0.445312 0.054688 0.066406
4 0.187500 0.388672 0.062500 0.058594
4 0.234375 0.463867 0.066406 0.060547
4 0.176758 0.513672 0.068359 0.066406
4 0.276367 0.527344 0.056641 0.066406
4 0.218750 0.582031 0.066406 0.066406
4 0.327148 0.592773 0.060547 0.064453
4 0.268555 0.650391 0.060547 0.062500
4 0.371094 0.666992 0.058594 0.068359
4 0.314453 0.722656 0.062500 0.058594
4 0.411133 0.733398 0.056641 0.064453
4 0.359375 0.784180 0.058594 0.060547
4 0.458984 0.795898 0.054688 0.064453
4 0.402344 0.847656 0.070312 0.070312
4 0.240234 0.060547 0.054688 0.050781
4 0.299805 0.049805 0.052734 0.048828
4 0.297852 0.110352 0.048828 0.048828
4 0.314453 0.177734 0.066406 0.062500
4 0.455078 0.098633 0.058594 0.056641
4 0.519531 0.085938 0.062500 0.070312
4 0.586914 0.071289 0.060547 0.072266
4 0.465820 0.185547 0.060547 0.058594
4 0.535156 0.166992 0.066406 0.064453
4 0.607422 0.155273 0.070312 0.072266
