0 0.855469 0.140625 0.023438 0.015625
0 0.884766 0.134766 0.019531 0.027344
0 0.914062 0.138672 0.023438 0.027344
0 0.945312 0.138672 0.023438 0.027344
0 0.976562 0.144531 0.031250 0.031250
0 0.914062 0.263672 0.023438 0.035156
0 0.972656 0.271484 0.031250 0.035156
0 0.703125 0.398438 0.031250 0.031250
0 0.732422 0.363281 0.042969 0.031250
0 0.761719 0.402344 0.031250 0.039062
0 0.791016 0.367188 0.027344 0.031250
0 0.816406 0.400391 0.031250 0.035156
0 0.853516 0.371094 0.019531 0.031250
0 0.880859 0.406250 0.027344 0.039062
0 0.910156 0.373047 0.031250 0.035156
0 0.937500 0.410156 0.023438 0.031250
0 0.964844 0.378906 0.031250 0.031250
0 0.992188 0.410156 0.015625 0.031250
0 0.728516 0.531250 0.042969 0.031250
0 0.757812 0.503906 0.023438 0.031250
0 0.785156 0.537109 0.023438 0.027344
0 0.814453 0.503906 0.027344 0.031250
0 0.849609 0.527344 0.019531 0.023438
0 0.875000 0.507812 0.023438 0.039062
0 0.906250 0.533203 0.031250 0.035156
0 0.931641 0.509766 0.027344 0.035156
0 0.962891 0.546875 0.027344 0.039062
0 0.988281 0.509766 0.023438 0.042969
0 0.769531 0.849609 0.023438 0.027344
0 0.800781 0.847656 0.023438 0.031250
0 0.833984 0.851562 0.019531 0.031250
0 0.933594 0.775391 0.031250 0.027344
