2 0.129883 0.115234 0.060547 0.070312
2 0.375000 0.123047 0.082031 0.085938
2 0.627930 0.124023 0.080078 0.080078
2 0.872070 0.117188 0.091797 0.085938
2 0.123047 0.376953 0.089844 0.066406
2 0.377930 0.372070 0.080078 0.064453
2 0.621094 0.378906 0.082031 0.031250
2 0.872070 0.377930 0.087891 0.041016
2 0.125977 0.622070 0.087891 0.052734
2 0.372070 0.625977 0.080078 0.048828
2 0.625977 0.625000 0.087891 0.054688
2 0.875977 0.626953 0.095703 0.062500
2 0.125977 0.875977 0.091797 0.068359
2 0.372070 0.881836 0.076172 0.080078
2 0.625977 0.877930 0.076172 0.076172
2 0.876953 0.878906 0.074219 0.070312
