4 0.316406 0.861328 0.101562 0.097656
4 0.296875 0.740234 0.078125 0.089844
4 0.294922 0.621094 0.097656 0.093750
4 0.292969 0.511719 0.085938 0.078125
4 0.455078 0.771484 0.144531 0.136719
4 0.599609 0.746094 0.128906 0.140625
4 0.765625 0.703125 0.132812 0.132812
4 0.910156 0.677734 0.109375 0.136719
4 0.435547 0.607422 0.121094 0.144531
4 0.574219 0.578125 0.125000 0.125000
4 0.740234 0.537109 0.128906 0.136719
4 0.886719 0.507812 0.109375 0.132812
4 0.408203 0.437500 0.121094 0.132812
4 0.548828 0.410156 0.121094 0.140625
4 0.716797 0.369141 0.105469 0.136719
4 0.857422 0.341797 0.113281 0.152344
