4 0.320312 0.039062 0.070312 0.070312
4 0.214844 0.062500 0.078125 0.070312
4 0.140625 0.083984 0.070312 0.074219
4 0.060547 0.093750 0.058594 0.054688
4 0.076172 0.226562 0.058594 0.054688
4 0.150391 0.173828 0.074219 0.074219
4 0.228516 0.148438 0.058594 0.070312
4 0.333984 0.130859 0.066406 0.066406
4 0.414062 0.111328 0.062500 0.066406
4 0.425781 0.636719 0.078125 0.078125
4 0.507812 0.621094 0.062500 0.070312
4 0.583984 0.599609 0.066406 0.074219
4 0.517578 0.712891 0.066406 0.066406
4 0.441406 0.732422 0.070312 0.074219
