4 0.849609 0.602539 0.066406 0.044922
4 0.897461 0.572266 0.064453 0.042969
4 0.888672 0.526367 0.066406 0.044922
4 0.839844 0.558594 0.066406 0.046875
4 0.829102 0.511719 0.064453 0.046875
4 0.724609 0.754883 0.054688 0.048828
4 0.716797 0.805664 0.058594 0.044922
4 0.715820 0.852539 0.056641 0.044922
4 0.666992 0.754883 0.056641 0.048828
4 0.662109 0.798828 0.046875 0.042969
4 0.660156 0.843750 0.054688 0.050781
4 0.587891 0.858398 0.062500 0.041016
4 0.588867 0.815430 0.060547 0.052734
4 0.591797 0.759766 0.066406 0.054688
4 0.595703 0.708008 0.058594 0.044922
4 0.539062 0.698242 0.054688 0.056641
4 0.535156 0.754883 0.054688 0.048828
4 0.528320 0.807617 0.056641 0.044922
4 0.526367 0.859375 0.060547 0.058594
4 0.476562 0.702148 0.066406 0.060547
4 0.471680 0.755859 0.072266 0.058594
4 0.466797 0.808594 0.062500 0.054688
4 0.463867 0.853516 0.060547 0.062500
4 0.409180 0.696289 0.056641 0.060547
4 0.399414 0.744141 0.056641 0.054688
4 0.398438 0.791992 0.050781 0.056641
4 0.348633 0.693359 0.060547 0.054688
4 0.341797 0.742188 0.058594 0.058594
4 0.341797 0.785156 0.058594 0.062500
4 0.270508 0.688477 0.056641 0.052734
4 0.268555 0.735352 0.056641 0.064453
4 0.208984 0.686523 0.054688 0.060547
4 0.206055 0.737305 0.056641 0.056641
4 0.150391 0.683594 0.066406 0.050781
4 0.142578 0.730469 0.062500 0.058594
4 0.395508 0.627930 0.076172 0.052734
4 0.561523 0.508789 0.052734 0.037109
4 0.616211 0.424805 0.041016 0.048828
4 0.658203 0.425781 0.042969 0.050781
4 0.743164 0.406250 0.044922 0.042969
4 0.724609 0.327148 0.050781 0.033203
4 0.737305 0.361328 0.037109 0.035156
4 0.629883 0.339844 0.052734 0.042969
4 0.672852 0.337891 0.041016 0.042969
4 0.339844 0.432617 0.042969 0.041016
4 0.273438 0.489258 0.050781 0.041016
4 0.457031 0.626953 0.058594 0.050781
1 0.821289 0.133789 0.201172 0.068359
1 0.573242 0.156250 0.166016 0.054688
1 0.278320 0.334961 0.083984 0.123047
1 0.226562 0.428711 0.070312 0.068359
1 0.030273 0.762695 0.029297 0.130859
1 0.065430 0.675781 0.013672 0.066406
