4 0.058594 0.460938 0.109375 0.117188
4 0.103516 0.355469 0.121094 0.117188
4 0.208984 0.261719 0.105469 0.093750
4 0.328125 0.361328 0.117188 0.089844
4 0.216797 0.455078 0.121094 0.113281
4 0.117188 0.560547 0.125000 0.105469
4 0.369141 0.564453 0.121094 0.121094
4 0.275391 0.677734 0.128906 0.113281
4 0.480469 0.656250 0.117188 0.125000
4 0.384766 0.771484 0.128906 0.128906
4 0.599609 0.751953 0.113281 0.113281
4 0.498047 0.865234 0.128906 0.105469
4 0.201172 0.058594 0.144531 0.109375
4 0.402344 0.046875 0.125000 0.085938
4 0.312500 0.150391 0.140625 0.128906
4 0.531250 0.134766 0.148438 0.113281
4 0.423828 0.238281 0.152344 0.117188
4 0.685547 0.253906 0.167969 0.117188
4 0.580078 0.357422 0.167969 0.121094
4 0.767578 0.347656 0.121094 0.109375
4 0.677734 0.458984 0.121094 0.105469
4 0.888672 0.445312 0.121094 0.109375
4 0.802734 0.546875 0.121094 0.109375
4 0.771484 0.089844 0.089844 0.093750
4 0.939453 0.083984 0.089844 0.089844
4 0.857422 0.158203 0.089844 0.089844
4 0.945312 0.224609 0.093750 0.097656
