1 0.819375 0.937500 0.043750 0.025000
1 0.858125 0.320625 0.088750 0.123750
1 0.517500 0.021250 0.042500 0.042500
1 0.902500 0.320625 0.022500 0.031250
1 0.375000 0.112500 0.020000 0.020000
1 0.971875 0.275000 0.056250 0.037500
1 0.013750 0.021250 0.027500 0.042500
1 0.376875 0.316875 0.161250 0.148750
1 0.659375 0.434375 0.093750 0.088750
1 0.193125 0.168750 0.108750 0.110000
1 0.679375 0.320625 0.076250 0.118750
1 0.785000 0.496250 0.037500 0.047500
1 0.523125 0.481875 0.023750 0.021250
1 0.962500 0.907500 0.075000 0.055000
