1 0.832500 0.936250 0.042500 0.010000
1 0.861875 0.691250 0.028750 0.015000
1 0.926875 0.962500 0.033750 0.007500
1 0.498750 0.971250 0.035000 0.010000
1 0.798750 0.808125 0.037500 0.011250
1 0.775625 0.958750 0.038750 0.007500
1 0.767500 0.883750 0.040000 0.012500
1 0.826250 0.990000 0.035000 0.012500
1 0.251250 0.276250 0.082500 0.020000
1 0.510000 0.869375 0.027500 0.016250
1 0.378125 0.998125 0.031250 0.003750
1 0.298750 0.914375 0.040000 0.006250
1 0.665625 0.865625 0.028750 0.008750
1 0.675625 0.953125 0.033750 0.011250
1 0.449375 0.836250 0.033750 0.012500
1 0.516250 0.907500 0.040000 0.007500
1 0.141250 0.956250 0.035000 0.012500
1 0.251875 0.983750 0.043750 0.015000
1 0.591875 0.928125 0.036250 0.008750
1 0.370625 0.899375 0.031250 0.021250
1 0.440000 0.970625 0.025000 0.008750
1 0.605625 0.978750 0.018750 0.010000
1 0.214375 0.868750 0.021250 0.012500
1 0.195625 0.962500 0.021250 0.012500
1 0.526875 0.994375 0.028750 0.011250
