2 0.117188 0.125000 0.062500 0.078125
2 0.372070 0.134766 0.048828 0.050781
2 0.616211 0.134766 0.044922 0.039062
2 0.862305 0.124023 0.044922 0.060547
2 0.115234 0.375977 0.062500 0.076172
2 0.358398 0.384766 0.052734 0.039062
2 0.620117 0.381836 0.052734 0.060547
2 0.871094 0.376953 0.062500 0.070312
2 0.134766 0.625000 0.082031 0.093750
2 0.381836 0.625977 0.080078 0.083984
2 0.631836 0.629883 0.080078 0.068359
2 0.874023 0.626953 0.072266 0.062500
2 0.127930 0.877930 0.076172 0.064453
2 0.375000 0.881836 0.074219 0.060547
2 0.623047 0.878906 0.074219 0.050781
2 0.873047 0.878906 0.085938 0.050781
