4 0.185547 0.923828 0.082031 0.089844
4 0.126953 0.845703 0.105469 0.089844
4 0.162109 0.751953 0.082031 0.097656
4 0.242188 0.828125 0.085938 0.093750
4 0.302734 0.724609 0.089844 0.089844
4 0.224609 0.648438 0.097656 0.093750
4 0.060547 0.597656 0.121094 0.125000
4 0.322266 0.513672 0.144531 0.128906
4 0.494141 0.484375 0.121094 0.125000
4 0.136719 0.478516 0.117188 0.121094
4 0.054688 0.388672 0.101562 0.121094
4 0.085938 0.257812 0.109375 0.125000
4 0.208984 0.347656 0.113281 0.125000
4 0.386719 0.376953 0.117188 0.128906
4 0.460938 0.230469 0.117188 0.132812
4 0.587891 0.341797 0.128906 0.136719
4 0.648438 0.197266 0.109375 0.144531
1 0.718750 0.804688 0.257812 0.390625
