1 0.076000 0.178500 0.106000 0.057000
1 0.065000 0.269500 0.084000 0.045000
1 0.085000 0.618000 0.076000 0.076000
1 0.087500 0.781500 0.081000 0.051000
1 0.089000 0.868000 0.056000 0.042000
1 0.081500 0.423500 0.087000 0.039000
1 0.083500 0.488500 0.083000 0.063000
1 0.559000 0.016500 0.278000 0.031000
1 0.551500 0.037000 0.233000 0.072000
1 0.536000 0.074500 0.238000 0.069000
1 0.546000 0.120000 0.218000 0.078000
1 0.543000 0.177500 0.340000 0.095000
1 0.504500 0.241500 0.405000 0.105000
1 0.537500 0.291500 0.339000 0.087000
1 0.556500 0.336000 0.311000 0.068000
1 0.533000 0.372000 0.278000 0.064000
1 0.529500 0.411500 0.291000 0.065000
1 0.906000 0.031000 0.186000 0.060000
1 0.892500 0.073500 0.213000 0.069000
1 0.522500 0.451500 0.385000 0.069000
1 0.530000 0.501500 0.384000 0.067000
1 0.510500 0.580500 0.401000 0.115000
1 0.586500 0.554000 0.281000 0.064000
1 0.481000 0.644000 0.346000 0.132000
1 0.567500 0.729000 0.257000 0.058000
1 0.531000 0.771500 0.386000 0.117000
1 0.526500 0.900500 0.449000 0.155000
1 0.541000 0.972500 0.260000 0.053000
1 0.536000 0.844500 0.388000 0.153000
1 0.900500 0.131000 0.197000 0.080000
