0 0.053571 0.053571 0.160714 0.133929
0 0.486607 0.060268 0.142857 0.147321
0 0.716518 0.062500 0.165179 0.142857
0 0.044643 0.582589 0.125000 0.147321
0 0.165179 0.450893 0.151786 0.160714
0 0.377232 0.446429 0.129464 0.142857
0 0.484375 0.589286 0.120536 0.142857
0 0.607143 0.457589 0.125000 0.156250
0 0.718750 0.578125 0.133929 0.138393
0 0.839286 0.453125 0.142857 0.147321
0 0.156250 0.977679 0.133929 0.142857
0 0.388393 0.982143 0.142857 0.151786
0 0.600446 0.977679 0.111607 0.133929
0 0.834821 0.979911 0.169643 0.147321
