2 0.124023 0.128906 0.087891 0.093750
2 0.375000 0.131836 0.089844 0.083984
2 0.625000 0.122070 0.089844 0.087891
2 0.871094 0.125977 0.097656 0.087891
2 0.123047 0.375977 0.093750 0.076172
2 0.368164 0.379883 0.095703 0.068359
2 0.620117 0.376953 0.095703 0.070312
2 0.867188 0.371094 0.109375 0.085938
2 0.117188 0.625977 0.093750 0.056641
2 0.367188 0.625977 0.085938 0.044922
2 0.623047 0.624023 0.097656 0.052734
2 0.870117 0.625977 0.083984 0.033203
2 0.116211 0.875000 0.087891 0.046875
2 0.365234 0.875977 0.097656 0.041016
2 0.617188 0.873047 0.089844 0.062500
2 0.864258 0.872070 0.107422 0.072266
