4 0.198242 0.034180 0.056641 0.064453
4 0.267578 0.042969 0.054688 0.070312
4 0.428711 0.004883 0.056641 0.005859
4 0.498047 0.006836 0.054688 0.009766
4 0.584961 0.006836 0.052734 0.009766
4 0.653320 0.008789 0.056641 0.013672
4 0.352539 0.079102 0.056641 0.068359
4 0.421875 0.082031 0.054688 0.066406
4 0.491211 0.088867 0.052734 0.068359
4 0.579102 0.063477 0.060547 0.064453
4 0.650391 0.070312 0.054688 0.066406
4 0.347656 0.161133 0.054688 0.068359
4 0.416992 0.167969 0.052734 0.062500
4 0.485352 0.171875 0.056641 0.062500
4 0.574219 0.151367 0.050781 0.064453
4 0.644531 0.156250 0.054688 0.070312
