2 0.124023 0.131836 0.052734 0.060547
2 0.374023 0.136719 0.044922 0.046875
2 0.620117 0.134766 0.041016 0.046875
2 0.871094 0.137695 0.054688 0.056641
2 0.124023 0.380859 0.048828 0.058594
2 0.375000 0.375977 0.070312 0.080078
2 0.621094 0.376953 0.074219 0.085938
2 0.873047 0.375977 0.078125 0.080078
2 0.124023 0.624023 0.068359 0.056641
2 0.374023 0.630859 0.080078 0.058594
2 0.614258 0.621094 0.083984 0.054688
2 0.856445 0.625000 0.103516 0.039062
2 0.113281 0.871094 0.070312 0.039062
2 0.371094 0.874023 0.078125 0.048828
2 0.623047 0.874023 0.078125 0.060547
2 0.872070 0.873047 0.087891 0.066406
