2 0.120117 0.128906 0.041016 0.074219
2 0.363281 0.136719 0.050781 0.070312
2 0.618164 0.125977 0.052734 0.083984
2 0.875977 0.127930 0.087891 0.095703
2 0.122070 0.379883 0.080078 0.087891
2 0.383789 0.370117 0.076172 0.080078
2 0.625000 0.375000 0.085938 0.085938
2 0.875000 0.376953 0.093750 0.085938
2 0.121094 0.625000 0.093750 0.089844
2 0.373047 0.625000 0.093750 0.074219
2 0.624023 0.624023 0.103516 0.076172
2 0.869141 0.627930 0.089844 0.052734
2 0.121094 0.875977 0.097656 0.056641
2 0.366211 0.875977 0.087891 0.037109
2 0.621094 0.872070 0.074219 0.080078
2 0.871094 0.877930 0.078125 0.080078
