1 0.643000 0.801000 0.344000 0.074000
1 0.669000 0.755000 0.308000 0.064000
1 0.568500 0.439000 0.399000 0.086000
1 0.432500 0.598500 0.443000 0.081000
1 0.473500 0.456500 0.165000 0.067000
1 0.244000 0.756500 0.300000 0.075000
1 0.120500 0.779000 0.239000 0.050000
1 0.124500 0.471000 0.237000 0.066000
1 0.113000 0.363500 0.224000 0.081000
1 0.100500 0.327500 0.151000 0.051000
1 0.165000 0.209000 0.180000 0.048000
1 0.160500 0.156500 0.189000 0.065000
1 0.122500 0.111500 0.183000 0.051000
1 0.393500 0.157500 0.165000 0.075000
1 0.539500 0.282500 0.401000 0.077000
1 0.563500 0.329500 0.211000 0.057000
1 0.589000 0.231500 0.248000 0.057000
1 0.637000 0.164500 0.238000 0.073000
1 0.616500 0.122500 0.175000 0.077000
