2 0.120117 0.118164 0.087891 0.064453
2 0.370117 0.120117 0.087891 0.060547
2 0.620117 0.123047 0.080078 0.035156
2 0.869141 0.123047 0.082031 0.042969
2 0.120117 0.372070 0.091797 0.048828
2 0.371094 0.372070 0.089844 0.056641
2 0.619141 0.375000 0.085938 0.058594
2 0.867188 0.373047 0.078125 0.058594
2 0.119141 0.622070 0.093750 0.080078
2 0.371094 0.618164 0.093750 0.076172
2 0.621094 0.622070 0.093750 0.087891
2 0.871094 0.619141 0.089844 0.089844
2 0.122070 0.866211 0.072266 0.087891
2 0.372070 0.871094 0.072266 0.089844
2 0.616211 0.866211 0.060547 0.095703
2 0.875000 0.877930 0.046875 0.072266
