4 0.523438 0.623047 0.070312 0.062500
4 0.597656 0.603516 0.058594 0.050781
4 0.550781 0.693359 0.058594 0.058594
4 0.623047 0.669922 0.058594 0.058594
4 0.718750 0.634766 0.062500 0.054688
4 0.744141 0.700195 0.058594 0.052734
4 0.813477 0.674805 0.060547 0.060547
4 0.839844 0.746094 0.062500 0.054688
4 0.771484 0.771484 0.058594 0.054688
4 0.675781 0.805664 0.058594 0.052734
4 0.658203 0.733398 0.078125 0.056641
4 0.576172 0.758789 0.066406 0.052734
4 0.606445 0.829102 0.060547 0.048828
4 0.627930 0.897461 0.064453 0.052734
4 0.697266 0.867188 0.062500 0.054688
4 0.654297 0.961914 0.058594 0.048828
4 0.723633 0.933594 0.060547 0.050781
4 0.795898 0.836914 0.056641 0.056641
4 0.864258 0.813477 0.060547 0.052734
4 0.888672 0.878906 0.062500 0.050781
4 0.820312 0.903320 0.062500 0.052734
4 0.847656 0.971680 0.062500 0.052734
4 0.918945 0.947266 0.060547 0.058594
1 0.102539 0.359375 0.060547 0.042969
