4 0.050781 0.199219 0.093750 0.109375
4 0.085938 0.333984 0.125000 0.105469
4 0.130859 0.464844 0.121094 0.109375
4 0.078125 0.650391 0.117188 0.105469
4 0.214844 0.601562 0.117188 0.093750
4 0.365234 0.621094 0.113281 0.109375
4 0.189453 0.738281 0.121094 0.109375
4 0.333984 0.759766 0.121094 0.105469
4 0.226562 0.130859 0.125000 0.105469
4 0.369141 0.082031 0.121094 0.117188
4 0.416016 0.218750 0.121094 0.117188
4 0.273438 0.263672 0.125000 0.105469
4 0.326172 0.398438 0.121094 0.109375
4 0.468750 0.349609 0.109375 0.097656
4 0.638672 0.302734 0.121094 0.105469
4 0.615234 0.441406 0.128906 0.109375
4 0.779297 0.326172 0.113281 0.113281
4 0.757812 0.462891 0.109375 0.105469
4 0.931641 0.353516 0.136719 0.113281
4 0.894531 0.484375 0.125000 0.109375
