2 0.691406 0.103516 0.035156 0.042969
2 0.710938 0.105469 0.035156 0.042969
2 0.706055 0.058594 0.033203 0.042969
2 0.791992 0.083984 0.033203 0.039062
2 0.812500 0.092773 0.031250 0.041016
2 0.833008 0.101562 0.041016 0.058594
2 0.836914 0.149414 0.033203 0.044922
2 0.947266 0.030273 0.035156 0.048828
2 0.973633 0.034180 0.033203 0.041016
2 0.988281 0.055664 0.019531 0.021484
2 0.934570 0.135742 0.037109 0.044922
2 0.915039 0.122070 0.041016 0.044922
2 0.954102 0.145508 0.033203 0.044922
2 0.975586 0.149414 0.033203 0.041016
2 0.988281 0.166992 0.019531 0.017578
2 0.879883 0.160156 0.037109 0.046875
2 0.899414 0.167969 0.029297 0.039062
2 0.917969 0.175781 0.035156 0.042969
2 0.938477 0.182617 0.029297 0.037109
2 0.958984 0.188477 0.035156 0.041016
2 0.980469 0.198242 0.035156 0.041016
2 0.758789 0.236328 0.033203 0.042969
2 0.777344 0.244141 0.031250 0.042969
2 0.740234 0.274414 0.035156 0.041016
2 0.862305 0.260742 0.037109 0.044922
2 0.835938 0.256836 0.039062 0.044922
2 0.786133 0.280273 0.037109 0.048828
2 0.804688 0.289062 0.035156 0.050781
2 0.823242 0.299805 0.033203 0.048828
2 0.845703 0.301758 0.031250 0.044922
2 0.867188 0.309570 0.027344 0.037109
2 0.889648 0.314453 0.033203 0.046875
2 0.910156 0.322266 0.035156 0.046875
2 0.882812 0.273438 0.027344 0.035156
2 0.924805 0.280273 0.029297 0.033203
2 0.737305 0.384766 0.037109 0.042969
2 0.707031 0.411133 0.035156 0.041016
2 0.681641 0.363281 0.031250 0.039062
2 0.643555 0.400391 0.033203 0.042969
2 0.658203 0.362305 0.035156 0.041016
2 0.763672 0.392578 0.031250 0.039062
2 0.785156 0.396484 0.031250 0.039062
2 0.805664 0.402344 0.029297 0.035156
2 0.768555 0.438477 0.033203 0.041016
2 0.810547 0.453125 0.031250 0.042969
2 0.829102 0.456055 0.033203 0.037109
2 0.827148 0.412109 0.037109 0.046875
2 0.850586 0.415039 0.029297 0.041016
2 0.871094 0.422852 0.031250 0.041016
2 0.894531 0.426758 0.031250 0.041016
2 0.619141 0.492188 0.035156 0.046875
2 0.606445 0.532227 0.033203 0.044922
2 0.562500 0.666016 0.039062 0.039062
2 0.748047 0.529297 0.035156 0.042969
2 0.575195 0.628906 0.037109 0.035156
2 0.595703 0.639648 0.042969 0.041016
2 0.584961 0.675781 0.029297 0.027344
2 0.807617 0.555664 0.037109 0.044922
