2 0.498047 0.046875 0.136719 0.070312
2 0.516602 0.108398 0.107422 0.056641
2 0.507812 0.171875 0.113281 0.054688
2 0.514648 0.243164 0.107422 0.056641
2 0.510742 0.294922 0.107422 0.046875
2 0.505859 0.375000 0.128906 0.050781
2 0.506836 0.428711 0.119141 0.048828
2 0.500977 0.500000 0.107422 0.050781
2 0.481445 0.551758 0.107422 0.064453
2 0.458984 0.609375 0.105469 0.074219
2 0.429688 0.684570 0.101562 0.060547
2 0.405273 0.744141 0.107422 0.085938
2 0.351562 0.792969 0.101562 0.085938
2 0.302734 0.836914 0.113281 0.095703
2 0.266602 0.902344 0.091797 0.101562
2 0.202148 0.928711 0.099609 0.099609
2 0.079102 0.265625 0.080078 0.093750
2 0.088867 0.393555 0.095703 0.115234
