0 0.033482 0.084821 0.066964 0.071429
0 0.218750 0.091518 0.080357 0.075893
0 0.283482 0.044643 0.093750 0.080357
0 0.484375 0.258929 0.084821 0.062500
0 0.714286 0.270089 0.098214 0.058036
0 0.718750 0.187500 0.089286 0.044643
0 0.716518 0.107143 0.102679 0.053571
0 0.716518 0.024554 0.084821 0.049107
0 0.946429 0.055804 0.062500 0.058036
0 0.944196 0.120536 0.049107 0.044643
0 0.941964 0.189732 0.062500 0.049107
0 0.941964 0.254464 0.062500 0.044643
0 0.145089 0.926339 0.058036 0.058036
0 0.147321 0.819196 0.053571 0.040179
0 0.714286 0.982143 0.044643 0.035714
0 0.680804 0.957589 0.049107 0.040179
0 0.718750 0.921875 0.044643 0.040179
0 0.680804 0.890625 0.049107 0.049107
0 0.718750 0.852679 0.044643 0.044643
0 0.680804 0.816964 0.049107 0.044643
0 0.723214 0.783482 0.044643 0.040179
0 0.683036 0.747768 0.044643 0.049107
0 0.718750 0.709821 0.044643 0.035714
0 0.685268 0.680804 0.049107 0.040179
0 0.720982 0.647321 0.040179 0.044643
0 0.683036 0.611607 0.044643 0.053571
0 0.716518 0.573661 0.049107 0.049107
0 0.906250 0.584821 0.044643 0.044643
0 0.904018 0.649554 0.040179 0.040179
0 0.901786 0.718750 0.044643 0.053571
0 0.904018 0.790179 0.049107 0.035714
0 0.901786 0.857143 0.044643 0.044643
0 0.899554 0.933036 0.031250 0.035714
0 0.901786 0.988839 0.053571 0.022321
