2 0.634766 0.076172 0.121094 0.101562
2 0.867188 0.229492 0.125000 0.095703
2 0.705078 0.344727 0.144531 0.107422
2 0.612305 0.243164 0.103516 0.080078
2 0.391602 0.080078 0.099609 0.082031
2 0.328125 0.037109 0.089844 0.074219
2 0.134766 0.271484 0.113281 0.089844
2 0.177734 0.500000 0.062500 0.109375
2 0.241211 0.361328 0.099609 0.082031
2 0.288086 0.405273 0.091797 0.076172
2 0.381836 0.656250 0.068359 0.121094
2 0.281250 0.553711 0.058594 0.099609
2 0.402344 0.486328 0.125000 0.101562
2 0.458008 0.521484 0.126953 0.105469
2 0.519531 0.556641 0.082031 0.085938
2 0.565430 0.593750 0.138672 0.121094
