4 0.869141 0.966797 0.082031 0.066406
4 0.835938 0.441406 0.070312 0.078125
4 0.789062 0.505859 0.093750 0.089844
4 0.898438 0.482422 0.062500 0.074219
4 0.867188 0.560547 0.078125 0.066406
4 0.960938 0.531250 0.062500 0.070312
4 0.927734 0.603516 0.066406 0.066406
4 0.748047 0.599609 0.074219 0.066406
4 0.732422 0.673828 0.089844 0.089844
4 0.816406 0.646484 0.062500 0.082031
4 0.792969 0.718750 0.093750 0.093750
4 0.875000 0.693359 0.054688 0.066406
4 0.851562 0.759766 0.078125 0.074219
4 0.912109 0.802734 0.082031 0.089844
4 0.783203 0.925781 0.074219 0.085938
