4 0.314453 0.480469 0.128906 0.101562
4 0.273438 0.361328 0.101562 0.089844
4 0.283203 0.240234 0.113281 0.105469
4 0.287109 0.125000 0.097656 0.101562
4 0.402344 0.068359 0.140625 0.128906
4 0.548828 0.048828 0.105469 0.089844
4 0.427734 0.228516 0.121094 0.128906
4 0.572266 0.197266 0.121094 0.136719
4 0.744141 0.166016 0.136719 0.128906
4 0.878906 0.126953 0.117188 0.136719
4 0.451172 0.398438 0.136719 0.132812
4 0.591797 0.367188 0.136719 0.132812
4 0.763672 0.324219 0.128906 0.140625
4 0.900391 0.300781 0.128906 0.132812
