0 0.073661 0.066964 0.058036 0.071429
0 0.198661 0.062500 0.066964 0.071429
0 0.323661 0.064732 0.066964 0.075893
0 0.457589 0.069196 0.066964 0.084821
0 0.566964 0.069196 0.053571 0.075893
0 0.022321 0.299107 0.062500 0.071429
0 0.073661 0.375000 0.058036 0.071429
0 0.129464 0.310268 0.062500 0.066964
0 0.200893 0.381696 0.071429 0.075893
0 0.267857 0.301339 0.071429 0.075893
0 0.334821 0.379464 0.062500 0.080357
0 0.392857 0.308036 0.062500 0.062500
0 0.453125 0.375000 0.058036 0.071429
0 0.517857 0.301339 0.062500 0.066964
0 0.566964 0.361607 0.062500 0.080357
0 0.649554 0.303571 0.075893 0.071429
0 0.703125 0.377232 0.066964 0.075893
0 0.758929 0.305804 0.071429 0.075893
0 0.830357 0.375000 0.071429 0.080357
0 0.881696 0.316964 0.058036 0.071429
0 0.955357 0.375000 0.062500 0.071429
0 0.886161 0.616071 0.075893 0.080357
0 0.763393 0.618304 0.080357 0.075893
0 0.638393 0.616071 0.071429 0.080357
0 0.506696 0.618304 0.075893 0.075893
0 0.386161 0.616071 0.084821 0.071429
0 0.256696 0.622768 0.058036 0.075893
0 0.138393 0.620536 0.080357 0.080357
0 0.004464 0.620536 0.089286 0.080357
0 0.776786 0.895089 0.044643 0.058036
0 0.823661 0.955357 0.066964 0.062500
0 0.930804 0.955357 0.049107 0.062500
0 0.984375 0.901786 0.049107 0.062500
