0 0.165179 0.015625 0.133929 0.156250
0 0.321429 0.013393 0.133929 0.160714
0 0.500000 0.008929 0.125000 0.151786
0 0.662946 0.008929 0.138393 0.160714
0 0.834821 0.011161 0.133929 0.156250
0 0.930804 0.140625 0.120536 0.156250
0 0.062500 0.685268 0.125000 0.165179
0 0.138393 0.540179 0.107143 0.160714
0 0.229911 0.685268 0.129464 0.165179
0 0.314732 0.542411 0.129464 0.156250
0 0.399554 0.687500 0.111607 0.151786
0 0.566964 0.685268 0.142857 0.147321
0 0.660714 0.544643 0.107143 0.125000
0 0.745536 0.676339 0.116071 0.156250
0 0.832589 0.542411 0.129464 0.147321
