2 0.122070 0.117188 0.087891 0.082031
2 0.371094 0.123047 0.070312 0.039062
2 0.619141 0.122070 0.078125 0.048828
2 0.874023 0.122070 0.072266 0.037109
2 0.123047 0.371094 0.074219 0.039062
2 0.366211 0.371094 0.072266 0.031250
2 0.621094 0.371094 0.078125 0.042969
2 0.873047 0.370117 0.074219 0.041016
2 0.122070 0.619141 0.083984 0.062500
2 0.367188 0.617188 0.089844 0.066406
2 0.623047 0.617188 0.078125 0.070312
2 0.871094 0.616211 0.078125 0.072266
2 0.120117 0.867188 0.080078 0.074219
2 0.372070 0.867188 0.080078 0.082031
2 0.623047 0.867188 0.082031 0.082031
2 0.871094 0.869141 0.082031 0.082031
