2 0.500977 0.500977 0.060547 0.099609
2 0.146484 0.284180 0.113281 0.083984
2 0.106445 0.336914 0.107422 0.080078
2 0.070312 0.384766 0.128906 0.089844
2 0.058594 0.449219 0.101562 0.074219
2 0.041992 0.506836 0.083984 0.080078
2 0.229492 0.471680 0.126953 0.099609
2 0.153320 0.613281 0.126953 0.089844
2 0.175781 0.567383 0.113281 0.076172
2 0.199219 0.524414 0.097656 0.068359
2 0.117188 0.664062 0.109375 0.078125
2 0.087891 0.713867 0.101562 0.072266
2 0.061523 0.756836 0.095703 0.068359
2 0.553711 0.662109 0.111328 0.062500
2 0.524414 0.712891 0.111328 0.058594
2 0.493164 0.814453 0.130859 0.070312
2 0.464844 0.867188 0.113281 0.074219
2 0.426758 0.956055 0.123047 0.080078
