1 0.738281 0.845703 0.054688 0.050781
1 0.591797 0.988281 0.058594 0.023438
1 0.626953 0.894531 0.058594 0.031250
1 0.601562 0.761719 0.046875 0.031250
1 0.648438 0.705078 0.039062 0.058594
1 0.732422 0.679688 0.066406 0.046875
1 0.773438 0.619141 0.085938 0.058594
1 0.880859 0.572266 0.066406 0.089844
1 0.898438 0.681641 0.054688 0.035156
1 0.824219 0.683594 0.062500 0.054688
1 0.748047 0.951172 0.089844 0.050781
1 0.841797 0.794922 0.066406 0.074219
1 0.832031 0.867188 0.046875 0.039062
1 0.732422 0.751953 0.050781 0.058594
1 0.513672 0.958984 0.058594 0.066406
1 0.556641 0.896484 0.058594 0.050781
