2 0.125000 0.122070 0.089844 0.072266
2 0.376953 0.124023 0.093750 0.068359
2 0.624023 0.122070 0.091797 0.052734
2 0.877930 0.121094 0.099609 0.046875
2 0.125000 0.373047 0.082031 0.035156
2 0.368164 0.376953 0.080078 0.027344
2 0.619141 0.373047 0.082031 0.039062
2 0.870117 0.375000 0.080078 0.046875
2 0.119141 0.624023 0.082031 0.041016
2 0.370117 0.622070 0.087891 0.048828
2 0.617188 0.625977 0.082031 0.052734
2 0.868164 0.622070 0.080078 0.064453
2 0.119141 0.867188 0.097656 0.089844
2 0.366211 0.869141 0.091797 0.082031
2 0.618164 0.869141 0.095703 0.089844
2 0.871094 0.871094 0.085938 0.089844
