4 0.370117 0.897461 0.060547 0.060547
4 0.411133 0.833008 0.064453 0.068359
4 0.470703 0.775391 0.062500 0.066406
4 0.518555 0.719727 0.060547 0.072266
4 0.585938 0.725586 0.062500 0.076172
4 0.191406 0.863281 0.058594 0.054688
4 0.190430 0.784180 0.056641 0.068359
4 0.253906 0.780273 0.058594 0.068359
4 0.320312 0.767578 0.062500 0.070312
4 0.126953 0.704102 0.066406 0.068359
4 0.181641 0.647461 0.062500 0.064453
4 0.257812 0.662109 0.066406 0.066406
4 0.303711 0.602539 0.060547 0.072266
4 0.381836 0.585938 0.060547 0.062500
4 0.373047 0.501953 0.062500 0.066406
4 0.561523 0.356445 0.068359 0.068359
4 0.542969 0.274414 0.066406 0.068359
4 0.471680 0.304688 0.060547 0.066406
4 0.422852 0.252930 0.072266 0.060547
4 0.470703 0.194336 0.070312 0.064453
4 0.369141 0.205078 0.074219 0.066406
