0 0.205357 0.866071 0.071429 0.044643
0 0.200893 0.767857 0.071429 0.044643
0 0.198661 0.660714 0.058036 0.035714
0 0.198661 0.560268 0.066964 0.049107
0 0.191964 0.457589 0.062500 0.049107
0 0.191964 0.357143 0.062500 0.053571
0 0.180804 0.256696 0.058036 0.049107
0 0.178571 0.160714 0.071429 0.053571
0 0.174107 0.058036 0.071429 0.044643
0 0.524554 0.020089 0.031250 0.040179
0 0.493304 0.055804 0.040179 0.040179
0 0.529018 0.093750 0.040179 0.044643
0 0.488839 0.127232 0.049107 0.040179
0 0.524554 0.160714 0.040179 0.044643
0 0.488839 0.191964 0.049107 0.044643
0 0.524554 0.227679 0.031250 0.044643
0 0.486607 0.263393 0.035714 0.044643
0 0.520089 0.296875 0.049107 0.049107
0 0.486607 0.332589 0.044643 0.040179
0 0.524554 0.366071 0.040179 0.035714
0 0.486607 0.401786 0.044643 0.044643
0 0.522321 0.437500 0.044643 0.044643
0 0.484375 0.473214 0.049107 0.044643
0 0.522321 0.506696 0.044643 0.040179
0 0.482143 0.540179 0.044643 0.044643
0 0.520089 0.575893 0.040179 0.044643
0 0.473214 0.607143 0.044643 0.044643
0 0.513393 0.649554 0.044643 0.040179
0 0.656250 0.774554 0.044643 0.049107
0 0.703125 0.745536 0.040179 0.044643
0 0.660714 0.707589 0.044643 0.049107
0 0.703125 0.678571 0.040179 0.044643
0 0.665179 0.640625 0.035714 0.040179
0 0.700893 0.616071 0.044643 0.044643
0 0.658482 0.571429 0.040179 0.035714
0 0.698661 0.529018 0.040179 0.058036
0 0.658482 0.502232 0.049107 0.049107
0 0.703125 0.466518 0.040179 0.049107
0 0.665179 0.430804 0.044643 0.049107
0 0.700893 0.397321 0.044643 0.044643
0 0.665179 0.357143 0.044643 0.044643
0 0.705357 0.323661 0.044643 0.049107
0 0.662946 0.294643 0.049107 0.053571
0 0.700893 0.256696 0.035714 0.040179
0 0.665179 0.220982 0.053571 0.049107
0 0.705357 0.189732 0.044643 0.040179
0 0.667411 0.156250 0.049107 0.053571
0 0.707589 0.120536 0.040179 0.044643
0 0.669643 0.087054 0.044643 0.049107
0 0.707589 0.049107 0.040179 0.053571
0 0.669643 0.024554 0.044643 0.049107
0 0.890625 0.058036 0.049107 0.044643
0 0.892857 0.129464 0.044643 0.044643
0 0.895089 0.191964 0.040179 0.044643
0 0.890625 0.265625 0.040179 0.049107
0 0.890625 0.334821 0.058036 0.035714
0 0.886161 0.404018 0.049107 0.040179
0 0.890625 0.470982 0.040179 0.040179
0 0.888393 0.537946 0.044643 0.049107
0 0.890625 0.616071 0.049107 0.053571
0 0.883929 0.678571 0.044643 0.044643
0 0.843750 0.720982 0.044643 0.040179
0 0.881696 0.754464 0.049107 0.044643
0 0.843750 0.787946 0.044643 0.049107
