2 0.123047 0.119141 0.082031 0.082031
2 0.371094 0.121094 0.082031 0.074219
2 0.621094 0.118164 0.082031 0.076172
2 0.875000 0.124023 0.082031 0.060547
2 0.125977 0.371094 0.080078 0.054688
2 0.372070 0.372070 0.076172 0.044922
2 0.622070 0.369141 0.076172 0.042969
2 0.873047 0.372070 0.074219 0.044922
2 0.118164 0.617188 0.072266 0.042969
2 0.370117 0.618164 0.080078 0.048828
2 0.623047 0.618164 0.078125 0.056641
2 0.871094 0.622070 0.082031 0.060547
2 0.120117 0.866211 0.083984 0.068359
2 0.370117 0.865234 0.076172 0.070312
2 0.622070 0.868164 0.080078 0.072266
2 0.874023 0.864258 0.083984 0.083984
