1 0.960625 0.498125 0.011250 0.018750
1 0.785000 0.210625 0.015000 0.016250
1 0.719375 0.008750 0.018750 0.017500
1 0.819375 0.236875 0.013750 0.018750
1 0.783125 0.233125 0.018750 0.016250
1 0.826875 0.258750 0.013750 0.017500
1 0.695625 0.156250 0.013750 0.017500
1 0.763125 0.077500 0.021250 0.022500
1 0.736875 0.156250 0.013750 0.017500
1 0.879375 0.218750 0.018750 0.022500
1 0.803750 0.206875 0.012500 0.023750
1 0.862500 0.255000 0.015000 0.022500
1 0.931875 0.274375 0.013750 0.018750
1 0.908125 0.310000 0.013750 0.025000
1 0.943750 0.306875 0.017500 0.018750
1 0.915625 0.383750 0.011250 0.017500
1 0.954375 0.440625 0.016250 0.023750
1 0.910625 0.405000 0.018750 0.025000
1 0.723750 0.063125 0.017500 0.018750
1 0.985625 0.473750 0.013750 0.017500
1 0.884375 0.313750 0.013750 0.025000
1 0.750000 0.305625 0.015000 0.016250
1 0.938125 0.330625 0.013750 0.018750
1 0.698125 0.033750 0.018750 0.022500
1 0.869375 0.320625 0.008750 0.018750
1 0.547500 0.036875 0.015000 0.016250
1 0.901250 0.343750 0.017500 0.020000
1 0.993750 0.393750 0.012500 0.022500
1 0.981250 0.500000 0.015000 0.022500
1 0.730625 0.093750 0.011250 0.020000
1 0.761250 0.146250 0.012500 0.017500
1 0.758125 0.115000 0.013750 0.017500
1 0.678750 0.006875 0.015000 0.013750
1 0.783125 0.151250 0.018750 0.022500
1 0.980625 0.784375 0.031250 0.053750
1 0.821875 0.190625 0.016250 0.021250
1 0.887500 0.258750 0.012500 0.017500
1 0.829375 0.143125 0.018750 0.021250
1 0.788125 0.120000 0.016250 0.020000
1 0.782500 0.179375 0.015000 0.021250
1 0.758750 0.196250 0.015000 0.017500
1 0.992500 0.841875 0.015000 0.028750
1 0.857500 0.174375 0.015000 0.018750
1 0.879375 0.286875 0.008750 0.016250
1 0.845000 0.223750 0.012500 0.017500
1 0.847500 0.301250 0.015000 0.025000
1 0.855000 0.332500 0.010000 0.020000
1 0.901250 0.334375 0.012500 0.011250
1 0.876250 0.343750 0.010000 0.020000
1 0.853125 0.110000 0.018750 0.022500
1 0.961875 0.345000 0.016250 0.025000
1 0.930000 0.443750 0.015000 0.025000
1 0.993750 0.539375 0.010000 0.018750
1 0.979375 0.443125 0.013750 0.018750
1 0.889375 0.363125 0.013750 0.021250
1 0.750625 0.047500 0.016250 0.020000
1 0.980625 0.370625 0.013750 0.016250
1 0.928125 0.352500 0.011250 0.017500
1 0.932500 0.381250 0.012500 0.017500
1 0.953750 0.464375 0.017500 0.023750
1 0.731875 0.126250 0.013750 0.017500
1 0.781875 0.122500 0.016250 0.020000
1 0.909375 0.247500 0.013750 0.020000
1 0.901875 0.251250 0.013750 0.017500
1 0.895000 0.256250 0.012500 0.015000
1 0.964375 0.388750 0.021250 0.025000
1 0.955625 0.393750 0.016250 0.017500
