4 0.099609 0.033203 0.027344 0.027344
4 0.115234 0.070312 0.035156 0.023438
4 0.160156 0.070312 0.031250 0.023438
4 0.095703 0.105469 0.027344 0.023438
4 0.136719 0.105469 0.031250 0.023438
4 0.181641 0.105469 0.027344 0.023438
4 0.226562 0.105469 0.031250 0.023438
4 0.097656 0.136719 0.031250 0.015625
4 0.136719 0.134766 0.031250 0.027344
4 0.177734 0.140625 0.027344 0.023438
4 0.224609 0.138672 0.035156 0.019531
4 0.095703 0.167969 0.027344 0.023438
4 0.140625 0.167969 0.031250 0.023438
4 0.181641 0.167969 0.035156 0.023438
4 0.222656 0.167969 0.023438 0.015625
4 0.136719 0.201172 0.039062 0.019531
4 0.181641 0.203125 0.035156 0.023438
4 0.224609 0.201172 0.027344 0.027344
4 0.099609 0.289062 0.027344 0.023438
4 0.144531 0.289062 0.031250 0.023438
4 0.187500 0.289062 0.031250 0.023438
4 0.230469 0.289062 0.031250 0.023438
4 0.271484 0.292969 0.035156 0.023438
4 0.101562 0.322266 0.031250 0.019531
4 0.144531 0.322266 0.023438 0.019531
4 0.189453 0.322266 0.027344 0.019531
4 0.236328 0.324219 0.027344 0.015625
4 0.273438 0.324219 0.031250 0.023438
4 0.126953 0.351562 0.027344 0.023438
4 0.103516 0.375000 0.042969 0.031250
4 0.138672 0.378906 0.035156 0.023438
4 0.189453 0.347656 0.019531 0.015625
4 0.216797 0.347656 0.019531 0.015625
4 0.244141 0.347656 0.027344 0.015625
4 0.269531 0.347656 0.015625 0.015625
4 0.603516 0.527344 0.019531 0.023438
4 0.578125 0.546875 0.031250 0.023438
4 0.550781 0.566406 0.031250 0.031250
4 0.642578 0.679688 0.027344 0.023438
4 0.724609 0.625000 0.027344 0.023438
4 0.753906 0.654297 0.023438 0.027344
4 0.716797 0.681641 0.019531 0.011719
4 0.748047 0.708984 0.027344 0.027344
4 0.771484 0.683594 0.019531 0.015625
4 0.677734 0.710938 0.019531 0.023438
4 0.675781 0.744141 0.015625 0.019531
4 0.660156 0.759766 0.015625 0.011719
4 0.626953 0.705078 0.027344 0.019531
4 0.626953 0.794922 0.019531 0.019531
4 0.621094 0.730469 0.023438 0.015625
4 0.380859 0.751953 0.019531 0.019531
4 0.406250 0.789062 0.031250 0.015625
4 0.361328 0.796875 0.027344 0.023438
4 0.386719 0.830078 0.031250 0.027344
4 0.417969 0.824219 0.039062 0.031250
4 0.417969 0.861328 0.039062 0.027344
4 0.312500 0.824219 0.039062 0.023438
4 0.332031 0.847656 0.031250 0.023438
4 0.330078 0.763672 0.019531 0.019531
4 0.302734 0.693359 0.027344 0.027344
4 0.324219 0.714844 0.031250 0.023438
4 0.291016 0.738281 0.019531 0.015625
4 0.242188 0.673828 0.023438 0.019531
4 0.195312 0.687500 0.015625 0.007812
4 0.179688 0.673828 0.023438 0.011719
4 0.166016 0.691406 0.019531 0.015625
4 0.156250 0.675781 0.015625 0.015625
3 0.060547 0.570312 0.027344 0.031250
3 0.482422 0.884766 0.042969 0.019531
