1 0.664062 0.704102 0.066406 0.064453
4 0.859375 0.575195 0.042969 0.048828
4 0.897461 0.592773 0.044922 0.048828
4 0.933594 0.612305 0.046875 0.048828
4 0.983398 0.625977 0.044922 0.041016
4 0.851562 0.619141 0.039062 0.042969
4 0.884766 0.637695 0.039062 0.041016
4 0.924805 0.652344 0.033203 0.035156
4 0.973633 0.668945 0.037109 0.041016
4 0.818359 0.707031 0.039062 0.046875
4 0.809570 0.749023 0.037109 0.041016
4 0.864258 0.720703 0.044922 0.050781
4 0.853516 0.765625 0.042969 0.050781
4 0.883789 0.779297 0.037109 0.039062
4 0.897461 0.731445 0.044922 0.048828
4 0.951172 0.757812 0.042969 0.042969
4 0.937500 0.801758 0.050781 0.041016
4 0.986328 0.769531 0.039062 0.046875
4 0.977539 0.821289 0.048828 0.048828
