3 0.021484 0.847656 0.019531 0.039062
4 0.605469 0.171875 0.039062 0.039062
4 0.671875 0.173828 0.031250 0.027344
4 0.746094 0.171875 0.031250 0.031250
4 0.818359 0.179688 0.035156 0.039062
4 0.890625 0.175781 0.039062 0.031250
4 0.962891 0.177734 0.035156 0.035156
4 0.962891 0.238281 0.027344 0.023438
4 0.902344 0.236328 0.031250 0.027344
4 0.843750 0.236328 0.031250 0.027344
4 0.781250 0.232422 0.031250 0.027344
4 0.722656 0.232422 0.031250 0.027344
4 0.664062 0.232422 0.031250 0.027344
4 0.591797 0.230469 0.035156 0.031250
4 0.529297 0.230469 0.042969 0.031250
4 0.529297 0.275391 0.042969 0.035156
4 0.591797 0.277344 0.042969 0.031250
4 0.658203 0.277344 0.035156 0.031250
4 0.722656 0.275391 0.031250 0.027344
4 0.779297 0.281250 0.035156 0.031250
4 0.837891 0.277344 0.035156 0.031250
4 0.900391 0.283203 0.035156 0.027344
4 0.960938 0.283203 0.031250 0.027344
4 0.531250 0.320312 0.039062 0.031250
4 0.593750 0.320312 0.039062 0.031250
4 0.650391 0.318359 0.027344 0.027344
4 0.697266 0.324219 0.035156 0.031250
4 0.744141 0.322266 0.035156 0.027344
4 0.791016 0.322266 0.035156 0.027344
4 0.833984 0.322266 0.027344 0.027344
4 0.876953 0.324219 0.027344 0.031250
4 0.923828 0.326172 0.027344 0.027344
4 0.970703 0.326172 0.027344 0.027344
