4 0.099609 0.016602 0.074219 0.064453
4 0.174805 0.025391 0.068359 0.054688
4 0.263672 0.039062 0.062500 0.058594
4 0.333984 0.047852 0.062500 0.060547
4 0.429688 0.043945 0.046875 0.041016
4 0.429688 0.093750 0.058594 0.046875
4 0.421875 0.143555 0.054688 0.037109
4 0.408203 0.184570 0.050781 0.044922
4 0.326172 0.123047 0.066406 0.062500
4 0.260742 0.107422 0.064453 0.050781
4 0.166992 0.091797 0.068359 0.054688
4 0.091797 0.083008 0.078125 0.056641
4 0.073242 0.153320 0.076172 0.056641
4 0.142578 0.167969 0.050781 0.054688
4 0.242188 0.173828 0.066406 0.058594
4 0.321289 0.189453 0.068359 0.058594
