2 0.119141 0.132812 0.058594 0.078125
2 0.375000 0.132812 0.078125 0.089844
2 0.621094 0.132812 0.070312 0.070312
2 0.876953 0.130859 0.082031 0.082031
2 0.126953 0.379883 0.074219 0.068359
2 0.373047 0.381836 0.078125 0.060547
2 0.624023 0.381836 0.080078 0.060547
2 0.873047 0.379883 0.085938 0.060547
2 0.123047 0.630859 0.089844 0.054688
2 0.374023 0.629883 0.083984 0.052734
2 0.619141 0.632812 0.078125 0.042969
2 0.872070 0.633789 0.083984 0.044922
2 0.119141 0.879883 0.078125 0.033203
2 0.367188 0.879883 0.070312 0.033203
2 0.619141 0.879883 0.078125 0.041016
2 0.870117 0.875000 0.083984 0.042969
