4 0.287109 0.414062 0.082031 0.078125
4 0.390625 0.390625 0.085938 0.085938
4 0.304688 0.525391 0.085938 0.089844
4 0.412109 0.503906 0.097656 0.093750
4 0.312500 0.648438 0.078125 0.109375
4 0.427734 0.626953 0.105469 0.105469
4 0.437500 0.757812 0.093750 0.093750
4 0.457031 0.890625 0.117188 0.109375
4 0.574219 0.539062 0.132812 0.140625
4 0.722656 0.511719 0.109375 0.132812
4 0.853516 0.484375 0.121094 0.140625
4 0.738281 0.722656 0.117188 0.125000
4 0.875000 0.701172 0.117188 0.128906
4 0.761719 0.890625 0.132812 0.125000
4 0.896484 0.861328 0.128906 0.144531
