4 0.209961 0.850586 0.060547 0.060547
4 0.200195 0.916992 0.068359 0.056641
4 0.291992 0.860352 0.080078 0.060547
4 0.279297 0.930664 0.074219 0.056641
4 0.360352 0.871094 0.072266 0.050781
4 0.348633 0.939453 0.068359 0.058594
4 0.505859 0.931641 0.062500 0.050781
4 0.495117 0.981445 0.048828 0.037109
4 0.434570 0.907227 0.052734 0.044922
4 0.425781 0.943359 0.066406 0.039062
4 0.523438 0.396484 0.070312 0.062500
4 0.597656 0.376953 0.058594 0.050781
4 0.550781 0.466797 0.058594 0.058594
4 0.623047 0.443359 0.058594 0.058594
4 0.718750 0.408203 0.062500 0.054688
4 0.744141 0.473633 0.058594 0.052734
4 0.813477 0.448242 0.060547 0.060547
4 0.839844 0.519531 0.062500 0.054688
4 0.771484 0.544922 0.058594 0.054688
4 0.675781 0.579102 0.058594 0.052734
4 0.658203 0.506836 0.078125 0.056641
4 0.576172 0.532227 0.066406 0.052734
4 0.606445 0.602539 0.060547 0.048828
4 0.627930 0.670898 0.064453 0.052734
4 0.697266 0.640625 0.062500 0.054688
4 0.654297 0.735352 0.058594 0.048828
4 0.723633 0.707031 0.060547 0.050781
4 0.751953 0.779297 0.062500 0.054688
4 0.682617 0.805664 0.064453 0.052734
4 0.707031 0.870117 0.066406 0.052734
4 0.777344 0.846680 0.062500 0.052734
4 0.730469 0.936523 0.058594 0.052734
4 0.799805 0.912109 0.060547 0.054688
4 0.841797 0.980469 0.058594 0.046875
4 0.795898 0.610352 0.056641 0.056641
4 0.864258 0.586914 0.060547 0.052734
4 0.888672 0.652344 0.062500 0.050781
4 0.820312 0.676758 0.062500 0.052734
4 0.847656 0.745117 0.062500 0.052734
4 0.918945 0.720703 0.060547 0.058594
4 0.942383 0.789062 0.060547 0.058594
4 0.871094 0.811523 0.062500 0.052734
4 0.897461 0.878906 0.060547 0.054688
4 0.968750 0.854492 0.054688 0.048828
1 0.102539 0.132812 0.060547 0.042969
