4 0.896484 0.218750 0.035156 0.023438
4 0.898438 0.251953 0.039062 0.027344
4 0.972656 0.250000 0.031250 0.023438
4 0.900391 0.281250 0.035156 0.031250
4 0.960938 0.314453 0.031250 0.027344
4 0.898438 0.316406 0.031250 0.031250
4 0.972656 0.283203 0.023438 0.019531
4 0.251953 0.173828 0.027344 0.019531
4 0.189453 0.191406 0.027344 0.031250
4 0.171875 0.216797 0.031250 0.027344
4 0.162109 0.261719 0.027344 0.023438
4 0.111328 0.248047 0.027344 0.019531
4 0.134766 0.294922 0.019531 0.019531
4 0.085938 0.289062 0.023438 0.023438
4 0.179688 0.322266 0.039062 0.027344
4 0.162109 0.349609 0.027344 0.027344
4 0.105469 0.324219 0.023438 0.023438
4 0.074219 0.324219 0.039062 0.023438
4 0.078125 0.361328 0.031250 0.027344
4 0.199219 0.236328 0.023438 0.019531
3 0.009766 0.384766 0.027344 0.019531
3 0.009766 0.814453 0.027344 0.019531
3 0.431641 0.062500 0.027344 0.039062
