2 0.430664 0.025391 0.115234 0.050781
2 0.579102 0.036133 0.126953 0.056641
2 0.215820 0.189453 0.048828 0.082031
2 0.287109 0.177734 0.046875 0.078125
2 0.363281 0.198242 0.050781 0.080078
2 0.428711 0.208984 0.048828 0.082031
2 0.499023 0.202148 0.056641 0.142578
2 0.563477 0.236328 0.052734 0.062500
2 0.637695 0.221680 0.052734 0.150391
2 0.708008 0.234375 0.041016 0.085938
2 0.842773 0.246094 0.060547 0.128906
2 0.044922 0.500977 0.062500 0.087891
2 0.117188 0.484375 0.046875 0.074219
2 0.186523 0.478516 0.052734 0.152344
2 0.261719 0.488281 0.050781 0.105469
2 0.323242 0.502930 0.044922 0.080078
2 0.535156 0.509766 0.058594 0.093750
2 0.601562 0.515625 0.054688 0.101562
2 0.027344 0.627930 0.054688 0.083984
2 0.102539 0.597656 0.052734 0.085938
2 0.169922 0.620117 0.050781 0.095703
2 0.236328 0.615234 0.046875 0.082031
2 0.307617 0.627930 0.048828 0.091797
2 0.375977 0.626953 0.060547 0.128906
2 0.444336 0.658203 0.048828 0.085938
2 0.517578 0.631836 0.039062 0.080078
2 0.581055 0.666992 0.044922 0.056641
2 0.460938 0.513672 0.039062 0.078125
2 0.388672 0.502930 0.050781 0.083984
2 0.909180 0.530273 0.056641 0.111328
2 0.971680 0.578125 0.044922 0.066406
2 0.893555 0.692383 0.048828 0.080078
2 0.964844 0.689453 0.046875 0.070312
