1 0.357422 0.728516 0.105469 0.042969
1 0.255859 0.517578 0.082031 0.042969
1 0.462891 0.517578 0.082031 0.050781
1 0.691406 0.599609 0.070312 0.066406
1 0.748047 0.892578 0.074219 0.066406
1 0.533203 0.753906 0.074219 0.070312
1 0.117188 0.550781 0.125000 0.039062
1 0.121094 0.140625 0.085938 0.039062
1 0.224609 0.253906 0.097656 0.039062
1 0.519531 0.136719 0.085938 0.046875
1 0.744141 0.154297 0.089844 0.042969
1 0.800781 0.294922 0.078125 0.035156
1 0.679688 0.406250 0.078125 0.046875
1 0.519531 0.371094 0.101562 0.062500
1 0.777344 0.039062 0.054688 0.062500
1 0.951172 0.658203 0.066406 0.144531
1 0.886719 0.832031 0.054688 0.085938
