4 0.361328 0.337891 0.128906 0.105469
4 0.494141 0.396484 0.113281 0.121094
4 0.685547 0.421875 0.128906 0.117188
4 0.818359 0.472656 0.113281 0.109375
4 0.949219 0.525391 0.101562 0.121094
4 0.892578 0.658203 0.121094 0.121094
4 0.755859 0.597656 0.113281 0.117188
4 0.626953 0.542969 0.113281 0.109375
4 0.449219 0.525391 0.148438 0.121094
4 0.306641 0.466797 0.144531 0.113281
4 0.242188 0.601562 0.148438 0.117188
4 0.390625 0.652344 0.132812 0.117188
4 0.546875 0.705078 0.117188 0.121094
4 0.492188 0.833984 0.117188 0.121094
4 0.681641 0.761719 0.128906 0.117188
4 0.625000 0.890625 0.125000 0.101562
4 0.822266 0.824219 0.113281 0.125000
4 0.759766 0.947266 0.121094 0.105469
