4 0.375000 0.013672 0.031250 0.027344
4 0.365234 0.152344 0.027344 0.031250
4 0.367188 0.183594 0.023438 0.023438
4 0.373047 0.222656 0.027344 0.023438
4 0.431641 0.187500 0.027344 0.023438
4 0.490234 0.183594 0.027344 0.023438
4 0.435547 0.222656 0.027344 0.023438
4 0.435547 0.257812 0.027344 0.023438
4 0.371094 0.257812 0.023438 0.023438
4 0.638672 0.693359 0.027344 0.019531
4 0.638672 0.726562 0.027344 0.023438
4 0.675781 0.730469 0.039062 0.023438
4 0.714844 0.726562 0.039062 0.023438
4 0.742188 0.751953 0.031250 0.019531
4 0.707031 0.763672 0.031250 0.019531
4 0.671875 0.763672 0.023438 0.019531
4 0.794922 0.773438 0.027344 0.023438
4 0.757812 0.789062 0.031250 0.031250
4 0.722656 0.800781 0.031250 0.023438
4 0.582031 0.720703 0.039062 0.027344
4 0.589844 0.687500 0.023438 0.015625
