2 0.122070 0.127930 0.044922 0.060547
2 0.374023 0.121094 0.048828 0.066406
2 0.623047 0.125000 0.066406 0.078125
2 0.875977 0.121094 0.056641 0.066406
2 0.130859 0.369141 0.078125 0.085938
2 0.375000 0.369141 0.062500 0.066406
2 0.625977 0.373047 0.072266 0.062500
2 0.876953 0.370117 0.070312 0.060547
2 0.137695 0.616211 0.099609 0.080078
2 0.381836 0.618164 0.095703 0.064453
2 0.630859 0.621094 0.074219 0.050781
2 0.880859 0.618164 0.085938 0.048828
2 0.126953 0.870117 0.074219 0.033203
2 0.372070 0.865234 0.076172 0.035156
2 0.621094 0.871094 0.070312 0.039062
2 0.870117 0.863281 0.080078 0.046875
