4 0.171875 0.406250 0.039062 0.039062
4 0.052734 0.296875 0.050781 0.046875
4 0.070312 0.242188 0.039062 0.031250
4 0.193359 0.332031 0.027344 0.023438
4 0.193359 0.267578 0.035156 0.027344
4 0.185547 0.242188 0.027344 0.023438
4 0.330078 0.447266 0.042969 0.035156
4 0.332031 0.406250 0.046875 0.031250
4 0.332031 0.369141 0.046875 0.035156
4 0.396484 0.410156 0.035156 0.039062
4 0.390625 0.369141 0.031250 0.027344
4 0.394531 0.292969 0.031250 0.023438
4 0.390625 0.267578 0.031250 0.027344
4 0.378906 0.224609 0.046875 0.042969
4 0.359375 0.169922 0.046875 0.035156
4 0.328125 0.105469 0.039062 0.039062
4 0.380859 0.113281 0.050781 0.046875
4 0.482422 0.398438 0.042969 0.039062
4 0.433594 0.388672 0.031250 0.027344
4 0.484375 0.332031 0.031250 0.023438
4 0.595703 0.718750 0.042969 0.039062
4 0.640625 0.714844 0.039062 0.039062
4 0.710938 0.716797 0.046875 0.042969
4 0.755859 0.330078 0.035156 0.027344
4 0.755859 0.298828 0.035156 0.027344
4 0.705078 0.300781 0.027344 0.031250
4 0.656250 0.300781 0.031250 0.031250
4 0.603516 0.304688 0.027344 0.023438
4 0.880859 0.039062 0.027344 0.031250
4 0.634766 0.261719 0.019531 0.023438
4 0.634766 0.238281 0.019531 0.023438
4 0.662109 0.238281 0.019531 0.023438
4 0.658203 0.261719 0.019531 0.023438
4 0.697266 0.261719 0.019531 0.023438
4 0.701172 0.242188 0.019531 0.023438
4 0.724609 0.246094 0.019531 0.023438
4 0.724609 0.265625 0.019531 0.023438
