2 0.787109 0.047852 0.101562 0.095703
2 0.853516 0.066406 0.093750 0.113281
2 0.919922 0.084961 0.093750 0.107422
2 0.645508 0.132812 0.095703 0.117188
2 0.716797 0.142578 0.089844 0.109375
2 0.790039 0.168945 0.095703 0.115234
2 0.846680 0.196289 0.091797 0.115234
2 0.909180 0.223633 0.083984 0.103516
2 0.511719 0.369141 0.093750 0.109375
2 0.563477 0.402344 0.091797 0.109375
2 0.627930 0.429688 0.099609 0.109375
2 0.691406 0.446289 0.085938 0.111328
2 0.754883 0.478516 0.095703 0.113281
2 0.812500 0.527344 0.070312 0.085938
2 0.444336 0.475586 0.095703 0.119141
2 0.500000 0.500977 0.089844 0.107422
2 0.565430 0.528320 0.091797 0.107422
2 0.627930 0.553711 0.095703 0.111328
2 0.775391 0.631836 0.117188 0.087891
2 0.901367 0.583008 0.115234 0.080078
2 0.060547 0.636719 0.089844 0.105469
2 0.125000 0.677734 0.089844 0.113281
2 0.190430 0.711914 0.083984 0.107422
2 0.243164 0.750000 0.072266 0.089844
2 0.720703 0.948242 0.085938 0.099609
2 0.791992 0.923828 0.095703 0.117188
2 0.954102 0.841797 0.087891 0.105469
