0 0.970703 0.931641 0.019531 0.027344
0 0.939453 0.929688 0.019531 0.023438
0 0.904297 0.927734 0.019531 0.027344
0 0.869141 0.927734 0.019531 0.027344
0 0.837891 0.923828 0.019531 0.027344
0 0.982422 0.853516 0.019531 0.027344
0 0.964844 0.871094 0.023438 0.031250
0 0.947266 0.849609 0.019531 0.027344
0 0.927734 0.867188 0.019531 0.023438
0 0.912109 0.847656 0.019531 0.023438
0 0.896484 0.865234 0.019531 0.019531
0 0.880859 0.841797 0.027344 0.027344
0 0.863281 0.867188 0.023438 0.023438
0 0.845703 0.843750 0.019531 0.015625
0 0.812500 0.843750 0.023438 0.023438
0 0.832031 0.865234 0.023438 0.027344
0 0.794922 0.861328 0.019531 0.027344
0 0.779297 0.839844 0.019531 0.031250
0 0.984375 0.771484 0.023438 0.019531
0 0.962891 0.789062 0.019531 0.023438
0 0.933594 0.787109 0.023438 0.019531
0 0.917969 0.767578 0.015625 0.019531
0 0.898438 0.787109 0.023438 0.019531
0 0.884766 0.767578 0.019531 0.027344
0 0.869141 0.783203 0.011719 0.019531
0 0.851562 0.763672 0.015625 0.019531
0 0.830078 0.785156 0.019531 0.023438
0 0.814453 0.761719 0.019531 0.023438
0 0.796875 0.781250 0.023438 0.015625
0 0.783203 0.763672 0.019531 0.019531
0 0.765625 0.783203 0.023438 0.019531
0 0.750000 0.761719 0.015625 0.023438
0 0.718750 0.759766 0.015625 0.019531
0 0.699219 0.777344 0.015625 0.023438
0 0.734375 0.781250 0.023438 0.023438
0 0.953125 0.697266 0.015625 0.027344
0 0.919922 0.687500 0.019531 0.023438
0 0.902344 0.667969 0.023438 0.023438
0 0.462891 0.935547 0.027344 0.019531
0 0.513672 0.937500 0.019531 0.023438
0 0.591797 0.939453 0.019531 0.019531
0 0.615234 0.943359 0.019531 0.019531
0 0.642578 0.939453 0.019531 0.019531
0 0.667969 0.939453 0.023438 0.019531
0 0.718750 0.939453 0.023438 0.019531
