4 0.045898 0.803711 0.052734 0.072266
4 0.045898 0.923828 0.056641 0.058594
4 0.101562 0.869141 0.058594 0.070312
4 0.142578 0.936523 0.058594 0.060547
4 0.229492 0.549805 0.044922 0.037109
4 0.280273 0.539062 0.041016 0.042969
4 0.234375 0.604492 0.050781 0.052734
4 0.240234 0.669922 0.054688 0.050781
4 0.291016 0.598633 0.046875 0.060547
4 0.299805 0.659180 0.052734 0.048828
4 0.297852 0.719727 0.048828 0.048828
4 0.314453 0.787109 0.066406 0.062500
4 0.371094 0.614258 0.070312 0.072266
4 0.442383 0.600586 0.068359 0.076172
4 0.508789 0.583008 0.064453 0.068359
4 0.583008 0.568359 0.068359 0.078125
4 0.455078 0.708008 0.058594 0.056641
4 0.519531 0.695312 0.062500 0.070312
4 0.586914 0.680664 0.060547 0.072266
4 0.465820 0.794922 0.060547 0.058594
4 0.535156 0.776367 0.066406 0.064453
4 0.607422 0.764648 0.070312 0.072266
