1 0.773750 0.935625 0.050000 0.021250
1 0.977500 0.886250 0.045000 0.027500
1 0.422500 0.438750 0.040000 0.012500
1 0.301250 0.675625 0.027500 0.011250
1 0.820625 0.560000 0.023750 0.010000
1 0.155000 0.965000 0.045000 0.022500
1 0.383750 0.821875 0.047500 0.013750
1 0.586250 0.398125 0.035000 0.011250
1 0.648750 0.302500 0.032500 0.012500
1 0.343750 0.351875 0.025000 0.011250
1 0.974375 0.260625 0.023750 0.011250
1 0.381250 0.718750 0.057500 0.015000
1 0.588750 0.713750 0.040000 0.015000
1 0.251875 0.865000 0.028750 0.012500
1 0.052500 0.660000 0.045000 0.015000
1 0.145000 0.714375 0.045000 0.013750
1 0.088750 0.620000 0.062500 0.032500
1 0.705000 0.281250 0.030000 0.012500
1 0.339375 0.444375 0.023750 0.021250
1 0.914375 0.686250 0.051250 0.020000
1 0.750000 0.773750 0.045000 0.017500
1 0.490000 0.336875 0.025000 0.018750
1 0.099375 0.520000 0.023750 0.010000
1 0.223750 0.399375 0.040000 0.013750
1 0.238125 0.542500 0.023750 0.012500
1 0.565625 0.626875 0.043750 0.016250
1 0.920625 0.438125 0.053750 0.018750
1 0.798750 0.298125 0.042500 0.013750
1 0.743125 0.523125 0.038750 0.011250
1 0.558125 0.283750 0.033750 0.010000
1 0.750000 0.669375 0.040000 0.013750
1 0.038750 0.421250 0.040000 0.015000
1 0.266875 0.743125 0.023750 0.008750
1 0.339375 0.295625 0.023750 0.016250
1 0.179375 0.811250 0.021250 0.007500
1 0.460625 0.592500 0.038750 0.010000
1 0.105625 0.885000 0.028750 0.012500
1 0.237500 0.598750 0.050000 0.022500
1 0.100625 0.815000 0.033750 0.017500
1 0.355000 0.581250 0.055000 0.015000
1 0.030000 0.750625 0.042500 0.018750
1 0.520000 0.538750 0.050000 0.020000
1 0.760625 0.405000 0.038750 0.012500
1 0.632500 0.486875 0.040000 0.013750
