2 0.124023 0.125977 0.095703 0.056641
2 0.374023 0.126953 0.091797 0.054688
2 0.619141 0.124023 0.085938 0.068359
2 0.870117 0.124023 0.083984 0.068359
2 0.119141 0.376953 0.070312 0.062500
2 0.369141 0.375977 0.089844 0.080078
2 0.621094 0.373047 0.070312 0.078125
2 0.877930 0.377930 0.056641 0.068359
2 0.119141 0.625000 0.058594 0.078125
2 0.373047 0.632812 0.062500 0.082031
2 0.624023 0.645508 0.048828 0.060547
2 0.870117 0.634766 0.048828 0.070312
2 0.121094 0.878906 0.035156 0.078125
2 0.372070 0.886719 0.048828 0.066406
2 0.618164 0.876953 0.048828 0.082031
2 0.870117 0.883789 0.044922 0.064453
