4 0.013672 0.060547 0.058594 0.058594
4 0.109375 0.025391 0.062500 0.054688
4 0.134766 0.090820 0.058594 0.052734
4 0.204102 0.065430 0.060547 0.060547
4 0.230469 0.136719 0.062500 0.054688
4 0.162109 0.162109 0.058594 0.054688
4 0.066406 0.196289 0.058594 0.052734
4 0.048828 0.124023 0.078125 0.056641
4 0.018555 0.288086 0.064453 0.052734
4 0.087891 0.257812 0.062500 0.054688
4 0.044922 0.352539 0.058594 0.048828
4 0.114258 0.324219 0.060547 0.050781
4 0.142578 0.396484 0.062500 0.054688
4 0.073242 0.422852 0.064453 0.052734
4 0.097656 0.487305 0.066406 0.052734
4 0.167969 0.463867 0.062500 0.052734
4 0.121094 0.553711 0.058594 0.052734
4 0.190430 0.529297 0.060547 0.054688
4 0.164062 0.622070 0.058594 0.052734
4 0.232422 0.597656 0.058594 0.046875
4 0.307617 0.607422 0.056641 0.054688
4 0.219727 0.666016 0.060547 0.054688
4 0.291992 0.676758 0.060547 0.052734
4 0.186523 0.227539 0.056641 0.056641
4 0.254883 0.204102 0.060547 0.052734
4 0.279297 0.269531 0.062500 0.050781
4 0.210938 0.293945 0.062500 0.052734
4 0.238281 0.362305 0.062500 0.052734
4 0.309570 0.337891 0.060547 0.058594
4 0.333008 0.406250 0.060547 0.058594
4 0.261719 0.428711 0.062500 0.052734
4 0.288086 0.496094 0.060547 0.054688
4 0.359375 0.471680 0.054688 0.048828
4 0.444336 0.448242 0.060547 0.052734
4 0.432617 0.517578 0.064453 0.054688
4 0.514648 0.459961 0.056641 0.056641
4 0.503906 0.528320 0.054688 0.052734
4 0.592773 0.473633 0.072266 0.056641
4 0.572266 0.539062 0.062500 0.054688
4 0.656250 0.556641 0.058594 0.054688
4 0.668945 0.485352 0.052734 0.052734
4 0.727539 0.530273 0.056641 0.056641
4 0.748047 0.460938 0.070312 0.058594
4 0.684570 0.416992 0.052734 0.052734
4 0.751953 0.393555 0.054688 0.052734
4 0.798828 0.713867 0.046875 0.048828
4 0.853516 0.723633 0.046875 0.044922
4 0.906250 0.731445 0.042969 0.044922
4 0.961914 0.738281 0.052734 0.042969
4 0.984375 0.832031 0.050781 0.042969
4 0.897461 0.799805 0.041016 0.041016
4 0.845703 0.796875 0.054688 0.050781
4 0.770508 0.779297 0.041016 0.042969
4 0.765625 0.830078 0.046875 0.042969
4 0.834961 0.840820 0.044922 0.044922
4 0.894531 0.849609 0.058594 0.050781
4 0.959961 0.877930 0.048828 0.044922
4 0.791016 0.600586 0.046875 0.048828
4 0.847656 0.608398 0.050781 0.041016
4 0.786133 0.651367 0.048828 0.044922
4 0.839844 0.655273 0.050781 0.044922
