1 0.101562 0.094727 0.066406 0.064453
4 0.420898 0.016602 0.044922 0.041016
4 0.465820 0.030273 0.044922 0.048828
4 0.289062 0.009766 0.039062 0.042969
4 0.322266 0.028320 0.039062 0.041016
4 0.362305 0.042969 0.033203 0.035156
4 0.411133 0.059570 0.037109 0.041016
4 0.448242 0.077148 0.037109 0.041016
4 0.255859 0.097656 0.039062 0.046875
4 0.247070 0.139648 0.037109 0.041016
4 0.301758 0.111328 0.044922 0.050781
4 0.291016 0.156250 0.042969 0.050781
4 0.321289 0.169922 0.037109 0.039062
4 0.334961 0.122070 0.044922 0.048828
4 0.388672 0.148438 0.042969 0.042969
4 0.375000 0.192383 0.050781 0.041016
4 0.423828 0.160156 0.039062 0.046875
4 0.465820 0.180664 0.037109 0.037109
4 0.415039 0.211914 0.048828 0.048828
4 0.456055 0.224609 0.044922 0.046875
