2 0.120117 0.118164 0.083984 0.076172
2 0.367188 0.117188 0.078125 0.070312
2 0.620117 0.117188 0.083984 0.082031
2 0.866211 0.117188 0.068359 0.078125
2 0.122070 0.365234 0.072266 0.074219
2 0.369141 0.367188 0.070312 0.082031
2 0.619141 0.364258 0.070312 0.080078
2 0.868164 0.364258 0.072266 0.083984
2 0.120117 0.610352 0.068359 0.083984
2 0.373047 0.614258 0.058594 0.076172
2 0.625000 0.620117 0.050781 0.064453
2 0.873047 0.615234 0.062500 0.078125
2 0.127930 0.863281 0.068359 0.085938
2 0.381836 0.867188 0.068359 0.074219
2 0.631836 0.867188 0.072266 0.074219
2 0.880859 0.869141 0.074219 0.074219
