1 0.183500 0.730500 0.303000 0.063000
1 0.253000 0.842500 0.200000 0.041000
1 0.232500 0.974000 0.189000 0.050000
1 0.243000 0.930000 0.180000 0.062000
1 0.305000 0.888500 0.198000 0.039000
1 0.259000 0.791500 0.200000 0.051000
1 0.177500 0.684500 0.315000 0.065000
1 0.226000 0.610500 0.430000 0.083000
1 0.216500 0.550000 0.415000 0.108000
1 0.172500 0.429500 0.343000 0.075000
1 0.236500 0.303500 0.317000 0.065000
1 0.161500 0.183500 0.301000 0.079000
1 0.191000 0.125500 0.380000 0.075000
1 0.172000 0.049000 0.342000 0.096000
1 0.604000 0.940000 0.360000 0.070000
1 0.603500 0.975500 0.345000 0.047000
