1 0.931250 0.795625 0.035000 0.028750
1 0.675625 0.552500 0.023750 0.012500
1 0.170000 0.885625 0.027500 0.048750
1 0.101250 0.450000 0.032500 0.042500
1 0.571250 0.357500 0.047500 0.015000
1 0.258750 0.560625 0.017500 0.066250
1 0.328125 0.846250 0.038750 0.040000
1 0.195000 0.727500 0.022500 0.022500
1 0.981875 0.910000 0.036250 0.022500
1 0.653750 0.462500 0.037500 0.015000
1 0.806875 0.637500 0.041250 0.015000
1 0.251250 0.358125 0.040000 0.038750
1 0.630625 0.750000 0.043750 0.042500
1 0.080625 0.664375 0.028750 0.043750
1 0.609375 0.594375 0.048750 0.018750
1 0.780625 0.914375 0.018750 0.046250
1 0.797500 0.911875 0.017500 0.021250
1 0.796250 0.718125 0.040000 0.016250
1 0.013125 0.505000 0.026250 0.030000
