1 0.738281 0.095703 0.054688 0.050781
1 0.677734 0.279297 0.058594 0.058594
1 0.591797 0.255859 0.058594 0.058594
1 0.626953 0.144531 0.058594 0.031250
1 0.601562 0.015625 0.046875 0.023438
1 0.548828 0.298828 0.066406 0.035156
1 0.445312 0.410156 0.046875 0.031250
1 0.361328 0.488281 0.066406 0.039062
1 0.244141 0.523438 0.066406 0.046875
1 0.306641 0.427734 0.066406 0.050781
1 0.201172 0.437500 0.066406 0.046875
1 0.291016 0.542969 0.058594 0.046875
1 0.185547 0.613281 0.074219 0.062500
1 0.109375 0.630859 0.070312 0.050781
1 0.279297 0.744141 0.136719 0.121094
1 0.480469 0.351562 0.101562 0.054688
1 0.287109 0.359375 0.089844 0.062500
1 0.376953 0.164062 0.082031 0.132812
1 0.431641 0.263672 0.050781 0.082031
1 0.517578 0.220703 0.074219 0.074219
1 0.552734 0.144531 0.066406 0.062500
1 0.746094 0.203125 0.093750 0.054688
1 0.841797 0.044922 0.089844 0.074219
1 0.833984 0.123047 0.066406 0.050781
1 0.080078 0.560547 0.089844 0.042969
