0 0.330078 0.906250 0.050781 0.046875
0 0.376953 0.912109 0.042969 0.042969
0 0.421875 0.914062 0.046875 0.039062
0 0.468750 0.916016 0.039062 0.035156
0 0.511719 0.914062 0.039062 0.031250
0 0.554688 0.916016 0.039062 0.042969
0 0.605469 0.919922 0.046875 0.042969
0 0.689453 0.929688 0.050781 0.046875
0 0.740234 0.931641 0.042969 0.042969
0 0.314453 0.861328 0.042969 0.050781
0 0.357422 0.865234 0.042969 0.058594
0 0.398438 0.871094 0.046875 0.046875
0 0.445312 0.878906 0.046875 0.046875
0 0.488281 0.875000 0.039062 0.054688
0 0.533203 0.878906 0.050781 0.046875
0 0.582031 0.875000 0.046875 0.046875
0 0.628906 0.875000 0.046875 0.046875
0 0.673828 0.878906 0.035156 0.046875
0 0.716797 0.884766 0.050781 0.050781
0 0.886719 0.896484 0.039062 0.042969
0 0.916016 0.871094 0.035156 0.046875
0 0.941406 0.900391 0.031250 0.042969
0 0.974609 0.869141 0.027344 0.042969
