4 0.207031 0.074219 0.117188 0.140625
4 0.335938 0.132812 0.101562 0.125000
4 0.550781 0.058594 0.117188 0.109375
4 0.500000 0.203125 0.109375 0.125000
4 0.693359 0.101562 0.113281 0.148438
4 0.638672 0.275391 0.105469 0.128906
4 0.466797 0.351562 0.105469 0.117188
4 0.599609 0.416016 0.105469 0.121094
4 0.123047 0.373047 0.113281 0.152344
4 0.242188 0.437500 0.101562 0.125000
4 0.398438 0.523438 0.125000 0.164062
4 0.533203 0.591797 0.113281 0.144531
4 0.666016 0.644531 0.121094 0.164062
4 0.066406 0.535156 0.117188 0.164062
4 0.187500 0.603516 0.109375 0.128906
4 0.359375 0.681641 0.125000 0.128906
4 0.498047 0.751953 0.113281 0.144531
4 0.634766 0.808594 0.113281 0.132812
