1 0.187000 0.022000 0.256000 0.042000
1 0.163500 0.043000 0.291000 0.058000
1 0.197500 0.125000 0.289000 0.048000
1 0.169500 0.182000 0.337000 0.112000
1 0.171500 0.161000 0.261000 0.066000
1 0.109500 0.977000 0.217000 0.044000
1 0.582000 0.094000 0.304000 0.038000
1 0.574500 0.050000 0.253000 0.054000
1 0.648000 0.197000 0.106000 0.032000
1 0.164000 0.281500 0.326000 0.101000
1 0.143500 0.445500 0.285000 0.099000
1 0.208000 0.605000 0.338000 0.072000
1 0.166500 0.722000 0.331000 0.104000
1 0.217500 0.900500 0.433000 0.101000
1 0.170500 0.786500 0.339000 0.089000
1 0.196500 0.849500 0.391000 0.111000
