0 0.895089 0.111607 0.075893 0.080357
0 0.763393 0.116071 0.080357 0.080357
0 0.640625 0.118304 0.075893 0.075893
0 0.511161 0.113839 0.084821 0.084821
0 0.386161 0.116071 0.075893 0.080357
0 0.263393 0.118304 0.080357 0.075893
0 0.138393 0.116071 0.071429 0.080357
0 0.006696 0.118304 0.075893 0.075893
0 0.276786 0.395089 0.044643 0.058036
0 0.323661 0.455357 0.066964 0.062500
0 0.430804 0.455357 0.049107 0.062500
0 0.484375 0.401786 0.049107 0.062500
0 0.540179 0.464286 0.053571 0.062500
0 0.587054 0.392857 0.049107 0.062500
0 0.638393 0.453125 0.044643 0.058036
0 0.691964 0.397321 0.053571 0.062500
0 0.745536 0.457589 0.053571 0.058036
0 0.803571 0.395089 0.053571 0.058036
0 0.854911 0.453125 0.049107 0.058036
0 0.904018 0.395089 0.058036 0.066964
0 0.959821 0.457589 0.044643 0.058036
0 0.957589 0.691964 0.049107 0.062500
0 0.857143 0.691964 0.053571 0.062500
0 0.756696 0.680804 0.049107 0.058036
0 0.660714 0.678571 0.053571 0.071429
0 0.558036 0.674107 0.044643 0.071429
0 0.448661 0.669643 0.049107 0.062500
0 0.343750 0.662946 0.044643 0.058036
0 0.243304 0.658482 0.058036 0.058036
0 0.138393 0.662946 0.035714 0.058036
0 0.033482 0.647321 0.066964 0.062500
0 0.198661 0.995536 0.049107 0.044643
0 0.274554 1.000000 0.040179 0.044643
0 0.343750 0.993304 0.035714 0.031250
0 0.415179 0.993304 0.035714 0.040179
0 0.482143 0.993304 0.044643 0.058036
0 0.555804 0.993304 0.040179 0.040179
0 0.627232 0.988839 0.040179 0.049107
0 0.691964 0.988839 0.044643 0.049107
0 0.763393 0.986607 0.044643 0.035714
0 0.832589 0.986607 0.040179 0.044643
0 0.901786 0.986607 0.044643 0.044643
0 0.973214 0.984375 0.044643 0.049107
