4 0.009766 0.104492 0.046875 0.048828
4 0.064453 0.114258 0.046875 0.044922
4 0.117188 0.122070 0.042969 0.044922
4 0.172852 0.128906 0.052734 0.042969
4 0.237305 0.166992 0.056641 0.052734
4 0.297852 0.141602 0.060547 0.052734
4 0.340820 0.191406 0.052734 0.054688
4 0.195312 0.222656 0.050781 0.042969
4 0.108398 0.190430 0.041016 0.041016
4 0.056641 0.187500 0.054688 0.050781
4 0.045898 0.231445 0.044922 0.044922
4 0.105469 0.240234 0.058594 0.050781
4 0.170898 0.268555 0.048828 0.044922
4 0.225586 0.286133 0.052734 0.048828
4 0.244141 0.242188 0.046875 0.046875
4 0.050781 0.045898 0.050781 0.044922
4 0.272461 0.027344 0.060547 0.046875
4 0.351562 0.080078 0.054688 0.050781
4 0.379883 0.027344 0.044922 0.058594
4 0.441406 0.055664 0.058594 0.052734
4 0.406250 0.100586 0.058594 0.048828
1 0.838867 0.180664 0.048828 0.048828
