4 0.441406 0.066406 0.023438 0.023438
4 0.414062 0.046875 0.031250 0.015625
4 0.386719 0.025391 0.023438 0.019531
4 0.271484 0.123047 0.027344 0.019531
4 0.240234 0.152344 0.027344 0.023438
4 0.275391 0.181641 0.019531 0.019531
4 0.220703 0.179688 0.019531 0.015625
4 0.244141 0.208984 0.035156 0.027344
4 0.349609 0.177734 0.027344 0.019531
4 0.314453 0.208984 0.019531 0.019531
4 0.369141 0.205078 0.019531 0.019531
4 0.314453 0.246094 0.019531 0.015625
4 0.333984 0.255859 0.019531 0.019531
4 0.367188 0.291016 0.023438 0.019531
4 0.611328 0.248047 0.027344 0.019531
4 0.585938 0.287109 0.023438 0.019531
4 0.574219 0.324219 0.039062 0.023438
4 0.605469 0.328125 0.031250 0.023438
4 0.574219 0.363281 0.039062 0.031250
4 0.662109 0.345703 0.027344 0.027344
4 0.683594 0.324219 0.039062 0.023438
4 0.632812 0.294922 0.015625 0.019531
4 0.662109 0.263672 0.019531 0.019531
4 0.750000 0.173828 0.023438 0.019531
4 0.689453 0.191406 0.027344 0.023438
4 0.673828 0.214844 0.027344 0.031250
4 0.810547 0.173828 0.019531 0.011719
4 0.796875 0.189453 0.015625 0.019531
4 0.427734 0.412109 0.019531 0.011719
4 0.457031 0.500000 0.046875 0.039062
4 0.392578 0.501953 0.042969 0.035156
4 0.457031 0.539062 0.046875 0.031250
4 0.408203 0.548828 0.042969 0.035156
4 0.367188 0.230469 0.015625 0.015625
3 0.509766 0.384766 0.042969 0.019531
3 0.501953 0.816406 0.035156 0.023438
3 0.931641 0.064453 0.027344 0.027344
