1 0.632812 0.260742 0.011719 0.044922
1 0.912109 0.540039 0.039062 0.033203
1 0.854492 0.515625 0.029297 0.019531
1 0.942383 0.483398 0.025391 0.025391
1 0.968750 0.463867 0.019531 0.021484
1 0.812500 0.622070 0.031250 0.013672
1 0.806641 0.689453 0.027344 0.019531
1 0.725586 0.698242 0.025391 0.017578
1 0.556641 0.860352 0.027344 0.025391
1 0.526367 0.952148 0.029297 0.029297
1 0.483398 0.940430 0.029297 0.029297
1 0.500977 0.884766 0.029297 0.015625
1 0.488281 0.818359 0.023438 0.015625
1 0.461914 0.961914 0.033203 0.017578
1 0.124023 0.442383 0.115234 0.060547
1 0.815430 0.131836 0.310547 0.181641
1 0.448242 0.299805 0.134766 0.095703
