4 0.012695 0.786133 0.052734 0.064453
4 0.075195 0.779297 0.052734 0.066406
4 0.142578 0.767578 0.050781 0.070312
4 0.192383 0.900391 0.052734 0.066406
4 0.239258 0.833984 0.044922 0.062500
4 0.295898 0.777344 0.060547 0.062500
4 0.340820 0.720703 0.048828 0.070312
4 0.409180 0.725586 0.052734 0.064453
4 0.081055 0.661133 0.056641 0.068359
4 0.127930 0.599609 0.056641 0.066406
4 0.205078 0.584961 0.058594 0.068359
4 0.195312 0.502930 0.054688 0.064453
4 0.384766 0.358398 0.062500 0.068359
4 0.368164 0.272461 0.068359 0.068359
4 0.294922 0.302734 0.054688 0.062500
4 0.290039 0.191406 0.064453 0.070312
4 0.246094 0.252930 0.062500 0.064453
4 0.190430 0.202148 0.060547 0.064453
