4 0.058594 0.302734 0.039062 0.027344
4 0.130859 0.306641 0.042969 0.027344
4 0.201172 0.306641 0.035156 0.027344
4 0.279297 0.306641 0.042969 0.027344
4 0.345703 0.310547 0.042969 0.027344
4 0.414062 0.312500 0.039062 0.023438
4 0.486328 0.314453 0.035156 0.027344
4 0.550781 0.308594 0.031250 0.031250
4 0.619141 0.312500 0.035156 0.031250
4 0.046875 0.361328 0.031250 0.027344
4 0.107422 0.363281 0.027344 0.023438
4 0.167969 0.363281 0.023438 0.023438
4 0.224609 0.365234 0.027344 0.019531
4 0.285156 0.367188 0.031250 0.015625
4 0.345703 0.367188 0.035156 0.023438
4 0.423828 0.369141 0.027344 0.027344
4 0.486328 0.369141 0.027344 0.027344
4 0.552734 0.371094 0.027344 0.023438
4 0.619141 0.373047 0.035156 0.027344
4 0.619141 0.417969 0.027344 0.023438
4 0.044922 0.406250 0.027344 0.023438
4 0.107422 0.406250 0.019531 0.023438
4 0.166016 0.406250 0.035156 0.023438
4 0.222656 0.410156 0.039062 0.023438
4 0.287109 0.412109 0.035156 0.019531
4 0.345703 0.408203 0.035156 0.027344
4 0.552734 0.419922 0.027344 0.027344
4 0.031250 0.449219 0.031250 0.023438
4 0.080078 0.453125 0.027344 0.023438
4 0.128906 0.453125 0.039062 0.023438
4 0.175781 0.453125 0.031250 0.023438
4 0.216797 0.455078 0.027344 0.027344
4 0.263672 0.455078 0.027344 0.027344
4 0.308594 0.453125 0.023438 0.023438
4 0.351562 0.455078 0.023438 0.027344
4 0.353516 0.486328 0.027344 0.019531
4 0.615234 0.513672 0.027344 0.019531
4 0.500000 0.685547 0.031250 0.019531
4 0.558594 0.687500 0.031250 0.023438
4 0.628906 0.650391 0.031250 0.027344
4 0.558594 0.722656 0.031250 0.023438
4 0.626953 0.687500 0.027344 0.023438
4 0.621094 0.724609 0.023438 0.027344
4 0.554688 0.757812 0.039062 0.023438
4 0.621094 0.757812 0.031250 0.023438
