1 0.628906 0.966797 0.078125 0.042969
1 0.384766 0.660156 0.066406 0.093750
1 0.281250 0.451172 0.062500 0.105469
1 0.378906 0.201172 0.140625 0.074219
1 0.285156 0.037109 0.085938 0.066406
1 0.498047 0.027344 0.074219 0.054688
1 0.646484 0.029297 0.089844 0.058594
1 0.759766 0.044922 0.105469 0.082031
1 0.869141 0.115234 0.082031 0.089844
1 0.664062 0.173828 0.093750 0.074219
1 0.806641 0.244141 0.050781 0.074219
1 0.417969 0.333984 0.054688 0.082031
1 0.542969 0.304688 0.078125 0.078125
1 0.437500 0.496094 0.070312 0.085938
1 0.595703 0.482422 0.082031 0.105469
1 0.707031 0.462891 0.109375 0.105469
1 0.951172 0.382812 0.082031 0.085938
1 0.666016 0.642578 0.082031 0.097656
1 0.921875 0.611328 0.085938 0.089844
1 0.816406 0.761719 0.062500 0.078125
1 0.851562 0.873047 0.070312 0.082031
