4 0.524414 0.973633 0.048828 0.044922
4 0.579102 0.969727 0.064453 0.072266
4 0.646484 0.954102 0.062500 0.072266
4 0.713867 0.943359 0.068359 0.070312
4 0.297852 0.583984 0.064453 0.050781
4 0.277344 0.524414 0.050781 0.044922
4 0.282227 0.463867 0.056641 0.052734
4 0.284180 0.406250 0.048828 0.050781
4 0.341797 0.375977 0.070312 0.068359
4 0.415039 0.359375 0.052734 0.062500
4 0.490234 0.337891 0.062500 0.066406
4 0.568359 0.324219 0.070312 0.074219
4 0.354492 0.458008 0.060547 0.064453
4 0.426758 0.442383 0.060547 0.068359
4 0.512695 0.426758 0.068359 0.064453
4 0.580078 0.407227 0.058594 0.068359
4 0.366211 0.542969 0.068359 0.066406
4 0.436523 0.527344 0.068359 0.066406
4 0.522461 0.505859 0.064453 0.070312
4 0.590820 0.494141 0.064453 0.066406
1 0.127930 0.576172 0.029297 0.132812
