4 0.458984 0.470703 0.035156 0.027344
4 0.390625 0.498047 0.031250 0.027344
4 0.335938 0.529297 0.031250 0.027344
4 0.281250 0.548828 0.023438 0.027344
4 0.240234 0.589844 0.027344 0.023438
4 0.322266 0.587891 0.027344 0.027344
4 0.392578 0.560547 0.035156 0.027344
4 0.326172 0.699219 0.035156 0.031250
4 0.265625 0.703125 0.046875 0.039062
4 0.179688 0.703125 0.031250 0.031250
4 0.179688 0.742188 0.023438 0.023438
4 0.322266 0.833984 0.027344 0.019531
4 0.244141 0.833984 0.035156 0.027344
4 0.218750 0.781250 0.031250 0.023438
4 0.294922 0.769531 0.019531 0.015625
4 0.269531 0.771484 0.023438 0.019531
4 0.292969 0.791016 0.023438 0.011719
4 0.267578 0.792969 0.027344 0.015625
3 0.501953 0.173828 0.027344 0.019531
3 0.919922 0.468750 0.019531 0.031250
