0 0.660156 0.318359 0.015625 0.019531
0 0.687500 0.320312 0.015625 0.015625
0 0.699219 0.330078 0.015625 0.019531
0 0.708984 0.318359 0.019531 0.019531
0 0.718750 0.332031 0.015625 0.015625
0 0.728516 0.320312 0.019531 0.015625
0 0.738281 0.333984 0.015625 0.019531
0 0.751953 0.324219 0.011719 0.015625
0 0.761719 0.333984 0.015625 0.011719
0 0.773438 0.322266 0.015625 0.019531
0 0.783203 0.333984 0.019531 0.011719
0 0.794922 0.320312 0.019531 0.015625
0 0.804688 0.335938 0.015625 0.015625
0 0.820312 0.324219 0.015625 0.015625
0 0.828125 0.337891 0.015625 0.019531
0 0.841797 0.324219 0.011719 0.015625
0 0.863281 0.324219 0.015625 0.015625
0 0.884766 0.324219 0.019531 0.015625
0 0.853516 0.337891 0.019531 0.011719
0 0.875000 0.335938 0.015625 0.015625
0 0.894531 0.337891 0.023438 0.011719
0 0.767578 0.712891 0.011719 0.019531
0 0.779297 0.705078 0.011719 0.019531
0 0.791016 0.710938 0.011719 0.015625
0 0.798828 0.703125 0.011719 0.015625
0 0.810547 0.714844 0.011719 0.015625
0 0.820312 0.701172 0.015625 0.019531
0 0.830078 0.716797 0.011719 0.019531
0 0.841797 0.705078 0.011719 0.019531
0 0.849609 0.718750 0.011719 0.015625
0 0.863281 0.703125 0.015625 0.023438
0 0.892578 0.718750 0.011719 0.015625
0 0.794922 0.652344 0.019531 0.023438
0 0.820312 0.654297 0.015625 0.027344
0 0.843750 0.656250 0.015625 0.023438
0 0.865234 0.660156 0.019531 0.023438
0 0.888672 0.658203 0.019531 0.027344
0 0.787109 0.769531 0.019531 0.031250
0 0.845703 0.755859 0.019531 0.019531
0 0.857422 0.779297 0.019531 0.019531
0 0.828125 0.824219 0.023438 0.023438
0 0.847656 0.822266 0.015625 0.019531
0 0.875000 0.820312 0.015625 0.023438
0 0.898438 0.810547 0.015625 0.050781
