4 0.097656 0.337891 0.117188 0.136719
4 0.087891 0.505859 0.105469 0.128906
4 0.240234 0.347656 0.121094 0.132812
4 0.232422 0.523438 0.121094 0.125000
4 0.431641 0.369141 0.105469 0.136719
4 0.568359 0.380859 0.121094 0.128906
4 0.742188 0.396484 0.117188 0.128906
4 0.886719 0.410156 0.109375 0.140625
4 0.544922 0.107422 0.105469 0.128906
4 0.421875 0.539062 0.117188 0.132812
4 0.558594 0.552734 0.109375 0.136719
4 0.408203 0.712891 0.121094 0.128906
4 0.544922 0.726562 0.121094 0.140625
4 0.734375 0.568359 0.109375 0.136719
4 0.873047 0.583984 0.113281 0.128906
4 0.718750 0.789062 0.109375 0.132812
4 0.857422 0.802734 0.113281 0.136719
4 0.716797 0.947266 0.105469 0.105469
4 0.847656 0.957031 0.109375 0.085938
4 0.693359 0.121094 0.128906 0.140625
4 0.820312 0.125000 0.109375 0.132812
