2 0.123047 0.136719 0.050781 0.058594
2 0.375000 0.133789 0.066406 0.068359
2 0.624023 0.129883 0.076172 0.083984
2 0.876953 0.128906 0.070312 0.070312
2 0.125000 0.379883 0.070312 0.060547
2 0.373047 0.376953 0.082031 0.074219
2 0.625000 0.378906 0.078125 0.039062
2 0.869141 0.379883 0.078125 0.064453
2 0.123047 0.627930 0.078125 0.052734
2 0.372070 0.628906 0.080078 0.046875
2 0.615234 0.629883 0.062500 0.037109
2 0.864258 0.630859 0.060547 0.031250
2 0.120117 0.878906 0.072266 0.031250
2 0.371094 0.879883 0.070312 0.025391
2 0.618164 0.875977 0.083984 0.044922
2 0.864258 0.876953 0.091797 0.046875
