0 0.088867 0.096680 0.158203 0.162109
0 0.273438 0.117188 0.179688 0.160156
0 0.601562 0.092773 0.125000 0.154297
0 0.770508 0.089844 0.154297 0.156250
0 0.085938 0.673828 0.101562 0.148438
0 0.255859 0.663086 0.117188 0.138672
0 0.414062 0.658203 0.109375 0.136719
0 0.682617 0.636719 0.107422 0.125000
0 0.847656 0.629883 0.148438 0.142578
0 0.098633 0.860352 0.107422 0.103516
0 0.257812 0.873047 0.140625 0.160156
0 0.435547 0.856445 0.113281 0.123047
0 0.696289 0.845703 0.150391 0.128906
0 0.867188 0.840820 0.121094 0.119141
