4 0.085938 0.728516 0.117188 0.121094
4 0.292969 0.503906 0.125000 0.101562
4 0.271484 0.603516 0.097656 0.074219
4 0.253906 0.705078 0.085938 0.089844
4 0.365234 0.716797 0.097656 0.089844
4 0.361328 0.822266 0.097656 0.089844
4 0.224609 0.806641 0.089844 0.082031
4 0.214844 0.902344 0.078125 0.070312
4 0.332031 0.925781 0.101562 0.078125
4 0.150391 0.455078 0.105469 0.089844
4 0.132812 0.527344 0.132812 0.078125
4 0.589844 0.111328 0.117188 0.097656
4 0.728516 0.054688 0.121094 0.101562
4 0.785156 0.199219 0.125000 0.109375
4 0.646484 0.251953 0.128906 0.105469
4 0.695312 0.380859 0.132812 0.105469
4 0.835938 0.333984 0.125000 0.105469
4 0.742188 0.513672 0.117188 0.105469
4 0.880859 0.464844 0.121094 0.109375
4 0.828125 0.650391 0.117188 0.105469
4 0.953125 0.601562 0.093750 0.093750
4 0.939453 0.738281 0.121094 0.109375
4 0.957031 0.130859 0.085938 0.105469
