4 0.089844 0.136719 0.125000 0.140625
4 0.230469 0.148438 0.125000 0.132812
4 0.572266 0.039062 0.113281 0.070312
4 0.423828 0.167969 0.105469 0.132812
4 0.560547 0.179688 0.121094 0.140625
4 0.412109 0.333984 0.113281 0.128906
4 0.550781 0.351562 0.109375 0.140625
4 0.742188 0.050781 0.125000 0.093750
4 0.886719 0.054688 0.109375 0.101562
4 0.738281 0.199219 0.101562 0.125000
4 0.873047 0.210938 0.113281 0.140625
4 0.720703 0.423828 0.113281 0.136719
4 0.859375 0.429688 0.109375 0.132812
4 0.710938 0.587891 0.109375 0.136719
4 0.849609 0.601562 0.105469 0.125000
