4 0.496094 0.917969 0.117188 0.132812
4 0.367188 0.816406 0.117188 0.132812
4 0.519531 0.757812 0.117188 0.140625
4 0.388672 0.642578 0.113281 0.136719
4 0.646484 0.492188 0.089844 0.101562
4 0.554688 0.425781 0.093750 0.101562
4 0.462891 0.343750 0.089844 0.093750
4 0.365234 0.269531 0.113281 0.125000
4 0.255859 0.187500 0.128906 0.125000
4 0.326172 0.060547 0.121094 0.113281
4 0.433594 0.140625 0.117188 0.117188
4 0.525391 0.210938 0.082031 0.085938
4 0.609375 0.316406 0.085938 0.093750
4 0.697266 0.378906 0.089844 0.101562
4 0.623047 0.064453 0.105469 0.121094
