2 0.116211 0.122070 0.072266 0.080078
2 0.372070 0.116211 0.072266 0.083984
2 0.617188 0.121094 0.078125 0.085938
2 0.870117 0.119141 0.068359 0.078125
2 0.120117 0.370117 0.060547 0.076172
2 0.374023 0.369141 0.044922 0.070312
2 0.614258 0.369141 0.044922 0.066406
2 0.870117 0.371094 0.083984 0.089844
2 0.123047 0.620117 0.074219 0.080078
2 0.374023 0.614258 0.091797 0.064453
2 0.625000 0.622070 0.082031 0.048828
2 0.870117 0.620117 0.072266 0.048828
2 0.121094 0.868164 0.074219 0.056641
2 0.368164 0.868164 0.072266 0.048828
2 0.617188 0.872070 0.078125 0.064453
2 0.865234 0.870117 0.085938 0.076172
