3 0.443359 0.123047 0.031250 0.242188
4 0.446289 0.700195 0.064453 0.052734
4 0.512695 0.729492 0.056641 0.060547
4 0.608398 0.742188 0.064453 0.058594
4 0.674805 0.767578 0.056641 0.054688
4 0.743164 0.793945 0.056641 0.060547
4 0.711914 0.860352 0.060547 0.060547
4 0.643555 0.830078 0.056641 0.058594
4 0.579102 0.802734 0.056641 0.054688
4 0.490234 0.793945 0.074219 0.060547
4 0.418945 0.764648 0.072266 0.056641
4 0.386719 0.832031 0.074219 0.058594
4 0.460938 0.857422 0.066406 0.058594
4 0.539062 0.883789 0.058594 0.060547
4 0.511719 0.948242 0.058594 0.060547
4 0.606445 0.912109 0.064453 0.058594
4 0.578125 0.976562 0.062500 0.050781
4 0.676758 0.943359 0.056641 0.062500
4 0.791016 0.914062 0.062500 0.062500
4 0.854492 0.941406 0.060547 0.050781
4 0.756836 0.978516 0.056641 0.058594
