2 0.120117 0.116211 0.060547 0.076172
2 0.377930 0.120117 0.048828 0.068359
2 0.625000 0.118164 0.046875 0.072266
2 0.876953 0.114258 0.074219 0.087891
2 0.132812 0.364258 0.082031 0.091797
2 0.382812 0.369141 0.078125 0.074219
2 0.628906 0.369141 0.066406 0.066406
2 0.877930 0.367188 0.072266 0.066406
2 0.126953 0.618164 0.070312 0.068359
2 0.375000 0.619141 0.082031 0.070312
2 0.625977 0.619141 0.076172 0.066406
2 0.875977 0.618164 0.083984 0.068359
2 0.126953 0.868164 0.074219 0.056641
2 0.373047 0.866211 0.078125 0.060547
2 0.629883 0.870117 0.083984 0.064453
2 0.875977 0.863281 0.080078 0.058594
