2 0.123047 0.122070 0.058594 0.068359
2 0.373047 0.123047 0.046875 0.058594
2 0.617188 0.124023 0.042969 0.056641
2 0.865234 0.118164 0.054688 0.064453
2 0.121094 0.369141 0.074219 0.082031
2 0.370117 0.367188 0.076172 0.082031
2 0.619141 0.367188 0.070312 0.074219
2 0.870117 0.373047 0.064453 0.070312
2 0.123047 0.624023 0.062500 0.068359
2 0.370117 0.620117 0.076172 0.076172
2 0.619141 0.618164 0.070312 0.060547
2 0.868164 0.616211 0.064453 0.056641
2 0.121094 0.867188 0.074219 0.058594
2 0.371094 0.865234 0.074219 0.054688
2 0.621094 0.871094 0.074219 0.042969
2 0.872070 0.872070 0.064453 0.029297
