1 0.741250 0.029375 0.020000 0.013750
1 0.758125 0.050000 0.023750 0.017500
1 0.875000 0.005000 0.015000 0.010000
1 0.984375 0.062500 0.016250 0.017500
1 0.700625 0.005000 0.016250 0.010000
1 0.941250 0.030625 0.017500 0.021250
1 0.889375 0.190000 0.033750 0.025000
1 0.788750 0.101875 0.020000 0.011250
1 0.712500 0.020625 0.017500 0.011250
1 0.964375 0.011250 0.011250 0.012500
1 0.720625 0.005625 0.021250 0.011250
1 0.905625 0.015625 0.021250 0.023750
1 0.911875 0.011250 0.021250 0.022500
1 0.904375 0.027500 0.016250 0.017500
