2 0.123047 0.115234 0.066406 0.066406
2 0.374023 0.115234 0.064453 0.062500
2 0.620117 0.120117 0.076172 0.064453
2 0.869141 0.120117 0.082031 0.060547
2 0.122070 0.372070 0.076172 0.037109
2 0.368164 0.375000 0.068359 0.027344
2 0.623047 0.373047 0.066406 0.035156
2 0.871094 0.375000 0.078125 0.042969
2 0.120117 0.622070 0.083984 0.048828
2 0.367188 0.623047 0.078125 0.046875
2 0.621094 0.623047 0.082031 0.058594
2 0.872070 0.624023 0.076172 0.064453
2 0.121094 0.872070 0.082031 0.080078
2 0.373047 0.875000 0.074219 0.070312
2 0.622070 0.871094 0.076172 0.078125
2 0.872070 0.870117 0.064453 0.076172
