0 0.019531 0.099609 0.023438 0.027344
0 0.050781 0.097656 0.023438 0.031250
0 0.083984 0.101562 0.019531 0.031250
0 0.183594 0.025391 0.031250 0.027344
0 0.248047 0.039062 0.019531 0.023438
0 0.263672 0.037109 0.019531 0.027344
0 0.292969 0.025391 0.023438 0.019531
0 0.312500 0.044922 0.015625 0.027344
0 0.328125 0.021484 0.015625 0.019531
0 0.345703 0.046875 0.019531 0.023438
0 0.361328 0.023438 0.019531 0.023438
0 0.376953 0.044922 0.019531 0.019531
0 0.392578 0.019531 0.019531 0.023438
0 0.427734 0.025391 0.019531 0.019531
0 0.466797 0.023438 0.019531 0.023438
0 0.484375 0.046875 0.015625 0.023438
0 0.505859 0.027344 0.019531 0.023438
0 0.564453 0.048828 0.027344 0.019531
0 0.582031 0.029297 0.023438 0.019531
0 0.613281 0.029297 0.023438 0.019531
0 0.601562 0.052734 0.023438 0.019531
0 0.455078 0.111328 0.027344 0.027344
0 0.484375 0.111328 0.023438 0.027344
0 0.517578 0.113281 0.019531 0.023438
0 0.550781 0.117188 0.023438 0.023438
0 0.585938 0.117188 0.023438 0.023438
0 0.619141 0.115234 0.027344 0.027344
