2 0.745117 0.023438 0.115234 0.046875
2 0.383789 0.182617 0.048828 0.064453
2 0.454102 0.157227 0.037109 0.076172
2 0.534180 0.187500 0.044922 0.074219
2 0.600586 0.197266 0.052734 0.093750
2 0.667969 0.186523 0.062500 0.146484
2 0.739258 0.191406 0.068359 0.132812
2 0.805664 0.200195 0.052734 0.150391
2 0.876953 0.220703 0.042969 0.093750
2 0.770508 0.500977 0.048828 0.091797
2 0.706055 0.495117 0.052734 0.091797
2 0.633789 0.502930 0.044922 0.072266
2 0.754883 0.648438 0.044922 0.062500
2 0.687500 0.614258 0.042969 0.083984
2 0.619141 0.619141 0.046875 0.109375
2 0.548828 0.607422 0.058594 0.128906
2 0.560547 0.484375 0.050781 0.082031
2 0.497070 0.487305 0.048828 0.083984
2 0.479492 0.620117 0.048828 0.080078
2 0.432617 0.473633 0.052734 0.095703
2 0.407227 0.602539 0.048828 0.076172
2 0.357422 0.464844 0.054688 0.152344
2 0.289062 0.467773 0.046875 0.064453
2 0.208984 0.488281 0.046875 0.082031
2 0.144531 0.464844 0.046875 0.070312
2 0.341797 0.606445 0.054688 0.083984
2 0.271484 0.588867 0.054688 0.076172
2 0.197266 0.606445 0.054688 0.087891
2 0.131836 0.593750 0.052734 0.089844
2 0.065430 0.583008 0.052734 0.083984
2 0.016602 0.904297 0.029297 0.054688
2 0.085938 0.882812 0.042969 0.066406
2 0.167969 0.867188 0.035156 0.062500
2 0.298828 0.887695 0.046875 0.080078
2 0.377930 0.821289 0.044922 0.107422
2 0.446289 0.890625 0.060547 0.109375
2 0.507812 0.916016 0.042969 0.070312
