2 0.125977 0.127930 0.060547 0.068359
2 0.378906 0.132812 0.050781 0.058594
2 0.625000 0.128906 0.054688 0.062500
2 0.877930 0.135742 0.052734 0.056641
2 0.125000 0.385742 0.050781 0.056641
2 0.375977 0.385742 0.044922 0.052734
2 0.625000 0.388672 0.042969 0.050781
2 0.872070 0.386719 0.048828 0.058594
2 0.125000 0.633789 0.046875 0.060547
2 0.372070 0.626953 0.072266 0.050781
2 0.620117 0.627930 0.072266 0.052734
2 0.872070 0.627930 0.076172 0.048828
2 0.119141 0.879883 0.066406 0.041016
2 0.369141 0.884766 0.070312 0.035156
2 0.620117 0.876953 0.072266 0.031250
2 0.872070 0.875000 0.072266 0.031250
