1 0.912500 0.963750 0.057500 0.040000
1 0.586250 0.849375 0.030000 0.016250
1 0.441250 0.843750 0.040000 0.015000
1 0.011875 0.988750 0.023750 0.022500
1 0.388125 0.850625 0.043750 0.018750
1 0.501875 0.962500 0.013750 0.007500
1 0.656875 0.874375 0.036250 0.013750
1 0.665625 0.864375 0.033750 0.013750
1 0.341250 0.855000 0.025000 0.012500
1 0.675000 0.956250 0.042500 0.015000
1 0.331250 0.851875 0.030000 0.013750
1 0.400000 0.961250 0.042500 0.007500
1 0.628750 0.861875 0.027500 0.016250
1 0.528125 0.837500 0.031250 0.015000
1 0.295000 0.862500 0.037500 0.010000
1 0.166250 0.995000 0.017500 0.010000
1 0.201250 0.886250 0.047500 0.022500
1 0.579375 0.990625 0.016250 0.011250
1 0.526250 0.846250 0.025000 0.015000
1 0.782500 0.906875 0.067500 0.036250
1 0.138125 0.915625 0.028750 0.018750
1 0.037500 0.974375 0.022500 0.018750
