2 0.120117 0.125977 0.080078 0.060547
2 0.370117 0.124023 0.083984 0.068359
2 0.625000 0.126953 0.058594 0.070312
2 0.874023 0.144531 0.048828 0.062500
2 0.120117 0.378906 0.037109 0.078125
2 0.373047 0.387695 0.039062 0.052734
2 0.623047 0.373047 0.082031 0.093750
2 0.875977 0.373047 0.080078 0.085938
2 0.121094 0.622070 0.085938 0.072266
2 0.374023 0.622070 0.087891 0.068359
2 0.624023 0.623047 0.087891 0.066406
2 0.873047 0.623047 0.089844 0.062500
2 0.122070 0.873047 0.091797 0.058594
2 0.374023 0.872070 0.091797 0.052734
2 0.616211 0.875000 0.080078 0.027344
2 0.872070 0.869141 0.076172 0.031250
