4 0.683594 0.039062 0.023438 0.023438
4 0.443359 0.363281 0.027344 0.039062
4 0.417969 0.384766 0.031250 0.019531
4 0.566406 0.302734 0.023438 0.027344
4 0.478516 0.414062 0.027344 0.031250
4 0.476562 0.439453 0.046875 0.027344
4 0.718750 0.740234 0.031250 0.035156
4 0.837891 0.783203 0.027344 0.019531
4 0.820312 0.808594 0.023438 0.023438
4 0.800781 0.830078 0.023438 0.019531
4 0.794922 0.853516 0.035156 0.027344
4 0.763672 0.871094 0.035156 0.023438
4 0.837891 0.830078 0.027344 0.019531
4 0.822266 0.853516 0.027344 0.019531
4 0.806641 0.876953 0.035156 0.019531
4 0.783203 0.896484 0.035156 0.019531
3 0.111328 0.296875 0.207031 0.109375
3 0.097656 0.373047 0.195312 0.082031
