1 0.950500 0.077000 0.097000 0.152000
1 0.761500 0.205000 0.149000 0.052000
1 0.731000 0.312500 0.162000 0.093000
1 0.701500 0.340500 0.183000 0.073000
1 0.678500 0.384500 0.213000 0.069000
1 0.663000 0.431000 0.200000 0.072000
1 0.653500 0.480000 0.181000 0.060000
1 0.425500 0.305500 0.217000 0.121000
1 0.345500 0.527500 0.147000 0.071000
1 0.892000 0.422000 0.176000 0.112000
1 0.483500 0.183000 0.135000 0.054000
1 0.727500 0.668000 0.171000 0.072000
1 0.280500 0.763500 0.131000 0.053000
1 0.147500 0.900500 0.109000 0.053000
1 0.624500 0.951500 0.381000 0.095000
1 0.091500 0.656500 0.181000 0.051000
1 0.943500 0.828000 0.111000 0.062000
