2 0.114258 0.127930 0.083984 0.060547
2 0.371094 0.128906 0.070312 0.054688
2 0.619141 0.124023 0.082031 0.076172
2 0.865234 0.125000 0.093750 0.093750
2 0.118164 0.370117 0.080078 0.083984
2 0.369141 0.374023 0.066406 0.076172
2 0.616211 0.373047 0.064453 0.078125
2 0.867188 0.370117 0.066406 0.080078
2 0.120117 0.622070 0.052734 0.072266
2 0.371094 0.630859 0.046875 0.078125
2 0.624023 0.631836 0.044922 0.068359
2 0.867188 0.622070 0.046875 0.072266
2 0.116211 0.866211 0.056641 0.080078
2 0.372070 0.867188 0.056641 0.074219
2 0.621094 0.868164 0.078125 0.083984
2 0.871094 0.866211 0.074219 0.076172
