2 0.125000 0.120117 0.074219 0.056641
2 0.379883 0.118164 0.091797 0.068359
2 0.625977 0.118164 0.083984 0.072266
2 0.873047 0.124023 0.070312 0.033203
2 0.120117 0.373047 0.076172 0.035156
2 0.372070 0.368164 0.083984 0.060547
2 0.622070 0.366211 0.091797 0.072266
2 0.874023 0.368164 0.076172 0.064453
2 0.128906 0.615234 0.074219 0.066406
2 0.375977 0.617188 0.072266 0.066406
2 0.623047 0.616211 0.070312 0.064453
2 0.873047 0.620117 0.070312 0.068359
2 0.123047 0.870117 0.078125 0.080078
2 0.375977 0.872070 0.076172 0.076172
2 0.618164 0.871094 0.060547 0.074219
2 0.872070 0.870117 0.056641 0.064453
