1 0.143750 0.405625 0.027500 0.018750
1 0.720000 0.367500 0.065000 0.030000
1 0.413750 0.451875 0.017500 0.008750
1 0.866875 0.611250 0.018750 0.017500
1 0.786875 0.393750 0.061250 0.030000
1 0.339375 0.340000 0.036250 0.012500
1 0.851875 0.418750 0.061250 0.030000
1 0.390000 0.338125 0.040000 0.016250
1 0.916250 0.450625 0.055000 0.041250
1 0.443125 0.328750 0.036250 0.012500
1 0.977500 0.488125 0.045000 0.038750
1 0.209375 0.373125 0.048750 0.026250
1 0.296875 0.348125 0.031250 0.016250
1 0.016250 0.488125 0.032500 0.036250
1 0.491250 0.329375 0.030000 0.013750
1 0.535625 0.330625 0.028750 0.013750
1 0.579375 0.338125 0.028750 0.013750
1 0.638750 0.351250 0.057500 0.032500
