2 0.900391 0.087891 0.097656 0.132812
2 0.849609 0.059570 0.093750 0.119141
2 0.437500 0.065430 0.125000 0.087891
2 0.407227 0.125977 0.126953 0.087891
2 0.372070 0.176758 0.095703 0.068359
2 0.348633 0.231445 0.138672 0.107422
2 0.309570 0.285156 0.111328 0.082031
2 0.289062 0.340820 0.136719 0.103516
2 0.242188 0.389648 0.117188 0.087891
2 0.184570 0.500977 0.130859 0.083984
2 0.153320 0.549805 0.115234 0.083984
2 0.120117 0.599609 0.126953 0.089844
2 0.058594 0.720703 0.101562 0.066406
2 0.043945 0.774414 0.080078 0.060547
2 0.029297 0.842773 0.058594 0.052734
2 0.674805 0.337891 0.103516 0.070312
2 0.635742 0.385742 0.119141 0.083984
2 0.613281 0.435547 0.097656 0.062500
2 0.575195 0.474609 0.115234 0.085938
2 0.481445 0.613281 0.134766 0.082031
2 0.452148 0.668945 0.126953 0.080078
2 0.404297 0.758789 0.113281 0.080078
2 0.382812 0.807617 0.109375 0.080078
2 0.350586 0.857422 0.103516 0.082031
2 0.447266 0.950195 0.125000 0.087891
2 0.329102 0.905273 0.103516 0.080078
2 0.307617 0.958984 0.083984 0.066406
2 0.495117 0.855469 0.119141 0.085938
2 0.518555 0.809570 0.103516 0.076172
2 0.546875 0.763672 0.125000 0.093750
2 0.590820 0.711914 0.107422 0.083984
2 0.648438 0.621094 0.128906 0.093750
2 0.659180 0.568359 0.123047 0.082031
2 0.687500 0.524414 0.117188 0.076172
2 0.716797 0.475586 0.113281 0.076172
2 0.750000 0.428711 0.117188 0.080078
2 0.786133 0.382812 0.091797 0.070312
2 0.945312 0.671875 0.105469 0.082031
2 0.917969 0.794922 0.109375 0.085938
2 0.875000 0.842773 0.105469 0.080078
2 0.850586 0.906250 0.107422 0.085938
2 0.818359 0.955078 0.117188 0.085938
