4 0.603516 0.962891 0.042969 0.054688
4 0.650391 0.978516 0.042969 0.042969
4 0.697266 0.993164 0.042969 0.013672
4 0.669922 0.923828 0.039062 0.058594
4 0.717773 0.948242 0.041016 0.056641
4 0.762695 0.972656 0.044922 0.054688
4 0.657227 0.790039 0.060547 0.072266
4 0.680664 0.709961 0.060547 0.072266
4 0.753906 0.738281 0.066406 0.066406
4 0.724609 0.821289 0.066406 0.072266
4 0.808594 0.773438 0.062500 0.070312
4 0.785156 0.852539 0.058594 0.068359
4 0.893555 0.813477 0.064453 0.072266
4 0.875000 0.894531 0.066406 0.066406
4 0.958984 0.846680 0.054688 0.068359
4 0.935547 0.927734 0.054688 0.066406
4 0.929688 0.730469 0.046875 0.062500
4 0.725586 0.558594 0.056641 0.066406
4 0.791992 0.586914 0.056641 0.068359
4 0.857422 0.619141 0.062500 0.066406
4 0.944336 0.659180 0.052734 0.068359
4 0.965820 0.576172 0.056641 0.070312
4 0.883789 0.538086 0.056641 0.072266
4 0.819336 0.503906 0.060547 0.074219
4 0.753906 0.478516 0.058594 0.070312
