2 0.122070 0.123047 0.068359 0.082031
2 0.372070 0.133789 0.060547 0.076172
2 0.622070 0.133789 0.044922 0.076172
2 0.872070 0.129883 0.033203 0.068359
2 0.120117 0.382812 0.041016 0.070312
2 0.375000 0.382812 0.058594 0.078125
2 0.623047 0.383789 0.066406 0.080078
2 0.875000 0.380859 0.082031 0.082031
2 0.125000 0.629883 0.082031 0.080078
2 0.375977 0.631836 0.080078 0.072266
2 0.619141 0.627930 0.082031 0.041016
2 0.868164 0.625977 0.080078 0.037109
2 0.121094 0.874023 0.085938 0.044922
2 0.373047 0.875977 0.093750 0.056641
2 0.617188 0.875977 0.085938 0.064453
2 0.871094 0.875000 0.082031 0.062500
