0 0.279297 0.941406 0.042969 0.031250
0 0.328125 0.945312 0.039062 0.031250
0 0.371094 0.947266 0.039062 0.027344
0 0.412109 0.951172 0.035156 0.027344
0 0.458984 0.957031 0.042969 0.031250
0 0.507812 0.951172 0.046875 0.027344
0 0.597656 0.962891 0.046875 0.035156
0 0.642578 0.962891 0.042969 0.035156
0 0.689453 0.966797 0.042969 0.035156
0 0.714844 0.925781 0.046875 0.046875
0 0.662109 0.919922 0.050781 0.042969
0 0.580078 0.916016 0.050781 0.050781
0 0.533203 0.910156 0.042969 0.046875
0 0.490234 0.908203 0.042969 0.050781
0 0.441406 0.910156 0.039062 0.039062
0 0.398438 0.908203 0.039062 0.042969
0 0.353516 0.904297 0.042969 0.042969
0 0.304688 0.904297 0.046875 0.042969
0 0.697266 0.822266 0.042969 0.027344
0 0.650391 0.826172 0.042969 0.035156
0 0.607422 0.824219 0.042969 0.031250
0 0.560547 0.824219 0.042969 0.039062
0 0.517578 0.820312 0.042969 0.031250
0 0.472656 0.816406 0.039062 0.031250
0 0.429688 0.812500 0.046875 0.031250
0 0.384766 0.814453 0.042969 0.035156
0 0.335938 0.806641 0.046875 0.035156
0 0.291016 0.806641 0.035156 0.035156
0 0.269531 0.751953 0.039062 0.035156
0 0.318359 0.755859 0.042969 0.042969
0 0.361328 0.755859 0.042969 0.042969
0 0.406250 0.759766 0.039062 0.050781
0 0.449219 0.769531 0.039062 0.046875
0 0.494141 0.775391 0.050781 0.042969
0 0.537109 0.775391 0.042969 0.050781
0 0.583984 0.773438 0.050781 0.046875
0 0.626953 0.781250 0.042969 0.046875
0 0.675781 0.779297 0.046875 0.050781
0 0.720703 0.781250 0.042969 0.046875
0 0.275391 0.671875 0.042969 0.031250
0 0.365234 0.677734 0.042969 0.035156
0 0.416016 0.677734 0.042969 0.035156
0 0.498047 0.685547 0.042969 0.035156
0 0.548828 0.685547 0.042969 0.035156
0 0.593750 0.691406 0.046875 0.039062
0 0.298828 0.626953 0.042969 0.042969
0 0.345703 0.632812 0.042969 0.039062
0 0.388672 0.634766 0.042969 0.042969
0 0.433594 0.625000 0.046875 0.054688
0 0.525391 0.638672 0.050781 0.058594
0 0.574219 0.638672 0.046875 0.058594
0 0.619141 0.640625 0.035156 0.054688
0 0.666016 0.644531 0.050781 0.054688
0 0.712891 0.648438 0.050781 0.046875
0 0.681641 0.695312 0.050781 0.039062
0 0.730469 0.695312 0.039062 0.031250
0 0.330078 0.531250 0.050781 0.046875
0 0.376953 0.537109 0.042969 0.042969
0 0.421875 0.539062 0.046875 0.039062
0 0.468750 0.541016 0.039062 0.035156
0 0.511719 0.539062 0.039062 0.031250
0 0.554688 0.541016 0.039062 0.042969
0 0.605469 0.544922 0.046875 0.042969
0 0.689453 0.554688 0.050781 0.046875
0 0.740234 0.556641 0.042969 0.042969
0 0.314453 0.486328 0.042969 0.050781
0 0.357422 0.490234 0.042969 0.058594
0 0.398438 0.496094 0.046875 0.046875
0 0.445312 0.503906 0.046875 0.046875
0 0.488281 0.500000 0.039062 0.054688
0 0.533203 0.503906 0.050781 0.046875
0 0.582031 0.500000 0.046875 0.046875
0 0.628906 0.500000 0.046875 0.046875
0 0.673828 0.503906 0.035156 0.046875
0 0.716797 0.509766 0.050781 0.050781
0 0.886719 0.521484 0.039062 0.042969
0 0.916016 0.496094 0.035156 0.046875
0 0.941406 0.525391 0.031250 0.042969
0 0.974609 0.494141 0.027344 0.042969
0 0.869141 0.628906 0.027344 0.039062
0 0.898438 0.658203 0.031250 0.042969
0 0.927734 0.628906 0.035156 0.039062
0 0.955078 0.656250 0.027344 0.046875
0 0.861328 0.796875 0.027344 0.039062
0 0.914062 0.802734 0.023438 0.042969
0 0.972656 0.804688 0.039062 0.039062
0 0.857422 0.937500 0.035156 0.039062
0 0.886719 0.902344 0.039062 0.031250
0 0.914062 0.941406 0.031250 0.039062
0 0.943359 0.904297 0.035156 0.035156
0 0.968750 0.945312 0.031250 0.039062
