4 0.927734 0.447266 0.113281 0.097656
4 0.917969 0.535156 0.093750 0.085938
4 0.914062 0.625000 0.109375 0.101562
4 0.769531 0.654297 0.125000 0.082031
4 0.771484 0.568359 0.121094 0.105469
4 0.777344 0.457031 0.132812 0.109375
4 0.785156 0.353516 0.117188 0.089844
4 0.671875 0.333984 0.109375 0.113281
4 0.664062 0.447266 0.109375 0.097656
4 0.650391 0.552734 0.113281 0.089844
4 0.646484 0.656250 0.121094 0.117188
4 0.546875 0.341797 0.132812 0.121094
4 0.537109 0.449219 0.144531 0.117188
4 0.527344 0.554688 0.125000 0.109375
4 0.521484 0.644531 0.121094 0.125000
4 0.412109 0.330078 0.113281 0.121094
4 0.392578 0.425781 0.113281 0.109375
4 0.390625 0.521484 0.101562 0.113281
4 0.291016 0.324219 0.121094 0.109375
4 0.277344 0.421875 0.117188 0.117188
4 0.277344 0.507812 0.117188 0.125000
4 0.134766 0.314453 0.113281 0.105469
4 0.130859 0.408203 0.113281 0.128906
4 0.035156 0.310547 0.062500 0.121094
4 0.033203 0.412109 0.058594 0.113281
4 0.384766 0.193359 0.152344 0.105469
4 0.507812 0.191406 0.117188 0.101562
