4 0.814453 0.380859 0.058594 0.058594
4 0.890625 0.391602 0.054688 0.060547
4 0.725586 0.439453 0.060547 0.062500
4 0.799805 0.449219 0.060547 0.058594
4 0.873047 0.462891 0.062500 0.058594
4 0.709961 0.828125 0.064453 0.058594
4 0.784180 0.839844 0.060547 0.058594
4 0.878906 0.852539 0.058594 0.060547
4 0.949219 0.863281 0.054688 0.058594
4 0.696289 0.895508 0.064453 0.060547
4 0.773438 0.908203 0.062500 0.058594
4 0.867188 0.922852 0.058594 0.060547
4 0.939453 0.933594 0.058594 0.054688
4 0.685547 0.964844 0.058594 0.062500
4 0.753906 0.972656 0.050781 0.054688
4 0.852539 0.979492 0.060547 0.041016
4 0.925781 0.987305 0.062500 0.025391
1 0.218750 0.817383 0.042969 0.044922
