0 0.060268 0.066964 0.120536 0.133929
0 0.066964 0.486607 0.133929 0.142857
0 0.066964 0.716518 0.133929 0.165179
0 0.582589 0.053571 0.147321 0.107143
0 0.450893 0.165179 0.160714 0.151786
0 0.446429 0.377232 0.142857 0.129464
0 0.589286 0.484375 0.142857 0.120536
0 0.457589 0.607143 0.156250 0.125000
0 0.578125 0.718750 0.138393 0.133929
0 0.453125 0.839286 0.147321 0.142857
0 0.953125 0.156250 0.093750 0.133929
0 0.953125 0.388393 0.093750 0.142857
0 0.955357 0.600446 0.089286 0.111607
0 0.953125 0.834821 0.093750 0.169643
