1 0.173828 0.562500 0.089844 0.054688
1 0.033203 0.712891 0.058594 0.042969
1 0.455078 0.599609 0.082031 0.042969
1 0.587891 0.478516 0.097656 0.050781
1 0.953125 0.400391 0.093750 0.042969
1 0.962891 0.212891 0.074219 0.035156
1 0.392578 0.457031 0.082031 0.039062
1 0.515625 0.119141 0.054688 0.035156
1 0.449219 0.031250 0.062500 0.031250
1 0.216797 0.117188 0.082031 0.039062
1 0.179688 0.031250 0.062500 0.039062
1 0.072266 0.117188 0.066406 0.031250
1 0.062500 0.083984 0.062500 0.035156
1 0.033203 0.041016 0.050781 0.035156
