0 0.017578 0.925781 0.027344 0.039062
0 0.035156 0.882812 0.039062 0.039062
0 0.078125 0.886719 0.039062 0.039062
0 0.056641 0.927734 0.042969 0.035156
0 0.101562 0.929688 0.039062 0.031250
0 0.125000 0.886719 0.039062 0.039062
0 0.148438 0.931641 0.046875 0.035156
0 0.171875 0.888672 0.039062 0.035156
0 0.218750 0.892578 0.039062 0.035156
0 0.191406 0.935547 0.046875 0.035156
0 0.238281 0.935547 0.039062 0.035156
0 0.263672 0.894531 0.042969 0.039062
0 0.281250 0.937500 0.046875 0.039062
0 0.019531 0.779297 0.031250 0.035156
0 0.058594 0.785156 0.039062 0.031250
0 0.101562 0.787109 0.039062 0.035156
0 0.148438 0.787109 0.039062 0.042969
0 0.191406 0.789062 0.039062 0.039062
0 0.236328 0.792969 0.035156 0.039062
0 0.279297 0.792969 0.042969 0.039062
0 0.302734 0.753906 0.042969 0.039062
0 0.261719 0.750000 0.046875 0.039062
0 0.210938 0.748047 0.039062 0.042969
0 0.171875 0.746094 0.046875 0.039062
0 0.119141 0.744141 0.042969 0.035156
0 0.074219 0.736328 0.046875 0.035156
0 0.035156 0.742188 0.039062 0.039062
0 0.039062 0.638672 0.054688 0.058594
0 0.087891 0.638672 0.042969 0.042969
0 0.134766 0.638672 0.035156 0.042969
0 0.179688 0.640625 0.039062 0.039062
0 0.226562 0.638672 0.039062 0.042969
0 0.269531 0.640625 0.039062 0.039062
0 0.013672 0.537109 0.019531 0.027344
0 0.037109 0.537109 0.019531 0.027344
0 0.056641 0.537109 0.019531 0.027344
0 0.076172 0.539062 0.019531 0.023438
0 0.105469 0.542969 0.015625 0.023438
0 0.142578 0.546875 0.019531 0.031250
0 0.169922 0.548828 0.019531 0.027344
0 0.191406 0.548828 0.023438 0.027344
0 0.210938 0.542969 0.023438 0.023438
0 0.234375 0.550781 0.023438 0.023438
0 0.263672 0.550781 0.019531 0.023438
0 0.281250 0.552734 0.015625 0.027344
0 0.021484 0.292969 0.035156 0.046875
0 0.031250 0.332031 0.039062 0.023438
0 0.074219 0.335938 0.039062 0.023438
0 0.121094 0.343750 0.039062 0.031250
0 0.103516 0.296875 0.050781 0.039062
0 0.169922 0.343750 0.050781 0.046875
0 0.255859 0.351562 0.050781 0.039062
0 0.302734 0.345703 0.035156 0.042969
0 0.326172 0.300781 0.042969 0.046875
0 0.283203 0.300781 0.050781 0.046875
0 0.240234 0.296875 0.042969 0.046875
0 0.195312 0.294922 0.054688 0.042969
0 0.150391 0.291016 0.035156 0.042969
0 0.037109 0.201172 0.035156 0.027344
0 0.083984 0.207031 0.042969 0.031250
0 0.132812 0.201172 0.046875 0.027344
0 0.222656 0.212891 0.046875 0.035156
0 0.267578 0.212891 0.042969 0.035156
0 0.314453 0.216797 0.042969 0.035156
0 0.339844 0.175781 0.046875 0.046875
0 0.287109 0.169922 0.050781 0.042969
0 0.205078 0.166016 0.050781 0.050781
0 0.158203 0.160156 0.042969 0.046875
0 0.115234 0.158203 0.042969 0.050781
0 0.066406 0.160156 0.039062 0.039062
0 0.023438 0.158203 0.039062 0.042969
0 0.322266 0.072266 0.042969 0.027344
0 0.275391 0.076172 0.042969 0.035156
0 0.232422 0.074219 0.042969 0.031250
0 0.185547 0.074219 0.042969 0.039062
0 0.142578 0.070312 0.042969 0.031250
0 0.097656 0.066406 0.039062 0.031250
0 0.054688 0.062500 0.046875 0.031250
0 0.017578 0.064453 0.027344 0.035156
0 0.031250 0.019531 0.039062 0.031250
0 0.074219 0.023438 0.039062 0.039062
0 0.119141 0.025391 0.050781 0.042969
0 0.162109 0.027344 0.042969 0.046875
0 0.208984 0.025391 0.050781 0.042969
0 0.251953 0.031250 0.042969 0.046875
0 0.300781 0.029297 0.046875 0.050781
0 0.345703 0.031250 0.042969 0.046875
0 0.486328 0.046875 0.027344 0.039062
0 0.539062 0.052734 0.023438 0.042969
0 0.597656 0.054688 0.039062 0.039062
0 0.658203 0.056641 0.042969 0.035156
0 0.482422 0.187500 0.035156 0.039062
0 0.511719 0.152344 0.039062 0.031250
0 0.539062 0.191406 0.031250 0.039062
0 0.568359 0.154297 0.035156 0.035156
0 0.593750 0.195312 0.031250 0.039062
0 0.626953 0.162109 0.035156 0.042969
0 0.654297 0.203125 0.035156 0.039062
0 0.689453 0.164062 0.027344 0.046875
0 0.718750 0.195312 0.031250 0.039062
0 0.748047 0.171875 0.035156 0.046875
0 0.769531 0.203125 0.023438 0.031250
0 0.468750 0.304688 0.023438 0.031250
0 0.525391 0.308594 0.027344 0.039062
0 0.589844 0.316406 0.023438 0.039062
0 0.650391 0.320312 0.027344 0.046875
0 0.703125 0.320312 0.031250 0.046875
0 0.753906 0.318359 0.039062 0.035156
0 0.960938 0.005859 0.039062 0.003906
0 0.988281 0.029297 0.023438 0.042969
0 0.929688 0.154297 0.023438 0.035156
0 0.984375 0.162109 0.031250 0.035156
0 0.919922 0.304688 0.035156 0.046875
0 0.953125 0.265625 0.031250 0.039062
0 0.980469 0.300781 0.031250 0.039062
0 0.998047 0.267578 0.003906 0.035156
0 0.910156 0.437500 0.031250 0.039062
0 0.941406 0.406250 0.031250 0.039062
0 0.970703 0.443359 0.035156 0.042969
0 0.867188 0.619141 0.031250 0.035156
0 0.898438 0.591797 0.031250 0.042969
0 0.927734 0.628906 0.027344 0.039062
0 0.958984 0.591797 0.027344 0.042969
0 0.986328 0.626953 0.027344 0.042969
0 0.861328 0.792969 0.027344 0.039062
0 0.892578 0.763672 0.027344 0.042969
0 0.921875 0.794922 0.031250 0.035156
0 0.947266 0.759766 0.035156 0.035156
0 0.976562 0.796875 0.039062 0.046875
0 0.998047 0.767578 0.003906 0.042969
0 0.851562 0.935547 0.031250 0.042969
0 0.882812 0.898438 0.039062 0.039062
0 0.910156 0.931641 0.046875 0.035156
0 0.941406 0.904297 0.031250 0.035156
0 0.968750 0.935547 0.031250 0.035156
