4 0.144531 0.882812 0.093750 0.078125
4 0.226562 0.929688 0.078125 0.078125
4 0.478516 0.876953 0.074219 0.097656
4 0.417969 0.816406 0.078125 0.078125
4 0.412109 0.712891 0.082031 0.082031
4 0.458984 0.617188 0.082031 0.078125
4 0.521484 0.552734 0.074219 0.089844
4 0.576172 0.466797 0.074219 0.082031
4 0.304688 0.371094 0.078125 0.085938
4 0.218750 0.285156 0.078125 0.070312
4 0.312500 0.205078 0.078125 0.082031
4 0.421875 0.320312 0.078125 0.085938
4 0.371094 0.060547 0.109375 0.105469
4 0.640625 0.263672 0.109375 0.105469
