4 0.820312 0.585938 0.039062 0.039062
4 0.939453 0.695312 0.050781 0.046875
4 0.921875 0.750000 0.039062 0.031250
4 0.798828 0.660156 0.027344 0.023438
4 0.798828 0.724609 0.035156 0.027344
4 0.806641 0.750000 0.027344 0.023438
4 0.662109 0.544922 0.042969 0.035156
4 0.660156 0.585938 0.046875 0.031250
4 0.660156 0.623047 0.046875 0.035156
4 0.595703 0.582031 0.035156 0.039062
4 0.601562 0.623047 0.031250 0.027344
4 0.597656 0.699219 0.031250 0.023438
4 0.601562 0.724609 0.031250 0.027344
4 0.613281 0.767578 0.046875 0.042969
4 0.632812 0.822266 0.046875 0.035156
4 0.664062 0.886719 0.039062 0.039062
4 0.611328 0.878906 0.050781 0.046875
4 0.509766 0.593750 0.042969 0.039062
4 0.558594 0.603516 0.031250 0.027344
4 0.507812 0.660156 0.031250 0.023438
4 0.396484 0.273438 0.042969 0.039062
4 0.351562 0.277344 0.039062 0.039062
4 0.281250 0.275391 0.046875 0.042969
4 0.236328 0.662109 0.035156 0.027344
4 0.236328 0.693359 0.035156 0.027344
4 0.287109 0.691406 0.027344 0.031250
4 0.335938 0.691406 0.031250 0.031250
4 0.388672 0.687500 0.027344 0.023438
4 0.111328 0.953125 0.027344 0.031250
4 0.357422 0.730469 0.019531 0.023438
4 0.357422 0.753906 0.019531 0.023438
4 0.330078 0.753906 0.019531 0.023438
4 0.333984 0.730469 0.019531 0.023438
4 0.294922 0.730469 0.019531 0.023438
4 0.291016 0.750000 0.019531 0.023438
4 0.267578 0.746094 0.019531 0.023438
4 0.267578 0.726562 0.019531 0.023438
