4 0.228516 0.761719 0.105469 0.117188
4 0.367188 0.818359 0.117188 0.121094
4 0.505859 0.875000 0.121094 0.109375
4 0.312500 0.945312 0.109375 0.109375
4 0.187500 0.882812 0.140625 0.117188
4 0.212891 0.998047 0.089844 0.003906
4 0.119141 0.042969 0.113281 0.078125
4 0.310547 0.054688 0.128906 0.101562
4 0.443359 0.097656 0.113281 0.109375
4 0.580078 0.150391 0.113281 0.121094
4 0.517578 0.283203 0.121094 0.121094
4 0.380859 0.222656 0.113281 0.117188
4 0.251953 0.167969 0.113281 0.109375
4 0.076172 0.150391 0.144531 0.121094
4 0.171875 0.330078 0.117188 0.121094
4 0.117188 0.458984 0.117188 0.121094
4 0.306641 0.386719 0.128906 0.117188
4 0.250000 0.515625 0.125000 0.101562
4 0.447266 0.449219 0.113281 0.125000
4 0.384766 0.580078 0.121094 0.121094
4 0.675781 0.390625 0.125000 0.125000
4 0.802734 0.445312 0.121094 0.101562
4 0.607422 0.519531 0.113281 0.117188
4 0.748047 0.574219 0.121094 0.117188
4 0.548828 0.648438 0.105469 0.109375
4 0.697266 0.701172 0.136719 0.121094
4 0.943359 0.654297 0.113281 0.121094
4 0.875000 0.779297 0.117188 0.113281
