4 0.044922 0.503906 0.082031 0.093750
4 0.054688 0.626953 0.101562 0.105469
4 0.062500 0.757812 0.093750 0.093750
4 0.082031 0.890625 0.117188 0.109375
4 0.199219 0.539062 0.132812 0.140625
4 0.347656 0.511719 0.109375 0.132812
4 0.478516 0.484375 0.121094 0.140625
4 0.621094 0.457031 0.117188 0.140625
4 0.363281 0.722656 0.117188 0.125000
4 0.500000 0.701172 0.117188 0.128906
4 0.632812 0.671875 0.117188 0.132812
4 0.386719 0.890625 0.132812 0.125000
4 0.521484 0.861328 0.128906 0.144531
4 0.669922 0.839844 0.128906 0.148438
