4 0.544922 0.857422 0.105469 0.128906
4 0.693359 0.871094 0.128906 0.140625
4 0.820312 0.875000 0.109375 0.132812
4 0.552734 0.677734 0.128906 0.128906
4 0.685547 0.693359 0.113281 0.128906
4 0.830078 0.705078 0.128906 0.136719
4 0.619141 0.509766 0.105469 0.113281
4 0.746094 0.521484 0.093750 0.128906
4 0.847656 0.535156 0.085938 0.109375
4 0.933594 0.443359 0.101562 0.113281
4 0.769531 0.386719 0.109375 0.109375
4 0.644531 0.378906 0.109375 0.101562
4 0.707031 0.121094 0.117188 0.117188
4 0.806641 0.220703 0.128906 0.113281
4 0.900391 0.097656 0.113281 0.140625
