4 0.718750 0.162109 0.101562 0.089844
4 0.617188 0.222656 0.093750 0.093750
4 0.683594 0.306641 0.093750 0.089844
4 0.779297 0.244141 0.097656 0.089844
4 0.841797 0.335938 0.105469 0.078125
4 0.750000 0.408203 0.093750 0.097656
4 0.929688 0.423828 0.125000 0.113281
4 0.814453 0.494141 0.105469 0.113281
4 0.904297 0.601562 0.128906 0.117188
4 0.615234 0.496094 0.121094 0.109375
4 0.498047 0.572266 0.113281 0.105469
4 0.685547 0.599609 0.113281 0.105469
4 0.580078 0.671875 0.121094 0.109375
4 0.773438 0.693359 0.132812 0.121094
4 0.664062 0.779297 0.140625 0.128906
