2 0.200195 0.312500 0.056641 0.082031
2 0.304688 0.319336 0.074219 0.111328
2 0.372070 0.274414 0.064453 0.103516
2 0.554688 0.313477 0.066406 0.095703
2 0.632812 0.310547 0.066406 0.113281
2 0.710938 0.280273 0.062500 0.087891
2 0.788086 0.291992 0.064453 0.095703
2 0.188477 0.527344 0.052734 0.121094
2 0.272461 0.526367 0.068359 0.130859
2 0.389648 0.539062 0.060547 0.093750
2 0.498047 0.534180 0.042969 0.076172
2 0.624023 0.511719 0.068359 0.105469
2 0.734375 0.500000 0.050781 0.070312
2 0.912109 0.514648 0.054688 0.072266
2 0.810547 0.514648 0.054688 0.080078
