4 0.572266 0.864258 0.058594 0.056641
4 0.575195 0.786133 0.052734 0.064453
4 0.637695 0.779297 0.052734 0.066406
4 0.705078 0.767578 0.050781 0.070312
4 0.754883 0.900391 0.052734 0.066406
4 0.801758 0.833984 0.044922 0.062500
4 0.858398 0.777344 0.060547 0.062500
4 0.903320 0.720703 0.048828 0.070312
4 0.971680 0.725586 0.052734 0.064453
4 0.516602 0.703125 0.056641 0.066406
4 0.571289 0.647461 0.052734 0.068359
4 0.643555 0.661133 0.056641 0.068359
4 0.690430 0.599609 0.056641 0.066406
4 0.767578 0.584961 0.058594 0.068359
4 0.757812 0.502930 0.054688 0.064453
4 0.947266 0.358398 0.062500 0.068359
4 0.930664 0.272461 0.068359 0.068359
4 0.857422 0.302734 0.054688 0.062500
4 0.852539 0.191406 0.064453 0.070312
4 0.808594 0.252930 0.062500 0.064453
4 0.752930 0.202148 0.060547 0.064453
