2 0.116211 0.123047 0.072266 0.058594
2 0.365234 0.122070 0.074219 0.060547
2 0.619141 0.119141 0.078125 0.066406
2 0.871094 0.121094 0.078125 0.070312
2 0.116211 0.368164 0.076172 0.072266
2 0.368164 0.369141 0.072266 0.078125
2 0.619141 0.367188 0.070312 0.078125
2 0.869141 0.365234 0.074219 0.082031
2 0.118164 0.618164 0.076172 0.080078
2 0.370117 0.614258 0.064453 0.083984
2 0.613281 0.618164 0.078125 0.083984
2 0.875000 0.615234 0.054688 0.070312
2 0.132812 0.868164 0.074219 0.080078
2 0.379883 0.865234 0.064453 0.078125
2 0.632812 0.869141 0.074219 0.074219
2 0.879883 0.869141 0.080078 0.074219
