0 0.294922 0.171875 0.042969 0.039062
0 0.318359 0.132812 0.042969 0.039062
0 0.339844 0.177734 0.039062 0.035156
0 0.363281 0.132812 0.039062 0.039062
0 0.382812 0.175781 0.046875 0.039062
0 0.410156 0.132812 0.039062 0.039062
0 0.453125 0.136719 0.039062 0.039062
0 0.431641 0.177734 0.042969 0.035156
0 0.476562 0.179688 0.039062 0.031250
0 0.500000 0.136719 0.039062 0.039062
0 0.523438 0.181641 0.046875 0.035156
0 0.546875 0.138672 0.039062 0.035156
0 0.593750 0.142578 0.039062 0.035156
0 0.566406 0.185547 0.046875 0.035156
0 0.613281 0.185547 0.039062 0.035156
0 0.638672 0.144531 0.042969 0.039062
0 0.656250 0.187500 0.046875 0.039062
0 0.664062 0.283203 0.046875 0.042969
0 0.302734 0.029297 0.035156 0.035156
0 0.347656 0.031250 0.039062 0.039062
0 0.390625 0.029297 0.039062 0.035156
0 0.433594 0.035156 0.039062 0.031250
0 0.476562 0.037109 0.039062 0.035156
0 0.523438 0.037109 0.039062 0.042969
0 0.566406 0.039062 0.039062 0.039062
0 0.611328 0.042969 0.035156 0.039062
0 0.654297 0.042969 0.042969 0.039062
0 0.900391 0.662109 0.011719 0.019531
0 0.912109 0.675781 0.011719 0.023438
0 0.921875 0.664062 0.015625 0.023438
0 0.927734 0.675781 0.011719 0.023438
0 0.951172 0.664062 0.011719 0.023438
0 0.958984 0.675781 0.011719 0.023438
0 0.966797 0.662109 0.011719 0.027344
0 0.978516 0.677734 0.011719 0.027344
0 0.914062 0.613281 0.015625 0.023438
0 0.925781 0.605469 0.015625 0.023438
0 0.931641 0.617188 0.011719 0.023438
0 0.958984 0.603516 0.011719 0.019531
0 0.939453 0.601562 0.011719 0.023438
0 0.947266 0.619141 0.019531 0.027344
0 0.976562 0.605469 0.015625 0.023438
0 0.964844 0.615234 0.015625 0.019531
0 0.910156 0.537109 0.015625 0.019531
0 0.917969 0.552734 0.015625 0.019531
0 0.929688 0.539062 0.015625 0.023438
0 0.937500 0.552734 0.015625 0.019531
0 0.945312 0.542969 0.015625 0.023438
0 0.962891 0.539062 0.011719 0.023438
0 0.955078 0.550781 0.011719 0.023438
0 0.978516 0.542969 0.011719 0.023438
0 0.921875 0.490234 0.015625 0.027344
0 0.931641 0.478516 0.011719 0.027344
0 0.941406 0.496094 0.015625 0.031250
0 0.957031 0.496094 0.015625 0.031250
0 0.974609 0.492188 0.011719 0.023438
0 0.984375 0.480469 0.015625 0.023438
