4 0.814453 0.176758 0.070312 0.056641
4 0.886719 0.188477 0.062500 0.056641
4 0.721680 0.234375 0.064453 0.054688
4 0.796875 0.246094 0.066406 0.058594
4 0.875000 0.257812 0.074219 0.058594
4 0.708984 0.625977 0.074219 0.064453
4 0.784180 0.634766 0.068359 0.054688
4 0.873047 0.648438 0.062500 0.058594
4 0.943359 0.657227 0.062500 0.060547
4 0.935547 0.732422 0.066406 0.062500
4 0.870117 0.716797 0.064453 0.050781
4 0.776367 0.701172 0.068359 0.054688
4 0.701172 0.692383 0.078125 0.056641
4 0.682617 0.762695 0.076172 0.056641
4 0.751953 0.777344 0.050781 0.054688
4 0.851562 0.783203 0.066406 0.058594
4 0.930664 0.798828 0.068359 0.058594
1 0.311523 0.841797 0.029297 0.039062
