2 0.115234 0.125977 0.082031 0.048828
2 0.368164 0.125977 0.076172 0.037109
2 0.616211 0.124023 0.072266 0.044922
2 0.871094 0.124023 0.078125 0.052734
2 0.114258 0.369141 0.080078 0.062500
2 0.369141 0.371094 0.074219 0.066406
2 0.615234 0.372070 0.074219 0.064453
2 0.864258 0.370117 0.064453 0.068359
2 0.121094 0.619141 0.070312 0.078125
2 0.370117 0.615234 0.076172 0.089844
2 0.621094 0.622070 0.058594 0.076172
2 0.871094 0.617188 0.074219 0.089844
2 0.124023 0.874023 0.064453 0.083984
2 0.375977 0.875000 0.044922 0.070312
2 0.625977 0.873047 0.052734 0.078125
2 0.877930 0.869141 0.064453 0.093750
