2 0.067383 0.341797 0.080078 0.136719
2 0.173828 0.541016 0.058594 0.140625
2 0.248047 0.530273 0.062500 0.154297
2 0.317383 0.522461 0.064453 0.138672
2 0.397461 0.499023 0.068359 0.130859
2 0.476562 0.501953 0.066406 0.121094
2 0.439453 0.333984 0.082031 0.179688
2 0.519531 0.354492 0.078125 0.142578
2 0.577148 0.508789 0.052734 0.087891
2 0.696289 0.500977 0.068359 0.142578
2 0.790039 0.475586 0.068359 0.146484
2 0.200195 0.953125 0.056641 0.082031
2 0.304688 0.951172 0.074219 0.093750
2 0.372070 0.915039 0.064453 0.103516
2 0.554688 0.952148 0.066406 0.091797
2 0.632812 0.946289 0.066406 0.103516
2 0.710938 0.920898 0.062500 0.087891
2 0.788086 0.932617 0.064453 0.095703
