2 0.122070 0.122070 0.076172 0.080078
2 0.377930 0.125977 0.083984 0.072266
2 0.623047 0.125000 0.078125 0.070312
2 0.873047 0.123047 0.078125 0.070312
2 0.125977 0.377930 0.083984 0.060547
2 0.374023 0.377930 0.080078 0.060547
2 0.622070 0.376953 0.080078 0.050781
2 0.875000 0.378906 0.078125 0.050781
2 0.123047 0.627930 0.074219 0.041016
2 0.367188 0.628906 0.074219 0.039062
2 0.613281 0.627930 0.089844 0.052734
2 0.870117 0.627930 0.087891 0.052734
2 0.117188 0.879883 0.074219 0.041016
2 0.366211 0.875977 0.087891 0.068359
2 0.618164 0.877930 0.087891 0.072266
2 0.870117 0.875977 0.080078 0.072266
