1 0.235926 0.056264 0.043379 0.050306
1 0.399481 0.195269 0.020804 0.034420
1 0.374030 0.322359 0.024788 0.035744
1 0.151382 0.565948 0.034526 0.033096
1 0.136111 0.674504 0.036739 0.039716
1 0.213794 0.825092 0.037182 0.033758
1 0.267132 0.936296 0.037624 0.035082
1 0.298781 0.646372 0.031870 0.032434
1 0.359865 0.484531 0.030985 0.037068
1 0.430466 0.672518 0.029657 0.039716
1 0.462115 0.501741 0.031870 0.046335
1 0.458145 0.150630 0.021606 0.040957
1 0.498010 0.291931 0.028910 0.045052
1 0.534984 0.416621 0.034692 0.052334
1 0.569371 0.670781 0.033475 0.044597
1 0.570345 0.188104 0.018476 0.034820
1 0.649942 0.149310 0.014679 0.023087
1 0.600083 0.260204 0.018729 0.032171
1 0.640072 0.336846 0.022778 0.032549
1 0.639800 0.219069 0.014284 0.024486
1 0.736301 0.240689 0.023341 0.033342
1 0.707211 0.335245 0.018813 0.032821
1 0.656522 0.539727 0.017767 0.029174
1 0.708806 0.677349 0.023133 0.031826
1 0.710426 0.824719 0.022671 0.023524
1 0.684053 0.444046 0.018111 0.028211
1 0.793357 0.791545 0.013140 0.020879
