0 0.397321 0.198661 0.142857 0.129464
0 0.261161 0.303571 0.138393 0.098214
0 0.399554 0.426339 0.138393 0.120536
0 0.263393 0.535714 0.142857 0.125000
0 0.397321 0.636161 0.142857 0.102679
0 0.276786 0.750000 0.142857 0.116071
0 0.401786 0.850446 0.142857 0.156250
0 0.281250 0.953125 0.133929 0.093750
0 0.926339 0.203125 0.138393 0.147321
0 0.805804 0.319196 0.129464 0.120536
0 0.921875 0.428571 0.147321 0.125000
0 0.796875 0.540179 0.129464 0.125000
0 0.930804 0.654018 0.138393 0.111607
0 0.801339 0.763393 0.138393 0.125000
0 0.933036 0.879464 0.133929 0.116071
0 0.805804 0.957589 0.129464 0.084821
