0 0.667969 0.902344 0.023438 0.023438
0 0.697266 0.910156 0.019531 0.023438
0 0.728516 0.908203 0.027344 0.027344
0 0.759766 0.912109 0.027344 0.027344
0 0.787109 0.912109 0.019531 0.027344
0 0.806641 0.912109 0.019531 0.027344
0 0.826172 0.914062 0.019531 0.023438
0 0.855469 0.917969 0.015625 0.023438
0 0.892578 0.921875 0.019531 0.031250
0 0.919922 0.923828 0.019531 0.027344
0 0.941406 0.923828 0.023438 0.027344
0 0.960938 0.917969 0.023438 0.023438
0 0.984375 0.925781 0.023438 0.023438
0 0.648438 0.703125 0.046875 0.031250
0 0.671875 0.666016 0.046875 0.035156
0 0.736328 0.707031 0.050781 0.023438
0 0.761719 0.667969 0.054688 0.046875
0 0.781250 0.707031 0.039062 0.023438
0 0.824219 0.710938 0.039062 0.023438
0 0.871094 0.718750 0.039062 0.031250
0 0.853516 0.671875 0.050781 0.039062
0 0.919922 0.718750 0.050781 0.046875
0 0.945312 0.669922 0.054688 0.042969
0 0.900391 0.666016 0.035156 0.042969
0 0.478516 0.904297 0.042969 0.050781
0 0.425781 0.900391 0.046875 0.042969
0 0.382812 0.892578 0.046875 0.035156
0 0.343750 0.892578 0.039062 0.035156
0 0.654297 0.566406 0.042969 0.031250
0 0.703125 0.570312 0.039062 0.031250
0 0.746094 0.572266 0.039062 0.027344
0 0.787109 0.576172 0.035156 0.027344
0 0.833984 0.582031 0.042969 0.031250
0 0.882812 0.576172 0.046875 0.027344
0 0.972656 0.587891 0.046875 0.035156
0 0.998047 0.587891 0.003906 0.035156
0 0.955078 0.541016 0.050781 0.050781
0 0.908203 0.535156 0.042969 0.046875
0 0.865234 0.533203 0.042969 0.050781
0 0.816406 0.535156 0.039062 0.039062
0 0.773438 0.533203 0.039062 0.042969
0 0.728516 0.529297 0.042969 0.042969
0 0.679688 0.529297 0.046875 0.042969
0 0.980469 0.449219 0.039062 0.031250
0 0.935547 0.449219 0.042969 0.039062
0 0.892578 0.445312 0.042969 0.031250
0 0.847656 0.441406 0.039062 0.031250
0 0.804688 0.437500 0.046875 0.031250
0 0.759766 0.439453 0.042969 0.035156
0 0.710938 0.431641 0.046875 0.035156
0 0.666016 0.431641 0.035156 0.035156
0 0.644531 0.376953 0.039062 0.035156
0 0.693359 0.380859 0.042969 0.042969
0 0.736328 0.380859 0.042969 0.042969
0 0.781250 0.384766 0.039062 0.050781
0 0.824219 0.394531 0.039062 0.046875
0 0.869141 0.400391 0.050781 0.042969
0 0.912109 0.400391 0.042969 0.050781
0 0.958984 0.398438 0.050781 0.046875
0 0.650391 0.296875 0.042969 0.031250
0 0.740234 0.302734 0.042969 0.035156
0 0.791016 0.302734 0.042969 0.035156
0 0.873047 0.310547 0.042969 0.035156
0 0.923828 0.310547 0.042969 0.035156
0 0.968750 0.316406 0.046875 0.039062
0 0.673828 0.251953 0.042969 0.042969
0 0.720703 0.257812 0.042969 0.039062
0 0.763672 0.259766 0.042969 0.042969
0 0.808594 0.250000 0.046875 0.054688
0 0.900391 0.263672 0.050781 0.058594
0 0.949219 0.263672 0.046875 0.058594
0 0.705078 0.156250 0.050781 0.046875
0 0.751953 0.162109 0.042969 0.042969
0 0.796875 0.164062 0.046875 0.039062
0 0.843750 0.166016 0.039062 0.035156
0 0.886719 0.164062 0.039062 0.031250
0 0.929688 0.166016 0.039062 0.042969
0 0.978516 0.169922 0.042969 0.042969
0 0.689453 0.111328 0.042969 0.050781
0 0.732422 0.115234 0.042969 0.058594
0 0.773438 0.121094 0.046875 0.046875
0 0.820312 0.128906 0.046875 0.046875
0 0.863281 0.125000 0.039062 0.054688
0 0.908203 0.128906 0.050781 0.046875
0 0.957031 0.125000 0.046875 0.046875
