4 0.018555 0.061523 0.064453 0.052734
4 0.087891 0.031250 0.062500 0.054688
4 0.044922 0.125977 0.058594 0.048828
4 0.114258 0.097656 0.060547 0.050781
4 0.142578 0.169922 0.062500 0.054688
4 0.073242 0.196289 0.064453 0.052734
4 0.097656 0.260742 0.066406 0.052734
4 0.167969 0.237305 0.062500 0.052734
4 0.121094 0.327148 0.058594 0.052734
4 0.190430 0.302734 0.060547 0.054688
4 0.164062 0.395508 0.058594 0.052734
4 0.232422 0.371094 0.058594 0.046875
4 0.307617 0.380859 0.056641 0.054688
4 0.219727 0.439453 0.060547 0.054688
4 0.291992 0.450195 0.060547 0.052734
4 0.279297 0.042969 0.062500 0.050781
4 0.210938 0.067383 0.062500 0.052734
4 0.238281 0.135742 0.062500 0.052734
4 0.309570 0.111328 0.060547 0.058594
4 0.333008 0.179688 0.060547 0.058594
4 0.261719 0.202148 0.062500 0.052734
4 0.288086 0.269531 0.060547 0.054688
4 0.359375 0.245117 0.054688 0.048828
4 0.444336 0.221680 0.060547 0.052734
4 0.432617 0.291016 0.064453 0.054688
4 0.514648 0.233398 0.056641 0.056641
4 0.503906 0.301758 0.054688 0.052734
4 0.592773 0.247070 0.072266 0.056641
4 0.572266 0.312500 0.062500 0.054688
4 0.656250 0.330078 0.058594 0.054688
4 0.668945 0.258789 0.052734 0.052734
4 0.727539 0.303711 0.056641 0.056641
4 0.748047 0.234375 0.070312 0.058594
4 0.684570 0.190430 0.052734 0.052734
4 0.751953 0.166992 0.054688 0.052734
4 0.798828 0.487305 0.046875 0.048828
4 0.853516 0.497070 0.046875 0.044922
4 0.906250 0.504883 0.042969 0.044922
4 0.961914 0.511719 0.052734 0.042969
4 0.984375 0.605469 0.050781 0.042969
4 0.897461 0.573242 0.041016 0.041016
4 0.845703 0.570312 0.054688 0.050781
4 0.770508 0.552734 0.041016 0.042969
4 0.765625 0.603516 0.046875 0.042969
4 0.834961 0.614258 0.044922 0.044922
4 0.894531 0.623047 0.058594 0.050781
4 0.959961 0.651367 0.048828 0.044922
4 0.791016 0.374023 0.046875 0.048828
4 0.847656 0.381836 0.050781 0.041016
4 0.786133 0.424805 0.048828 0.044922
4 0.839844 0.428711 0.050781 0.044922
1 0.148438 0.770508 0.171875 0.052734
