2 0.125000 0.119141 0.078125 0.050781
2 0.375000 0.117188 0.085938 0.058594
2 0.623047 0.120117 0.078125 0.060547
2 0.874023 0.134766 0.048828 0.070312
2 0.125977 0.375977 0.056641 0.076172
2 0.376953 0.374023 0.062500 0.083984
2 0.622070 0.368164 0.083984 0.091797
2 0.875000 0.370117 0.082031 0.072266
2 0.122070 0.622070 0.091797 0.076172
2 0.375977 0.617188 0.091797 0.062500
2 0.626953 0.620117 0.085938 0.056641
2 0.875000 0.619141 0.089844 0.058594
2 0.120117 0.872070 0.091797 0.056641
2 0.373047 0.874023 0.078125 0.029297
2 0.615234 0.869141 0.089844 0.042969
2 0.869141 0.874023 0.085938 0.052734
