1 0.044922 0.075195 0.027344 0.037109
1 0.091797 0.251953 0.031250 0.031250
1 0.052734 0.227539 0.015625 0.033203
1 0.008789 0.187500 0.021484 0.042969
1 0.200195 0.361328 0.044922 0.019531
1 0.229492 0.436523 0.048828 0.013672
1 0.095703 0.461914 0.042969 0.013672
1 0.363281 0.466797 0.046875 0.019531
1 0.508789 0.542969 0.064453 0.027344
1 0.226562 0.583008 0.050781 0.013672
1 0.021484 0.597656 0.066406 0.027344
1 0.218750 0.707031 0.062500 0.023438
1 0.517578 0.729492 0.054688 0.041016
1 0.372070 0.902344 0.033203 0.062500
