2 0.968750 0.623047 0.058594 0.050781
2 0.951172 0.472656 0.066406 0.109375
2 0.878906 0.481445 0.054688 0.076172
2 0.798828 0.474609 0.062500 0.132812
2 0.726562 0.500977 0.050781 0.072266
2 0.651367 0.507812 0.052734 0.054688
2 0.580078 0.510742 0.046875 0.080078
2 0.500977 0.500000 0.044922 0.062500
2 0.426758 0.506836 0.048828 0.076172
2 0.737305 0.628906 0.064453 0.101562
2 0.661133 0.607422 0.044922 0.070312
2 0.354492 0.631836 0.060547 0.076172
2 0.427734 0.620117 0.046875 0.064453
2 0.345703 0.505859 0.058594 0.113281
2 0.266602 0.503906 0.048828 0.089844
2 0.279297 0.620117 0.054688 0.080078
2 0.199219 0.622070 0.054688 0.080078
2 0.190430 0.499023 0.048828 0.083984
2 0.125000 0.622070 0.054688 0.119141
2 0.118164 0.500977 0.060547 0.091797
2 0.036133 0.509766 0.064453 0.117188
2 0.049805 0.641602 0.052734 0.095703
2 0.930664 0.208008 0.052734 0.083984
2 0.531250 0.204102 0.058594 0.087891
2 0.456055 0.205078 0.048828 0.078125
2 0.386719 0.208008 0.054688 0.083984
2 0.312500 0.212891 0.062500 0.121094
2 0.166016 0.223633 0.046875 0.080078
2 0.088867 0.225586 0.056641 0.087891
