2 0.125000 0.130859 0.074219 0.035156
2 0.365234 0.128906 0.074219 0.042969
2 0.621094 0.128906 0.085938 0.050781
2 0.874023 0.128906 0.080078 0.050781
2 0.122070 0.377930 0.076172 0.052734
2 0.373047 0.377930 0.082031 0.056641
2 0.619141 0.377930 0.078125 0.060547
2 0.868164 0.381836 0.083984 0.064453
2 0.125000 0.628906 0.074219 0.066406
2 0.366211 0.628906 0.076172 0.066406
2 0.620117 0.627930 0.076172 0.072266
2 0.876953 0.634766 0.078125 0.078125
2 0.118164 0.875977 0.072266 0.087891
2 0.370117 0.885742 0.060547 0.068359
2 0.623047 0.883789 0.039062 0.048828
2 0.868164 0.881836 0.041016 0.056641
