4 0.341797 0.964844 0.113281 0.070312
4 0.267578 0.908203 0.113281 0.089844
4 0.195312 0.837891 0.125000 0.089844
4 0.109375 0.763672 0.125000 0.097656
4 0.050781 0.687500 0.093750 0.109375
4 0.505859 0.968750 0.136719 0.062500
4 0.433594 0.916016 0.101562 0.097656
4 0.349609 0.843750 0.113281 0.101562
4 0.273438 0.775391 0.117188 0.105469
4 0.193359 0.699219 0.136719 0.109375
4 0.115234 0.636719 0.121094 0.093750
4 0.056641 0.558594 0.105469 0.093750
4 0.779297 0.919922 0.136719 0.097656
4 0.695312 0.964844 0.117188 0.070312
4 0.626953 0.914062 0.121094 0.101562
4 0.707031 0.849609 0.132812 0.105469
4 0.626953 0.785156 0.144531 0.109375
4 0.527344 0.832031 0.140625 0.117188
4 0.466797 0.763672 0.121094 0.121094
4 0.550781 0.703125 0.132812 0.109375
4 0.478516 0.634766 0.144531 0.121094
4 0.390625 0.697266 0.140625 0.105469
4 0.398438 0.562500 0.148438 0.109375
4 0.312500 0.619141 0.140625 0.097656
4 0.238281 0.544922 0.140625 0.105469
4 0.324219 0.486328 0.132812 0.097656
4 0.164062 0.486328 0.125000 0.097656
4 0.232422 0.421875 0.121094 0.101562
4 0.947266 0.105469 0.105469 0.101562
4 0.962891 0.210938 0.074219 0.093750
4 0.863281 0.228516 0.125000 0.097656
4 0.832031 0.111328 0.132812 0.121094
