3 0.725586 0.421875 0.146484 0.156250
3 0.826172 0.123047 0.031250 0.242188
4 0.028320 0.813477 0.060547 0.052734
4 0.052734 0.878906 0.062500 0.050781
4 0.083008 0.947266 0.060547 0.058594
4 0.829102 0.700195 0.064453 0.052734
4 0.895508 0.729492 0.056641 0.060547
4 0.961914 0.802734 0.056641 0.054688
4 0.873047 0.793945 0.074219 0.060547
4 0.801758 0.764648 0.072266 0.056641
4 0.769531 0.832031 0.074219 0.058594
4 0.843750 0.857422 0.066406 0.058594
4 0.921875 0.883789 0.058594 0.060547
4 0.894531 0.948242 0.058594 0.060547
4 0.960938 0.976562 0.062500 0.050781
