2 0.122070 0.114258 0.076172 0.041016
2 0.368164 0.115234 0.064453 0.031250
2 0.621094 0.117188 0.078125 0.039062
2 0.874023 0.119141 0.080078 0.046875
2 0.128906 0.374023 0.085938 0.056641
2 0.377930 0.372070 0.080078 0.052734
2 0.623047 0.374023 0.089844 0.060547
2 0.875977 0.374023 0.080078 0.064453
2 0.127930 0.626953 0.076172 0.066406
2 0.377930 0.625977 0.080078 0.072266
2 0.624023 0.627930 0.083984 0.083984
2 0.877930 0.627930 0.076172 0.076172
2 0.120117 0.881836 0.072266 0.072266
2 0.373047 0.877930 0.070312 0.080078
2 0.629883 0.882812 0.060547 0.070312
2 0.878906 0.881836 0.054688 0.064453
