1 0.150000 0.323750 0.012500 0.012500
1 0.088125 0.210625 0.028750 0.026250
1 0.678125 0.639375 0.018750 0.008750
1 0.260000 0.407500 0.017500 0.015000
1 0.271250 0.425000 0.015000 0.017500
1 0.331250 0.492500 0.025000 0.022500
1 0.375000 0.515625 0.017500 0.016250
1 0.384375 0.535625 0.018750 0.018750
1 0.064375 0.188125 0.018750 0.016250
1 0.107500 0.236875 0.022500 0.021250
1 0.403125 0.527500 0.018750 0.017500
1 0.041250 0.165625 0.027500 0.026250
1 0.405625 0.550000 0.018750 0.015000
1 0.228125 0.423750 0.023750 0.020000
1 0.536250 0.613125 0.017500 0.013750
1 0.275625 0.451250 0.018750 0.020000
1 0.130625 0.257500 0.016250 0.025000
1 0.118125 0.313750 0.013750 0.015000
1 0.174375 0.387500 0.021250 0.020000
1 0.183750 0.383125 0.022500 0.021250
