2 0.416992 0.228516 0.072266 0.109375
2 0.559570 0.235352 0.087891 0.123047
2 0.636719 0.233398 0.066406 0.119141
2 0.637695 0.519531 0.080078 0.109375
2 0.708984 0.536133 0.082031 0.119141
2 0.772461 0.547852 0.068359 0.103516
2 0.849609 0.547852 0.066406 0.107422
2 0.915039 0.565430 0.076172 0.115234
2 0.500977 0.698242 0.068359 0.107422
2 0.567383 0.716797 0.076172 0.121094
2 0.639648 0.723633 0.068359 0.115234
2 0.714844 0.716797 0.074219 0.117188
2 0.790039 0.729492 0.068359 0.115234
2 0.857422 0.747070 0.066406 0.103516
2 0.922852 0.756836 0.060547 0.103516
