1 0.038125 0.225000 0.023750 0.017500
1 0.666250 0.114375 0.032500 0.013750
1 0.011875 0.240625 0.023750 0.028750
1 0.657500 0.123750 0.037500 0.015000
1 0.585625 0.099375 0.028750 0.016250
1 0.399375 0.211875 0.041250 0.008750
1 0.529375 0.086250 0.033750 0.015000
1 0.332500 0.102500 0.040000 0.017500
1 0.501875 0.211875 0.013750 0.006250
1 0.632500 0.109375 0.035000 0.011250
1 0.860625 0.373125 0.018750 0.016250
1 0.526250 0.097500 0.025000 0.015000
1 0.782500 0.155625 0.065000 0.031250
1 0.484375 0.085625 0.053750 0.011250
1 0.296250 0.113125 0.035000 0.011250
1 0.841250 0.278750 0.055000 0.037500
1 0.913750 0.214375 0.052500 0.038750
1 0.436250 0.087500 0.045000 0.010000
1 0.200625 0.134375 0.048750 0.023750
1 0.441875 0.096250 0.038750 0.010000
1 0.140625 0.165625 0.031250 0.016250
1 0.988125 0.254375 0.021250 0.018750
1 0.991250 0.395625 0.017500 0.023750
1 0.391250 0.088125 0.032500 0.008750
1 0.386875 0.100625 0.046250 0.016250
1 0.674375 0.201875 0.041250 0.021250
