4 0.048828 0.486328 0.089844 0.105469
4 0.142578 0.468750 0.082031 0.101562
4 0.246094 0.449219 0.093750 0.117188
4 0.201172 0.607422 0.089844 0.089844
4 0.294922 0.591797 0.089844 0.097656
4 0.218750 0.718750 0.078125 0.101562
4 0.308594 0.707031 0.085938 0.101562
4 0.113281 0.304688 0.101562 0.093750
4 0.101562 0.185547 0.101562 0.121094
4 0.220703 0.150391 0.089844 0.105469
4 0.244141 0.271484 0.105469 0.113281
4 0.500000 0.957031 0.109375 0.085938
4 0.470703 0.816406 0.097656 0.125000
4 0.609375 0.875000 0.117188 0.125000
4 0.595703 0.697266 0.105469 0.128906
4 0.775391 0.839844 0.105469 0.132812
4 0.751953 0.669922 0.136719 0.128906
4 0.882812 0.636719 0.101562 0.132812
4 0.902344 0.808594 0.109375 0.132812
