4 0.917969 0.517578 0.132812 0.089844
4 0.898438 0.429688 0.132812 0.093750
4 0.876953 0.335938 0.128906 0.093750
4 0.667969 0.822266 0.109375 0.097656
4 0.652344 0.923828 0.117188 0.089844
4 0.552734 0.822266 0.113281 0.097656
4 0.542969 0.910156 0.093750 0.085938
4 0.396484 0.943359 0.121094 0.105469
4 0.402344 0.832031 0.132812 0.109375
4 0.410156 0.728516 0.117188 0.089844
4 0.296875 0.708984 0.109375 0.113281
4 0.289062 0.822266 0.109375 0.097656
4 0.275391 0.927734 0.113281 0.089844
4 0.171875 0.716797 0.132812 0.121094
4 0.162109 0.824219 0.144531 0.117188
4 0.152344 0.929688 0.125000 0.109375
4 0.048828 0.705078 0.089844 0.121094
4 0.039062 0.800781 0.070312 0.109375
4 0.035156 0.896484 0.062500 0.113281
4 0.044922 0.568359 0.082031 0.105469
4 0.341797 0.330078 0.105469 0.074219
4 0.451172 0.162109 0.082031 0.097656
4 0.535156 0.164062 0.085938 0.101562
4 0.705078 0.125000 0.089844 0.085938
4 0.693359 0.037109 0.074219 0.066406
4 0.132812 0.566406 0.117188 0.101562
