4 0.285156 0.869141 0.117188 0.113281
4 0.291016 0.712891 0.105469 0.128906
4 0.416016 0.699219 0.105469 0.132812
4 0.550781 0.675781 0.101562 0.140625
4 0.650391 0.937500 0.105469 0.125000
4 0.744141 0.808594 0.089844 0.125000
4 0.857422 0.695312 0.121094 0.125000
4 0.947266 0.582031 0.097656 0.140625
4 0.173828 0.546875 0.113281 0.132812
4 0.283203 0.435547 0.105469 0.136719
4 0.427734 0.462891 0.113281 0.136719
4 0.521484 0.339844 0.113281 0.132812
4 0.675781 0.310547 0.117188 0.136719
4 0.656250 0.146484 0.109375 0.128906
