2 0.500977 0.500000 0.111328 0.125000
2 0.570312 0.519531 0.101562 0.117188
2 0.636719 0.548828 0.093750 0.113281
2 0.703125 0.567383 0.093750 0.107422
2 0.768555 0.585938 0.091797 0.109375
2 0.833008 0.610352 0.087891 0.103516
2 0.889648 0.631836 0.091797 0.107422
2 0.955078 0.653320 0.085938 0.119141
2 0.428711 0.615234 0.095703 0.117188
2 0.500000 0.625000 0.089844 0.109375
2 0.573242 0.651367 0.095703 0.115234
2 0.629883 0.678711 0.091797 0.115234
2 0.692383 0.706055 0.083984 0.103516
2 0.755859 0.738281 0.093750 0.109375
2 0.830078 0.737305 0.093750 0.107422
2 0.881836 0.779297 0.099609 0.113281
2 0.941406 0.809570 0.101562 0.119141
2 0.294922 0.851562 0.093750 0.109375
2 0.346680 0.884766 0.091797 0.109375
2 0.411133 0.912109 0.099609 0.109375
2 0.474609 0.928711 0.085938 0.111328
2 0.538086 0.951172 0.095703 0.093750
2 0.227539 0.948242 0.095703 0.099609
