0 0.285156 0.318359 0.015625 0.019531
0 0.312500 0.320312 0.015625 0.015625
0 0.324219 0.330078 0.015625 0.019531
0 0.333984 0.318359 0.019531 0.019531
0 0.343750 0.332031 0.015625 0.015625
0 0.353516 0.320312 0.019531 0.015625
0 0.363281 0.333984 0.015625 0.019531
0 0.376953 0.324219 0.011719 0.015625
0 0.386719 0.333984 0.015625 0.011719
0 0.398438 0.322266 0.015625 0.019531
0 0.408203 0.333984 0.019531 0.011719
0 0.419922 0.320312 0.019531 0.015625
0 0.429688 0.335938 0.015625 0.015625
0 0.445312 0.324219 0.015625 0.015625
0 0.453125 0.337891 0.015625 0.019531
0 0.466797 0.324219 0.011719 0.015625
0 0.488281 0.324219 0.015625 0.015625
0 0.509766 0.324219 0.019531 0.015625
0 0.478516 0.337891 0.019531 0.011719
0 0.500000 0.335938 0.015625 0.015625
0 0.519531 0.337891 0.023438 0.011719
0 0.392578 0.712891 0.011719 0.019531
0 0.404297 0.705078 0.011719 0.019531
0 0.416016 0.710938 0.011719 0.015625
0 0.423828 0.703125 0.011719 0.015625
0 0.435547 0.714844 0.011719 0.015625
0 0.445312 0.701172 0.015625 0.019531
0 0.455078 0.716797 0.011719 0.019531
0 0.466797 0.705078 0.011719 0.019531
0 0.474609 0.718750 0.011719 0.015625
0 0.488281 0.703125 0.015625 0.023438
0 0.517578 0.718750 0.011719 0.015625
0 0.419922 0.652344 0.019531 0.023438
0 0.445312 0.654297 0.015625 0.027344
0 0.468750 0.656250 0.015625 0.023438
0 0.490234 0.660156 0.019531 0.023438
0 0.513672 0.658203 0.019531 0.027344
0 0.412109 0.769531 0.019531 0.031250
0 0.470703 0.755859 0.019531 0.019531
0 0.482422 0.779297 0.019531 0.019531
0 0.453125 0.824219 0.023438 0.023438
0 0.472656 0.822266 0.015625 0.019531
0 0.500000 0.820312 0.015625 0.023438
0 0.523438 0.810547 0.015625 0.050781
