2 0.429688 0.959961 0.101562 0.076172
2 0.385742 0.914062 0.103516 0.085938
2 0.339844 0.875977 0.097656 0.076172
2 0.294922 0.824219 0.101562 0.082031
2 0.222656 0.791016 0.085938 0.078125
2 0.161133 0.754883 0.080078 0.068359
2 0.082031 0.663086 0.089844 0.080078
2 0.053711 0.841797 0.095703 0.082031
2 0.104492 0.882812 0.091797 0.082031
2 0.158203 0.922852 0.089844 0.076172
2 0.208984 0.965820 0.082031 0.064453
2 0.243164 0.437500 0.126953 0.101562
2 0.401367 0.572266 0.142578 0.105469
2 0.463867 0.607422 0.103516 0.082031
