4 0.923828 0.345703 0.113281 0.097656
4 0.947266 0.433594 0.105469 0.085938
4 0.958984 0.515625 0.082031 0.085938
4 0.873047 0.630859 0.089844 0.089844
4 0.953125 0.613281 0.085938 0.078125
4 0.929688 0.718750 0.101562 0.093750
4 0.830078 0.734375 0.097656 0.101562
4 0.787109 0.650391 0.066406 0.066406
4 0.814453 0.345703 0.074219 0.066406
4 0.837891 0.414062 0.066406 0.062500
4 0.851562 0.468750 0.070312 0.070312
4 0.871094 0.539062 0.093750 0.078125
4 0.636719 0.205078 0.078125 0.058594
4 0.660156 0.273438 0.070312 0.062500
4 0.671875 0.337891 0.070312 0.058594
4 0.693359 0.470703 0.066406 0.074219
4 0.712891 0.541016 0.058594 0.058594
