4 0.513672 0.771484 0.121094 0.136719
4 0.628906 0.662109 0.125000 0.121094
4 0.490234 0.601562 0.121094 0.125000
4 0.470703 0.435547 0.113281 0.128906
4 0.607422 0.500000 0.128906 0.140625
4 0.587891 0.320312 0.128906 0.148438
4 0.757812 0.464844 0.117188 0.125000
4 0.751953 0.287109 0.128906 0.136719
4 0.875000 0.257812 0.125000 0.140625
4 0.896484 0.429688 0.121094 0.132812
4 0.210938 0.351562 0.085938 0.101562
4 0.310547 0.333984 0.082031 0.097656
4 0.292969 0.214844 0.093750 0.101562
4 0.193359 0.232422 0.089844 0.105469
4 0.046875 0.111328 0.085938 0.113281
4 0.152344 0.091797 0.093750 0.113281
4 0.248047 0.068359 0.097656 0.113281
