1 0.021484 0.470703 0.035156 0.058594
1 0.035156 0.271484 0.062500 0.050781
1 0.214844 0.156250 0.125000 0.078125
1 0.212891 0.451172 0.066406 0.042969
1 0.548828 0.523438 0.058594 0.054688
1 0.332031 0.816406 0.046875 0.062500
1 0.589844 0.744141 0.046875 0.058594
1 0.542969 0.841797 0.046875 0.050781
1 0.679688 0.859375 0.046875 0.062500
1 0.597656 0.875000 0.039062 0.062500
1 0.636719 0.937500 0.054688 0.054688
1 0.406250 0.880859 0.054688 0.042969
1 0.468750 0.906250 0.054688 0.062500
1 0.369141 0.982422 0.058594 0.035156
