4 0.250000 0.900391 0.058594 0.070312
4 0.313477 0.955078 0.064453 0.066406
4 0.181641 0.671875 0.062500 0.070312
4 0.211914 0.604492 0.064453 0.072266
4 0.236328 0.710938 0.058594 0.062500
4 0.268555 0.646484 0.060547 0.058594
4 0.315430 0.686523 0.048828 0.048828
4 0.287109 0.748047 0.054688 0.054688
4 0.361328 0.733398 0.050781 0.056641
4 0.330078 0.786133 0.042969 0.052734
4 0.408203 0.765625 0.042969 0.054688
4 0.373047 0.813477 0.046875 0.052734
4 0.291992 0.456055 0.060547 0.068359
4 0.259766 0.520508 0.062500 0.064453
4 0.346680 0.501953 0.068359 0.062500
4 0.312500 0.563477 0.054688 0.072266
4 0.401367 0.542969 0.056641 0.066406
4 0.364258 0.608398 0.052734 0.060547
1 0.689453 0.631836 0.121094 0.119141
