2 0.118164 0.183594 0.119141 0.066406
2 0.132812 0.124023 0.117188 0.072266
2 0.143555 0.063477 0.126953 0.068359
2 0.441406 0.172852 0.113281 0.052734
2 0.454102 0.110352 0.087891 0.041016
2 0.445312 0.044922 0.117188 0.058594
2 0.283203 0.478516 0.050781 0.085938
2 0.362305 0.478516 0.052734 0.085938
2 0.434570 0.486328 0.052734 0.082031
2 0.506836 0.493164 0.044922 0.083984
2 0.591797 0.489258 0.058594 0.115234
2 0.693359 0.500977 0.050781 0.103516
2 0.596680 0.243164 0.123047 0.068359
2 0.602539 0.178711 0.119141 0.060547
2 0.603516 0.123047 0.121094 0.062500
2 0.624023 0.064453 0.111328 0.070312
2 0.327148 0.946289 0.056641 0.087891
2 0.262695 0.931641 0.068359 0.101562
