0 0.189732 0.359375 0.138393 0.147321
0 0.301339 0.234375 0.129464 0.147321
0 0.408482 0.370536 0.120536 0.133929
0 0.529018 0.236607 0.120536 0.142857
0 0.629464 0.363839 0.116071 0.147321
0 0.747768 0.243304 0.120536 0.138393
0 0.852679 0.370536 0.133929 0.142857
0 0.966518 0.241071 0.120536 0.125000
0 0.198661 0.897321 0.129464 0.142857
0 0.303571 0.761161 0.098214 0.138393
0 0.426339 0.899554 0.120536 0.138393
0 0.535714 0.763393 0.125000 0.142857
0 0.636161 0.897321 0.102679 0.142857
0 0.750000 0.776786 0.116071 0.142857
0 0.850446 0.901786 0.156250 0.142857
0 0.977679 0.781250 0.142857 0.133929
