4 0.214844 0.007812 0.031250 0.015625
4 0.255859 0.009766 0.035156 0.019531
4 0.294922 0.007812 0.027344 0.015625
4 0.341797 0.009766 0.027344 0.019531
4 0.210938 0.035156 0.023438 0.023438
4 0.253906 0.037109 0.039062 0.027344
4 0.298828 0.037109 0.035156 0.027344
4 0.341797 0.039062 0.027344 0.023438
4 0.339844 0.072266 0.023438 0.027344
4 0.298828 0.072266 0.035156 0.027344
4 0.253906 0.072266 0.039062 0.027344
4 0.386719 0.162109 0.031250 0.027344
4 0.347656 0.160156 0.031250 0.031250
4 0.302734 0.162109 0.027344 0.027344
4 0.257812 0.158203 0.023438 0.027344
4 0.212891 0.160156 0.027344 0.031250
4 0.214844 0.191406 0.031250 0.031250
4 0.261719 0.191406 0.023438 0.015625
4 0.302734 0.191406 0.027344 0.023438
4 0.347656 0.191406 0.023438 0.023438
4 0.382812 0.189453 0.023438 0.027344
4 0.238281 0.222656 0.015625 0.023438
4 0.220703 0.248047 0.027344 0.027344
4 0.255859 0.248047 0.027344 0.027344
4 0.300781 0.216797 0.023438 0.019531
4 0.330078 0.216797 0.019531 0.027344
4 0.357422 0.216797 0.019531 0.019531
4 0.384766 0.220703 0.019531 0.019531
4 0.720703 0.394531 0.027344 0.023438
4 0.693359 0.416016 0.027344 0.027344
4 0.667969 0.433594 0.031250 0.031250
4 0.796875 0.341797 0.023438 0.019531
4 0.816406 0.357422 0.023438 0.027344
4 0.359375 0.546875 0.031250 0.031250
4 0.417969 0.558594 0.031250 0.031250
4 0.437500 0.582031 0.031250 0.031250
4 0.496094 0.619141 0.023438 0.027344
4 0.441406 0.636719 0.023438 0.023438
4 0.425781 0.691406 0.031250 0.031250
4 0.449219 0.716797 0.031250 0.035156
4 0.652344 0.867188 0.039062 0.039062
4 0.716797 0.869141 0.042969 0.035156
4 0.652344 0.906250 0.039062 0.039062
4 0.697266 0.916016 0.042969 0.042969
3 0.601562 0.753906 0.046875 0.015625
3 0.175781 0.431641 0.023438 0.035156
4 0.517578 0.658203 0.027344 0.027344
4 0.531250 0.691406 0.031250 0.031250
4 0.529297 0.728516 0.027344 0.027344
4 0.472656 0.664062 0.023438 0.023438
