4 0.458984 0.187500 0.027344 0.023438
4 0.455078 0.164062 0.019531 0.015625
4 0.427734 0.195312 0.027344 0.023438
4 0.404297 0.185547 0.019531 0.019531
4 0.394531 0.207031 0.031250 0.023438
4 0.367188 0.195312 0.015625 0.015625
4 0.361328 0.220703 0.027344 0.019531
4 0.330078 0.210938 0.019531 0.023438
4 0.326172 0.236328 0.019531 0.019531
4 0.306641 0.244141 0.019531 0.019531
4 0.578125 0.191406 0.039062 0.031250
4 0.535156 0.205078 0.031250 0.035156
4 0.457031 0.240234 0.031250 0.027344
4 0.416016 0.251953 0.035156 0.027344
4 0.386719 0.244141 0.015625 0.019531
4 0.380859 0.267578 0.027344 0.027344
4 0.355469 0.257812 0.015625 0.015625
4 0.337891 0.281250 0.027344 0.023438
4 0.308594 0.271484 0.015625 0.011719
4 0.298828 0.292969 0.027344 0.031250
4 0.304688 0.324219 0.015625 0.015625
4 0.326172 0.357422 0.027344 0.019531
4 0.337891 0.386719 0.035156 0.023438
4 0.275391 0.376953 0.035156 0.027344
4 0.271484 0.345703 0.019531 0.011719
4 0.304688 0.400391 0.031250 0.019531
4 0.273438 0.412109 0.023438 0.019531
4 0.259766 0.316406 0.019531 0.023438
4 0.939453 0.601562 0.027344 0.023438
4 0.912109 0.611328 0.027344 0.027344
4 0.886719 0.621094 0.023438 0.031250
4 0.855469 0.626953 0.031250 0.027344
3 0.214844 0.787109 0.382812 0.152344
3 0.167969 0.662109 0.312500 0.167969
