4 0.335938 0.119141 0.031250 0.027344
4 0.386719 0.130859 0.031250 0.035156
4 0.435547 0.144531 0.035156 0.031250
4 0.554688 0.130859 0.031250 0.035156
4 0.542969 0.171875 0.039062 0.031250
4 0.535156 0.220703 0.039062 0.035156
4 0.498047 0.107422 0.035156 0.027344
4 0.484375 0.160156 0.039062 0.023438
4 0.345703 0.199219 0.042969 0.031250
4 0.384766 0.220703 0.035156 0.019531
4 0.410156 0.238281 0.023438 0.023438
4 0.423828 0.501953 0.058594 0.050781
4 0.349609 0.433594 0.058594 0.046875
4 0.292969 0.556641 0.039062 0.035156
4 0.201172 0.585938 0.035156 0.039062
4 0.277344 0.367188 0.031250 0.039062
4 0.318359 0.230469 0.035156 0.031250
4 0.152344 0.425781 0.039062 0.039062
4 0.113281 0.500000 0.039062 0.039062
4 0.193359 0.470703 0.027344 0.035156
4 0.244141 0.515625 0.035156 0.031250
4 0.156250 0.544922 0.031250 0.035156
4 0.240234 0.626953 0.027344 0.035156
4 0.289062 0.669922 0.031250 0.035156
4 0.330078 0.712891 0.035156 0.035156
4 0.384766 0.650391 0.035156 0.035156
4 0.337891 0.607422 0.035156 0.035156
4 0.449219 0.095703 0.031250 0.027344
4 0.378906 0.080078 0.031250 0.027344
4 0.349609 0.074219 0.027344 0.023438
