4 0.123047 0.220703 0.121094 0.136719
4 0.070312 0.384766 0.125000 0.128906
4 0.255859 0.277344 0.113281 0.140625
4 0.207031 0.449219 0.117188 0.140625
4 0.384766 0.335938 0.113281 0.140625
4 0.335938 0.507812 0.101562 0.125000
4 0.550781 0.417969 0.117188 0.140625
4 0.500000 0.578125 0.109375 0.125000
4 0.693359 0.476562 0.113281 0.148438
4 0.638672 0.650391 0.105469 0.128906
4 0.466797 0.726562 0.105469 0.117188
4 0.599609 0.791016 0.105469 0.121094
4 0.123047 0.748047 0.113281 0.152344
4 0.242188 0.812500 0.101562 0.125000
4 0.398438 0.898438 0.125000 0.164062
4 0.533203 0.947266 0.113281 0.105469
4 0.066406 0.910156 0.117188 0.164062
4 0.187500 0.957031 0.109375 0.085938
