4 0.076172 0.341797 0.121094 0.121094
4 0.064453 0.474609 0.121094 0.113281
4 0.240234 0.361328 0.160156 0.121094
4 0.214844 0.501953 0.148438 0.113281
4 0.185547 0.677734 0.136719 0.113281
4 0.050781 0.654297 0.093750 0.113281
4 0.376953 0.382812 0.144531 0.101562
4 0.353516 0.519531 0.136719 0.117188
4 0.322266 0.701172 0.121094 0.113281
4 0.460938 0.728516 0.117188 0.121094
4 0.667969 0.503906 0.125000 0.101562
4 0.646484 0.603516 0.097656 0.074219
4 0.628906 0.705078 0.085938 0.089844
4 0.740234 0.716797 0.097656 0.089844
4 0.736328 0.822266 0.097656 0.089844
4 0.599609 0.806641 0.089844 0.082031
4 0.589844 0.902344 0.078125 0.070312
4 0.707031 0.925781 0.101562 0.078125
4 0.525391 0.455078 0.105469 0.089844
4 0.507812 0.527344 0.132812 0.078125
4 0.953125 0.111328 0.093750 0.097656
