1 0.097656 0.515625 0.140625 0.140625
4 0.474609 0.263672 0.066406 0.074219
4 0.544922 0.296875 0.066406 0.070312
4 0.625000 0.332031 0.070312 0.085938
4 0.441406 0.355469 0.070312 0.078125
4 0.517578 0.384766 0.058594 0.074219
4 0.597656 0.417969 0.070312 0.078125
4 0.691406 0.457031 0.070312 0.078125
4 0.718750 0.369141 0.070312 0.074219
4 0.810547 0.398438 0.074219 0.078125
4 0.771484 0.484375 0.066406 0.070312
4 0.777344 0.572266 0.070312 0.058594
4 0.689453 0.541016 0.066406 0.066406
4 0.798828 0.695312 0.066406 0.070312
4 0.718750 0.662109 0.070312 0.074219
4 0.650391 0.632812 0.074219 0.078125
4 0.636719 0.720703 0.078125 0.074219
4 0.716797 0.750000 0.058594 0.062500
4 0.792969 0.779297 0.062500 0.066406
4 0.558594 0.589844 0.046875 0.070312
4 0.490234 0.558594 0.082031 0.078125
4 0.396484 0.523438 0.066406 0.078125
4 0.367188 0.615234 0.078125 0.082031
4 0.462891 0.640625 0.074219 0.062500
4 0.521484 0.681641 0.058594 0.074219
