2 0.119141 0.125000 0.085938 0.078125
2 0.373047 0.125977 0.066406 0.076172
2 0.627930 0.127930 0.064453 0.072266
2 0.874023 0.127930 0.064453 0.076172
2 0.125000 0.380859 0.050781 0.058594
2 0.378906 0.385742 0.042969 0.044922
2 0.626953 0.387695 0.042969 0.044922
2 0.875000 0.385742 0.042969 0.044922
2 0.122070 0.634766 0.041016 0.050781
2 0.376953 0.625977 0.050781 0.064453
2 0.629883 0.624023 0.056641 0.076172
2 0.875000 0.627930 0.070312 0.080078
2 0.124023 0.879883 0.064453 0.068359
2 0.377930 0.876953 0.068359 0.074219
2 0.633789 0.874023 0.076172 0.076172
2 0.880859 0.876953 0.078125 0.062500
