4 0.011719 0.945312 0.023438 0.023438
4 0.060547 0.943359 0.027344 0.027344
4 0.107422 0.943359 0.035156 0.027344
4 0.158203 0.943359 0.027344 0.027344
4 0.203125 0.943359 0.023438 0.027344
4 0.011719 0.908203 0.023438 0.027344
4 0.058594 0.908203 0.031250 0.035156
4 0.109375 0.910156 0.023438 0.031250
4 0.154297 0.910156 0.027344 0.031250
4 0.197266 0.906250 0.027344 0.031250
4 0.708984 0.986328 0.027344 0.019531
4 0.753906 0.980469 0.031250 0.023438
4 0.796875 0.986328 0.031250 0.019531
4 0.837891 0.984375 0.019531 0.023438
4 0.712891 0.957031 0.027344 0.023438
4 0.753906 0.953125 0.031250 0.023438
4 0.800781 0.955078 0.039062 0.035156
4 0.841797 0.951172 0.027344 0.027344
4 0.748047 0.921875 0.035156 0.031250
4 0.796875 0.919922 0.031250 0.027344
4 0.841797 0.917969 0.027344 0.031250
4 0.714844 0.832031 0.031250 0.031250
4 0.757812 0.833984 0.031250 0.027344
4 0.804688 0.832031 0.023438 0.031250
4 0.847656 0.832031 0.031250 0.023438
4 0.888672 0.830078 0.027344 0.027344
4 0.718750 0.802734 0.031250 0.027344
4 0.759766 0.800781 0.027344 0.023438
4 0.806641 0.802734 0.027344 0.027344
4 0.849609 0.800781 0.019531 0.023438
4 0.882812 0.802734 0.023438 0.019531
4 0.882812 0.773438 0.023438 0.023438
4 0.859375 0.773438 0.015625 0.015625
4 0.830078 0.773438 0.019531 0.023438
4 0.800781 0.773438 0.015625 0.023438
4 0.742188 0.773438 0.023438 0.023438
4 0.716797 0.746094 0.035156 0.031250
4 0.757812 0.746094 0.031250 0.031250
4 0.859375 0.445312 0.031250 0.031250
4 0.919922 0.433594 0.027344 0.031250
4 0.939453 0.410156 0.035156 0.031250
4 0.925781 0.298828 0.031250 0.035156
4 0.947266 0.277344 0.035156 0.031250
4 0.207031 0.402344 0.031250 0.031250
4 0.212891 0.371094 0.035156 0.031250
4 0.210938 0.339844 0.039062 0.031250
4 0.210938 0.308594 0.039062 0.031250
4 0.144531 0.306641 0.031250 0.027344
4 0.134766 0.369141 0.027344 0.027344
3 0.671875 0.558594 0.023438 0.031250
