4 0.632812 0.044922 0.031250 0.027344
4 0.572266 0.060547 0.035156 0.027344
4 0.552734 0.080078 0.027344 0.027344
4 0.494141 0.123047 0.027344 0.027344
4 0.546875 0.132812 0.023438 0.023438
4 0.470703 0.154297 0.019531 0.027344
4 0.517578 0.164062 0.027344 0.023438
4 0.566406 0.193359 0.031250 0.027344
4 0.542969 0.216797 0.031250 0.027344
4 0.455078 0.193359 0.035156 0.027344
4 0.460938 0.226562 0.031250 0.031250
4 0.273438 0.367188 0.039062 0.039062
4 0.341797 0.371094 0.042969 0.039062
4 0.337891 0.406250 0.042969 0.039062
4 0.291016 0.419922 0.042969 0.035156
3 0.394531 0.251953 0.039062 0.019531
3 0.388672 0.681641 0.027344 0.019531
