4 0.097656 0.261719 0.070312 0.085938
4 0.175781 0.294922 0.070312 0.089844
4 0.253906 0.333984 0.070312 0.082031
4 0.345703 0.361328 0.066406 0.074219
4 0.439453 0.394531 0.066406 0.070312
4 0.398438 0.482422 0.070312 0.074219
4 0.318359 0.451172 0.074219 0.074219
4 0.220703 0.414062 0.074219 0.078125
4 0.144531 0.386719 0.070312 0.078125
4 0.066406 0.353516 0.070312 0.074219
4 0.396484 0.568359 0.066406 0.066406
4 0.318359 0.533203 0.066406 0.074219
4 0.431641 0.693359 0.074219 0.074219
4 0.029297 0.519531 0.050781 0.078125
4 0.082031 0.642578 0.078125 0.082031
4 0.152344 0.679688 0.062500 0.070312
4 0.261719 0.718750 0.078125 0.070312
4 0.351562 0.660156 0.070312 0.070312
4 0.341797 0.750000 0.066406 0.078125
4 0.421875 0.783203 0.070312 0.074219
4 0.271484 0.632812 0.074219 0.078125
4 0.181641 0.587891 0.058594 0.074219
4 0.111328 0.550781 0.074219 0.078125
4 0.048828 0.847656 0.050781 0.062500
4 0.101562 0.865234 0.046875 0.050781
4 0.119141 0.800781 0.050781 0.054688
