1 0.544922 0.572266 0.097656 0.042969
1 0.306641 0.585938 0.105469 0.046875
1 0.400391 0.714844 0.074219 0.039062
1 0.832031 0.603516 0.085938 0.035156
1 0.957031 0.478516 0.085938 0.050781
1 0.773438 0.457031 0.078125 0.039062
1 0.042969 0.380859 0.078125 0.042969
1 0.126953 0.259766 0.089844 0.035156
1 0.255859 0.228516 0.066406 0.027344
1 0.304688 0.205078 0.078125 0.035156
1 0.208984 0.154297 0.066406 0.042969
1 0.447266 0.117188 0.066406 0.031250
1 0.439453 0.082031 0.066406 0.039062
1 0.589844 0.115234 0.085938 0.042969
1 0.888672 0.119141 0.066406 0.035156
1 0.826172 0.035156 0.058594 0.031250
1 0.564453 0.029297 0.066406 0.035156
1 0.357422 0.068359 0.050781 0.027344
1 0.402344 0.037109 0.054688 0.027344
