2 0.127930 0.117188 0.064453 0.054688
2 0.375000 0.120117 0.070312 0.052734
2 0.625977 0.120117 0.068359 0.048828
2 0.873047 0.123047 0.078125 0.050781
2 0.127930 0.372070 0.076172 0.044922
2 0.371094 0.373047 0.074219 0.035156
2 0.620117 0.372070 0.087891 0.056641
2 0.870117 0.373047 0.076172 0.066406
2 0.122070 0.626953 0.076172 0.062500
2 0.372070 0.624023 0.068359 0.068359
2 0.625000 0.624023 0.082031 0.080078
2 0.871094 0.624023 0.078125 0.080078
2 0.117188 0.874023 0.070312 0.080078
2 0.376953 0.878906 0.054688 0.058594
2 0.623047 0.876953 0.058594 0.070312
2 0.877930 0.884766 0.048828 0.054688
