2 0.549805 0.059570 0.103516 0.060547
2 0.518555 0.212891 0.138672 0.082031
2 0.533203 0.130859 0.113281 0.070312
2 0.508789 0.331055 0.111328 0.052734
2 0.494141 0.396484 0.125000 0.058594
2 0.500000 0.449219 0.117188 0.042969
2 0.500977 0.500977 0.115234 0.044922
2 0.497070 0.550781 0.130859 0.054688
2 0.462891 0.716797 0.125000 0.066406
2 0.456055 0.773438 0.123047 0.058594
2 0.454102 0.833008 0.126953 0.064453
2 0.445312 0.891602 0.117188 0.060547
2 0.436523 0.948242 0.119141 0.056641
2 0.761719 0.919922 0.125000 0.054688
2 0.925781 0.929688 0.105469 0.058594
2 0.951172 0.819336 0.093750 0.060547
2 0.767578 0.857422 0.121094 0.070312
2 0.767578 0.759766 0.093750 0.062500
2 0.802734 0.644531 0.093750 0.062500
2 0.824219 0.535156 0.136719 0.074219
2 0.807617 0.418945 0.130859 0.072266
2 0.863281 0.193359 0.156250 0.070312
