0 0.394531 0.099609 0.023438 0.027344
0 0.425781 0.097656 0.023438 0.031250
0 0.458984 0.101562 0.019531 0.031250
0 0.558594 0.025391 0.031250 0.027344
0 0.623047 0.039062 0.019531 0.023438
0 0.638672 0.037109 0.019531 0.027344
0 0.667969 0.025391 0.023438 0.019531
0 0.687500 0.044922 0.015625 0.027344
0 0.703125 0.021484 0.015625 0.019531
0 0.720703 0.046875 0.019531 0.023438
0 0.736328 0.023438 0.019531 0.023438
0 0.751953 0.044922 0.019531 0.019531
0 0.767578 0.019531 0.019531 0.023438
0 0.802734 0.025391 0.019531 0.019531
0 0.841797 0.023438 0.019531 0.023438
0 0.859375 0.046875 0.015625 0.023438
0 0.880859 0.027344 0.019531 0.023438
0 0.939453 0.048828 0.027344 0.019531
0 0.957031 0.029297 0.023438 0.019531
0 0.988281 0.029297 0.023438 0.019531
0 0.976562 0.052734 0.023438 0.019531
0 0.830078 0.111328 0.027344 0.027344
0 0.859375 0.111328 0.023438 0.027344
0 0.892578 0.113281 0.019531 0.023438
0 0.925781 0.117188 0.023438 0.023438
0 0.960938 0.117188 0.023438 0.023438
0 0.990234 0.115234 0.019531 0.027344
