4 0.560547 0.923828 0.082031 0.089844
4 0.501953 0.845703 0.105469 0.089844
4 0.537109 0.751953 0.082031 0.097656
4 0.617188 0.828125 0.085938 0.093750
4 0.677734 0.724609 0.089844 0.089844
4 0.599609 0.648438 0.097656 0.093750
4 0.435547 0.597656 0.121094 0.125000
4 0.697266 0.513672 0.144531 0.128906
4 0.869141 0.484375 0.121094 0.125000
4 0.511719 0.478516 0.117188 0.121094
4 0.412109 0.388672 0.136719 0.121094
4 0.460938 0.257812 0.109375 0.125000
4 0.583984 0.347656 0.113281 0.125000
4 0.761719 0.376953 0.117188 0.128906
4 0.835938 0.230469 0.117188 0.132812
4 0.949219 0.341797 0.101562 0.136719
