2 0.124023 0.120117 0.072266 0.052734
2 0.376953 0.117188 0.070312 0.050781
2 0.626953 0.121094 0.066406 0.039062
2 0.875000 0.124023 0.062500 0.029297
2 0.124023 0.370117 0.072266 0.052734
2 0.369141 0.365234 0.089844 0.070312
2 0.625977 0.374023 0.076172 0.072266
2 0.877930 0.366211 0.076172 0.068359
2 0.125000 0.621094 0.070312 0.070312
2 0.375000 0.615234 0.074219 0.074219
2 0.622070 0.620117 0.068359 0.068359
2 0.869141 0.622070 0.054688 0.064453
2 0.119141 0.872070 0.062500 0.072266
2 0.373047 0.872070 0.070312 0.076172
2 0.619141 0.871094 0.066406 0.074219
2 0.872070 0.870117 0.064453 0.076172
