4 0.138672 0.863281 0.128906 0.156250
4 0.093750 0.582031 0.085938 0.101562
4 0.044922 0.412109 0.082031 0.113281
4 0.134766 0.460938 0.089844 0.109375
4 0.634766 0.871094 0.089844 0.085938
4 0.667969 0.771484 0.093750 0.089844
4 0.697266 0.671875 0.082031 0.093750
4 0.064453 0.158203 0.121094 0.144531
4 0.226562 0.068359 0.125000 0.128906
4 0.179688 0.220703 0.117188 0.136719
4 0.396484 0.142578 0.128906 0.144531
4 0.359375 0.304688 0.132812 0.132812
4 0.527344 0.208984 0.109375 0.136719
4 0.480469 0.371094 0.109375 0.132812
4 0.654297 0.269531 0.121094 0.148438
4 0.621094 0.433594 0.148438 0.156250
4 0.597656 0.046875 0.101562 0.085938
