0 0.004464 0.453125 0.062500 0.058036
0 0.062500 0.457589 0.053571 0.040179
0 0.040179 0.506696 0.053571 0.049107
0 0.004464 0.709821 0.062500 0.053571
0 0.051339 0.665179 0.058036 0.053571
0 0.082589 0.707589 0.066964 0.066964
0 0.122768 0.665179 0.058036 0.062500
0 0.160714 0.712054 0.062500 0.058036
0 0.212054 0.662946 0.058036 0.058036
0 0.243304 0.714286 0.066964 0.062500
0 0.073661 0.962054 0.058036 0.093750
0 0.178571 0.959821 0.062500 0.080357
0 0.272321 0.959821 0.071429 0.080357
0 0.379464 0.953125 0.062500 0.084821
0 0.479911 0.950893 0.058036 0.089286
0 0.578125 0.953125 0.058036 0.075893
0 0.562500 0.571429 0.080357 0.071429
0 0.629464 0.500000 0.071429 0.071429
0 0.689732 0.566964 0.066964 0.080357
0 0.752232 0.497768 0.075893 0.075893
0 0.816964 0.571429 0.062500 0.080357
0 0.883929 0.497768 0.071429 0.075893
0 0.953125 0.571429 0.066964 0.071429
0 0.872768 0.810268 0.066964 0.066964
0 0.946429 0.883929 0.071429 0.071429
