2 0.122070 0.115234 0.080078 0.039062
2 0.372070 0.118164 0.091797 0.056641
2 0.623047 0.119141 0.074219 0.046875
2 0.875977 0.120117 0.083984 0.052734
2 0.124023 0.375977 0.060547 0.048828
2 0.371094 0.375977 0.082031 0.056641
2 0.621094 0.375000 0.089844 0.074219
2 0.878906 0.375000 0.082031 0.070312
2 0.126953 0.629883 0.074219 0.072266
2 0.375000 0.625977 0.074219 0.080078
2 0.625977 0.627930 0.068359 0.076172
2 0.880859 0.630859 0.058594 0.070312
2 0.130859 0.881836 0.058594 0.072266
2 0.377930 0.878906 0.060547 0.074219
2 0.625977 0.886719 0.041016 0.054688
2 0.871094 0.876953 0.097656 0.078125
