0 0.037946 0.162946 0.138393 0.200893
0 0.147321 0.330357 0.125000 0.178571
0 0.258929 0.167411 0.151786 0.200893
0 0.363839 0.339286 0.138393 0.178571
0 0.464286 0.176339 0.151786 0.200893
0 0.584821 0.319196 0.133929 0.200893
0 0.696429 0.167411 0.142857 0.200893
0 0.801339 0.330357 0.111607 0.196429
0 0.921875 0.165179 0.129464 0.205357
0 0.031250 0.783482 0.142857 0.191964
0 0.145089 0.926339 0.147321 0.183036
0 0.252232 0.783482 0.147321 0.191964
0 0.350446 0.939732 0.147321 0.200893
0 0.468750 0.783482 0.133929 0.183036
0 0.580357 0.933036 0.142857 0.187500
0 0.700893 0.799107 0.151786 0.196429
0 0.805804 0.928571 0.129464 0.178571
0 0.919643 0.783482 0.142857 0.191964
