4 0.021484 0.531250 0.058594 0.062500
4 0.081055 0.579102 0.056641 0.056641
4 0.030273 0.635742 0.064453 0.052734
4 0.046875 0.270508 0.074219 0.056641
4 0.124023 0.330078 0.083984 0.058594
4 0.071289 0.381836 0.083984 0.060547
4 0.165039 0.376953 0.060547 0.054688
4 0.120117 0.432617 0.060547 0.052734
4 0.225586 0.425781 0.060547 0.054688
4 0.182617 0.476562 0.060547 0.054688
4 0.166992 0.248047 0.044922 0.046875
4 0.203125 0.206055 0.046875 0.048828
4 0.250977 0.245117 0.044922 0.044922
4 0.209961 0.282227 0.044922 0.044922
4 0.288086 0.273438 0.044922 0.042969
4 0.253906 0.315430 0.046875 0.048828
