4 0.189453 0.104492 0.046875 0.048828
4 0.244141 0.114258 0.046875 0.044922
4 0.296875 0.122070 0.042969 0.044922
4 0.352539 0.128906 0.052734 0.042969
4 0.416992 0.166992 0.056641 0.052734
4 0.477539 0.141602 0.060547 0.052734
4 0.520508 0.191406 0.052734 0.054688
4 0.375000 0.222656 0.050781 0.042969
4 0.288086 0.190430 0.041016 0.041016
4 0.236328 0.187500 0.054688 0.050781
4 0.161133 0.169922 0.041016 0.042969
4 0.156250 0.220703 0.046875 0.042969
4 0.225586 0.231445 0.044922 0.044922
4 0.285156 0.240234 0.058594 0.050781
4 0.350586 0.268555 0.048828 0.044922
4 0.405273 0.286133 0.052734 0.048828
4 0.423828 0.242188 0.046875 0.046875
4 0.176758 0.041992 0.048828 0.044922
4 0.230469 0.045898 0.050781 0.044922
4 0.452148 0.027344 0.060547 0.046875
4 0.531250 0.080078 0.054688 0.050781
4 0.559570 0.027344 0.044922 0.058594
4 0.621094 0.055664 0.058594 0.052734
4 0.585938 0.100586 0.058594 0.048828
