0 0.042411 0.082589 0.075893 0.066964
0 0.044643 0.187500 0.080357 0.071429
0 0.037946 0.276786 0.075893 0.062500
0 0.040179 0.375000 0.080357 0.062500
0 0.042411 0.484375 0.084821 0.066964
0 0.037946 0.580357 0.075893 0.053571
0 0.033482 0.674107 0.066964 0.062500
0 0.035714 0.772321 0.071429 0.062500
0 0.033482 0.886161 0.066964 0.058036
0 0.223214 0.979911 0.089286 0.040179
0 0.281250 0.935268 0.089286 0.084821
0 0.218750 0.886161 0.080357 0.066964
0 0.281250 0.832589 0.089286 0.066964
0 0.218750 0.781250 0.089286 0.071429
0 0.281250 0.727679 0.089286 0.089286
0 0.227679 0.687500 0.089286 0.071429
0 0.279018 0.631696 0.102679 0.075893
0 0.223214 0.582589 0.089286 0.084821
0 0.287946 0.533482 0.093750 0.066964
0 0.236607 0.475446 0.089286 0.084821
0 0.234375 0.388393 0.084821 0.071429
0 0.236607 0.292411 0.080357 0.075893
0 0.229911 0.178571 0.075893 0.062500
0 0.303571 0.029018 0.071429 0.058036
0 0.517857 0.082589 0.080357 0.075893
0 0.504464 0.287946 0.098214 0.075893
0 0.513393 0.408482 0.089286 0.075893
0 0.502232 0.609375 0.075893 0.066964
0 0.502232 0.716518 0.084821 0.066964
0 0.495536 0.924107 0.080357 0.071429
0 0.718750 0.930804 0.098214 0.058036
0 0.723214 0.843750 0.089286 0.053571
0 0.720982 0.758929 0.093750 0.062500
0 0.725446 0.678571 0.084821 0.053571
0 0.716518 0.591518 0.093750 0.049107
0 0.723214 0.506696 0.098214 0.058036
0 0.727679 0.339286 0.089286 0.062500
0 0.725446 0.265625 0.093750 0.049107
0 0.732143 0.185268 0.089286 0.049107
0 0.732143 0.020089 0.089286 0.040179
0 0.968750 0.044643 0.062500 0.044643
0 0.966518 0.109375 0.066964 0.040179
0 0.964286 0.169643 0.062500 0.044643
0 0.964286 0.247768 0.062500 0.040179
0 0.964286 0.319196 0.062500 0.049107
0 0.964286 0.383929 0.062500 0.044643
0 0.957589 0.441964 0.058036 0.035714
0 0.950893 0.506696 0.062500 0.049107
0 0.950893 0.575893 0.062500 0.053571
0 0.955357 0.642857 0.062500 0.044643
0 0.955357 0.709821 0.062500 0.044643
0 0.953125 0.774554 0.058036 0.049107
0 0.948661 0.839286 0.058036 0.044643
0 0.946429 0.915179 0.053571 0.044643
0 0.948661 0.982143 0.058036 0.035714
