4 0.353516 0.328125 0.035156 0.031250
4 0.281250 0.330078 0.031250 0.027344
4 0.210938 0.324219 0.031250 0.031250
4 0.134766 0.328125 0.035156 0.031250
4 0.072266 0.330078 0.035156 0.027344
4 0.009766 0.326172 0.027344 0.027344
4 0.283203 0.531250 0.042969 0.039062
4 0.201172 0.531250 0.042969 0.039062
4 0.291016 0.593750 0.042969 0.031250
4 0.199219 0.599609 0.062500 0.050781
4 0.105469 0.531250 0.039062 0.039062
4 0.091797 0.623047 0.035156 0.027344
4 0.035156 0.546875 0.023438 0.023438
4 0.031250 0.583984 0.031250 0.027344
4 0.009766 0.511719 0.027344 0.031250
4 0.498047 0.789062 0.035156 0.015625
