2 0.494141 0.050781 0.125000 0.082031
2 0.285156 0.031250 0.105469 0.062500
2 0.401367 0.083984 0.111328 0.078125
2 0.200195 0.055664 0.111328 0.080078
2 0.332031 0.121094 0.121094 0.093750
2 0.234375 0.145508 0.101562 0.083984
2 0.096680 0.072266 0.111328 0.078125
2 0.043945 0.121094 0.087891 0.070312
2 0.086914 0.215820 0.103516 0.072266
2 0.859375 0.163086 0.121094 0.072266
2 0.896484 0.302734 0.128906 0.097656
2 0.703125 0.384766 0.113281 0.085938
2 0.509766 0.370117 0.101562 0.080078
2 0.652344 0.442383 0.097656 0.068359
2 0.436523 0.408203 0.111328 0.082031
2 0.569336 0.474609 0.115234 0.085938
2 0.500977 0.500000 0.130859 0.085938
2 0.371094 0.440430 0.132812 0.095703
2 0.275391 0.467773 0.101562 0.080078
2 0.409180 0.530273 0.126953 0.091797
2 0.333008 0.568359 0.134766 0.097656
2 0.194336 0.489258 0.060547 0.060547
2 0.108398 0.519531 0.072266 0.062500
2 0.189453 0.648438 0.105469 0.070312
2 0.108398 0.667969 0.107422 0.085938
2 0.497070 0.929688 0.150391 0.105469
2 0.607422 0.901367 0.136719 0.103516
2 0.476562 0.829102 0.148438 0.107422
2 0.563477 0.790039 0.119141 0.091797
2 0.694336 0.862305 0.130859 0.091797
2 0.796875 0.831055 0.148438 0.107422
2 0.654297 0.767578 0.125000 0.089844
2 0.743164 0.731445 0.123047 0.091797
2 0.814453 0.692383 0.113281 0.087891
2 0.890625 0.804688 0.105469 0.074219
2 0.870117 0.638672 0.103516 0.085938
