1 0.718750 0.125000 0.070312 0.039062
1 0.787109 0.248047 0.082031 0.050781
1 0.441406 0.193359 0.070312 0.042969
1 0.279297 0.087891 0.066406 0.050781
1 0.179688 0.296875 0.062500 0.031250
1 0.566406 0.439453 0.039062 0.058594
1 0.697266 0.478516 0.058594 0.050781
1 0.753906 0.509766 0.054688 0.042969
1 0.666016 0.367188 0.066406 0.031250
1 0.787109 0.375000 0.066406 0.039062
1 0.742188 0.402344 0.062500 0.046875
1 0.736328 0.357422 0.050781 0.027344
1 0.958984 0.917969 0.074219 0.101562
1 0.703125 0.560547 0.046875 0.027344
1 0.669922 0.716797 0.042969 0.019531
1 0.732422 0.744141 0.058594 0.066406
1 0.703125 0.638672 0.054688 0.027344
1 0.769531 0.619141 0.062500 0.058594
