0 0.049107 0.031250 0.071429 0.062500
0 0.035714 0.116071 0.071429 0.089286
0 0.033482 0.223214 0.066964 0.062500
0 0.037946 0.323661 0.075893 0.066964
0 0.037946 0.417411 0.075893 0.075893
0 0.035714 0.524554 0.071429 0.066964
0 0.035714 0.633929 0.071429 0.071429
0 0.031250 0.716518 0.062500 0.066964
0 0.033482 0.819196 0.066964 0.066964
0 0.033482 0.926339 0.066964 0.075893
0 0.294643 0.031250 0.080357 0.062500
0 0.223214 0.073661 0.089286 0.066964
0 0.294643 0.125000 0.080357 0.071429
0 0.223214 0.176339 0.080357 0.066964
0 0.287946 0.220982 0.084821 0.075893
0 0.218750 0.274554 0.080357 0.058036
0 0.294643 0.332589 0.080357 0.075893
0 0.214286 0.381696 0.089286 0.066964
0 0.285714 0.433036 0.080357 0.062500
0 0.216518 0.486607 0.093750 0.053571
0 0.290179 0.529018 0.071429 0.066964
0 0.212054 0.582589 0.084821 0.049107
0 0.283482 0.629464 0.084821 0.062500
0 0.209821 0.680804 0.080357 0.049107
0 0.283482 0.732143 0.084821 0.071429
0 0.216518 0.781250 0.093750 0.053571
0 0.281250 0.823661 0.080357 0.075893
0 0.209821 0.883929 0.080357 0.062500
0 0.274554 0.930804 0.084821 0.066964
0 0.207589 0.975446 0.075893 0.049107
0 0.484375 0.026786 0.084821 0.053571
0 0.551339 0.080357 0.075893 0.062500
0 0.484375 0.127232 0.075893 0.066964
0 0.553571 0.174107 0.071429 0.071429
0 0.479911 0.229911 0.084821 0.058036
0 0.551339 0.276786 0.075893 0.071429
0 0.484375 0.330357 0.084821 0.062500
0 0.549107 0.375000 0.071429 0.062500
0 0.477679 0.417411 0.080357 0.049107
0 0.546875 0.491071 0.084821 0.080357
0 0.477679 0.535714 0.071429 0.053571
0 0.542411 0.582589 0.075893 0.066964
0 0.482143 0.633929 0.089286 0.062500
0 0.544643 0.687500 0.080357 0.071429
0 0.470982 0.725446 0.075893 0.058036
0 0.533482 0.776786 0.084821 0.062500
0 0.470982 0.825893 0.075893 0.053571
0 0.537946 0.875000 0.084821 0.062500
0 0.466518 0.928571 0.084821 0.071429
0 0.540179 0.975446 0.089286 0.049107
0 0.736607 0.966518 0.089286 0.066964
0 0.734375 0.888393 0.084821 0.071429
0 0.736607 0.792411 0.080357 0.075893
0 0.729911 0.678571 0.075893 0.062500
0 0.803571 0.522321 0.071429 0.071429
0 0.736607 0.477679 0.080357 0.062500
0 0.803571 0.433036 0.071429 0.071429
0 0.810268 0.332589 0.066964 0.066964
0 0.747768 0.279018 0.084821 0.066964
0 0.805804 0.225446 0.075893 0.075893
0 0.741071 0.178571 0.080357 0.062500
0 0.808036 0.129464 0.080357 0.062500
0 0.743304 0.075893 0.084821 0.071429
0 0.816964 0.037946 0.080357 0.075893
