4 0.804688 0.962891 0.031250 0.027344
4 0.587891 0.111328 0.027344 0.019531
4 0.566406 0.101562 0.015625 0.015625
4 0.566406 0.121094 0.015625 0.007812
4 0.617188 0.103516 0.031250 0.019531
4 0.591797 0.085938 0.027344 0.015625
4 0.617188 0.080078 0.023438 0.019531
4 0.515625 0.218750 0.023438 0.015625
4 0.519531 0.167969 0.023438 0.015625
4 0.544922 0.160156 0.019531 0.015625
4 0.505859 0.125000 0.027344 0.015625
4 0.546875 0.125000 0.015625 0.015625
4 0.523438 0.138672 0.023438 0.019531
4 0.572266 0.144531 0.019531 0.015625
4 0.523438 0.191406 0.015625 0.015625
4 0.539062 0.189453 0.015625 0.011719
4 0.554688 0.181641 0.015625 0.019531
3 0.890625 0.908203 0.093750 0.027344
3 0.871094 0.796875 0.085938 0.039062
