4 0.652344 0.689453 0.046875 0.042969
4 0.667969 0.583984 0.039062 0.035156
4 0.726562 0.591797 0.031250 0.027344
4 0.785156 0.501953 0.023438 0.027344
4 0.757812 0.519531 0.023438 0.023438
4 0.710938 0.523438 0.031250 0.023438
4 0.720703 0.544922 0.027344 0.027344
4 0.767578 0.539062 0.027344 0.023438
4 0.796875 0.529297 0.031250 0.027344
4 0.808594 0.556641 0.031250 0.027344
4 0.783203 0.566406 0.027344 0.023438
3 0.906250 0.044922 0.054688 0.050781
4 0.720703 0.640625 0.035156 0.031250
4 0.660156 0.632812 0.031250 0.031250
4 0.835938 0.517578 0.031250 0.035156
4 0.851562 0.542969 0.031250 0.031250
