4 0.167969 0.906250 0.039062 0.031250
4 0.052734 0.800781 0.058594 0.046875
4 0.070312 0.742188 0.039062 0.031250
4 0.195312 0.767578 0.031250 0.027344
4 0.332031 0.945312 0.039062 0.039062
4 0.330078 0.906250 0.042969 0.031250
4 0.396484 0.912109 0.042969 0.035156
4 0.332031 0.867188 0.046875 0.039062
4 0.392578 0.867188 0.035156 0.031250
4 0.435547 0.888672 0.035156 0.027344
4 0.484375 0.898438 0.046875 0.031250
4 0.755859 0.833984 0.035156 0.035156
4 0.755859 0.798828 0.035156 0.027344
4 0.705078 0.800781 0.035156 0.031250
4 0.658203 0.802734 0.035156 0.027344
4 0.605469 0.804688 0.031250 0.023438
4 0.328125 0.607422 0.046875 0.035156
4 0.363281 0.671875 0.039062 0.039062
4 0.378906 0.613281 0.046875 0.039062
4 0.380859 0.726562 0.050781 0.046875
4 0.392578 0.792969 0.027344 0.023438
4 0.390625 0.767578 0.031250 0.027344
4 0.484375 0.833984 0.031250 0.027344
4 0.656250 0.259766 0.062500 0.050781
4 0.501953 0.267578 0.066406 0.050781
4 0.736328 0.271484 0.035156 0.035156
4 0.806641 0.269531 0.035156 0.031250
4 0.875000 0.271484 0.039062 0.035156
4 0.695312 0.320312 0.046875 0.039062
4 0.763672 0.314453 0.035156 0.035156
4 0.876953 0.539062 0.027344 0.031250
4 0.630859 0.761719 0.019531 0.023438
4 0.630859 0.738281 0.019531 0.023438
4 0.662109 0.742188 0.019531 0.023438
4 0.662109 0.761719 0.019531 0.023438
4 0.697266 0.761719 0.019531 0.023438
4 0.697266 0.742188 0.019531 0.023438
4 0.724609 0.765625 0.019531 0.023438
4 0.724609 0.742188 0.019531 0.023438
4 0.187500 0.740234 0.023438 0.019531
4 0.195312 0.833984 0.023438 0.019531
