0 0.669922 0.171875 0.042969 0.039062
0 0.693359 0.132812 0.042969 0.039062
0 0.714844 0.177734 0.039062 0.035156
0 0.738281 0.132812 0.039062 0.039062
0 0.757812 0.175781 0.046875 0.039062
0 0.785156 0.132812 0.039062 0.039062
0 0.828125 0.136719 0.039062 0.039062
0 0.806641 0.177734 0.042969 0.035156
0 0.851562 0.179688 0.039062 0.031250
0 0.875000 0.136719 0.039062 0.039062
0 0.898438 0.181641 0.046875 0.035156
0 0.921875 0.138672 0.039062 0.035156
0 0.968750 0.142578 0.039062 0.035156
0 0.941406 0.185547 0.046875 0.035156
0 0.984375 0.185547 0.031250 0.035156
0 0.677734 0.029297 0.035156 0.035156
0 0.722656 0.031250 0.039062 0.039062
0 0.765625 0.029297 0.039062 0.035156
0 0.808594 0.035156 0.039062 0.031250
0 0.851562 0.037109 0.039062 0.035156
0 0.898438 0.037109 0.039062 0.042969
0 0.941406 0.039062 0.039062 0.039062
0 0.984375 0.042969 0.031250 0.039062
0 0.960938 0.011719 0.039062 0.015625
0 0.921875 0.009766 0.046875 0.011719
0 0.869141 0.007812 0.042969 0.007812
0 0.824219 0.003906 0.046875 0.000000
0 0.785156 0.007812 0.039062 0.007812
0 0.742188 0.005859 0.039062 0.003906
0 0.695312 0.003906 0.046875 0.000000
