0 0.705078 0.906250 0.050781 0.046875
0 0.751953 0.912109 0.042969 0.042969
0 0.796875 0.914062 0.046875 0.039062
0 0.843750 0.916016 0.039062 0.035156
0 0.886719 0.914062 0.039062 0.031250
0 0.929688 0.916016 0.039062 0.042969
0 0.978516 0.919922 0.042969 0.042969
0 0.689453 0.861328 0.042969 0.050781
0 0.732422 0.865234 0.042969 0.058594
0 0.773438 0.871094 0.046875 0.046875
0 0.820312 0.878906 0.046875 0.046875
0 0.863281 0.875000 0.039062 0.054688
0 0.908203 0.878906 0.050781 0.046875
0 0.957031 0.875000 0.046875 0.046875
0 0.990234 0.875000 0.019531 0.046875
