2 0.119141 0.120117 0.074219 0.087891
2 0.373047 0.124023 0.066406 0.083984
2 0.625977 0.127930 0.068359 0.083984
2 0.875000 0.135742 0.054688 0.060547
2 0.121094 0.387695 0.042969 0.052734
2 0.372070 0.380859 0.052734 0.058594
2 0.622070 0.373047 0.056641 0.074219
2 0.874023 0.375000 0.060547 0.082031
2 0.124023 0.624023 0.068359 0.087891
2 0.377930 0.625977 0.083984 0.095703
2 0.623047 0.628906 0.078125 0.089844
2 0.872070 0.627930 0.083984 0.083984
2 0.124023 0.879883 0.091797 0.080078
2 0.370117 0.877930 0.087891 0.072266
2 0.621094 0.879883 0.085938 0.068359
2 0.868164 0.876953 0.087891 0.054688
