0 0.775391 0.068359 0.019531 0.019531
0 0.800781 0.068359 0.015625 0.019531
0 0.820312 0.074219 0.015625 0.023438
0 0.843750 0.072266 0.023438 0.019531
0 0.869141 0.070312 0.019531 0.023438
0 0.888672 0.070312 0.019531 0.023438
0 0.910156 0.070312 0.015625 0.023438
0 0.955078 0.074219 0.019531 0.023438
0 0.976562 0.074219 0.015625 0.023438
0 0.816406 0.302734 0.031250 0.019531
0 0.865234 0.304688 0.027344 0.023438
0 0.912109 0.306641 0.035156 0.019531
0 0.958984 0.306641 0.019531 0.019531
0 0.828125 0.351562 0.015625 0.015625
0 0.865234 0.351562 0.011719 0.015625
0 0.916016 0.351562 0.011719 0.015625
0 0.880859 0.404297 0.011719 0.019531
0 0.916016 0.458984 0.011719 0.019531
0 0.857422 0.503906 0.019531 0.015625
0 0.960938 0.363281 0.015625 0.015625
0 0.978516 0.365234 0.011719 0.019531
0 0.953125 0.460938 0.015625 0.015625
0 0.970703 0.460938 0.011719 0.015625
0 0.929688 0.408203 0.023438 0.019531
0 0.972656 0.408203 0.015625 0.019531
0 0.957031 0.416016 0.023438 0.019531
0 0.988281 0.410156 0.015625 0.023438
0 0.960938 0.832031 0.015625 0.015625
0 0.980469 0.839844 0.015625 0.023438
