2 0.118164 0.123047 0.064453 0.082031
2 0.367188 0.125977 0.062500 0.080078
2 0.617188 0.130859 0.039062 0.054688
2 0.871094 0.131836 0.046875 0.060547
2 0.122070 0.375000 0.052734 0.074219
2 0.371094 0.371094 0.062500 0.082031
2 0.625000 0.370117 0.074219 0.087891
2 0.875000 0.371094 0.085938 0.085938
2 0.126953 0.620117 0.089844 0.091797
2 0.374023 0.617188 0.087891 0.085938
2 0.623047 0.621094 0.093750 0.078125
2 0.875000 0.621094 0.082031 0.062500
2 0.128906 0.868164 0.085938 0.060547
2 0.373047 0.873047 0.078125 0.050781
2 0.622070 0.869141 0.072266 0.039062
2 0.869141 0.873047 0.082031 0.042969
