0 0.669922 0.921875 0.042969 0.039062
0 0.693359 0.882812 0.042969 0.039062
0 0.714844 0.927734 0.039062 0.035156
0 0.738281 0.882812 0.039062 0.039062
0 0.757812 0.925781 0.046875 0.039062
0 0.785156 0.882812 0.039062 0.039062
0 0.828125 0.886719 0.039062 0.039062
0 0.806641 0.927734 0.042969 0.035156
0 0.851562 0.929688 0.039062 0.031250
0 0.875000 0.886719 0.039062 0.039062
0 0.898438 0.931641 0.046875 0.035156
0 0.921875 0.888672 0.039062 0.035156
0 0.968750 0.892578 0.039062 0.035156
0 0.941406 0.935547 0.046875 0.035156
0 0.984375 0.935547 0.031250 0.035156
0 0.677734 0.779297 0.035156 0.035156
0 0.722656 0.781250 0.039062 0.039062
0 0.765625 0.779297 0.039062 0.035156
0 0.808594 0.785156 0.039062 0.031250
0 0.851562 0.787109 0.039062 0.035156
0 0.898438 0.787109 0.039062 0.042969
0 0.941406 0.789062 0.039062 0.039062
0 0.960938 0.748047 0.039062 0.042969
0 0.921875 0.746094 0.046875 0.039062
0 0.869141 0.744141 0.042969 0.035156
0 0.824219 0.736328 0.046875 0.035156
0 0.785156 0.742188 0.039062 0.039062
0 0.742188 0.740234 0.039062 0.035156
0 0.695312 0.734375 0.046875 0.039062
0 0.789062 0.638672 0.054688 0.058594
0 0.837891 0.638672 0.042969 0.042969
0 0.884766 0.638672 0.035156 0.042969
0 0.929688 0.640625 0.039062 0.039062
0 0.976562 0.638672 0.039062 0.042969
0 0.667969 0.527344 0.023438 0.023438
0 0.697266 0.535156 0.019531 0.023438
0 0.728516 0.533203 0.027344 0.027344
0 0.759766 0.537109 0.027344 0.027344
0 0.787109 0.537109 0.019531 0.027344
0 0.806641 0.537109 0.019531 0.027344
0 0.826172 0.539062 0.019531 0.023438
0 0.855469 0.542969 0.015625 0.023438
0 0.892578 0.546875 0.019531 0.031250
0 0.919922 0.548828 0.019531 0.027344
0 0.941406 0.548828 0.023438 0.027344
0 0.960938 0.542969 0.023438 0.023438
0 0.984375 0.550781 0.023438 0.023438
0 0.648438 0.328125 0.046875 0.031250
0 0.671875 0.291016 0.046875 0.035156
0 0.736328 0.332031 0.050781 0.023438
0 0.761719 0.292969 0.054688 0.046875
0 0.781250 0.332031 0.039062 0.023438
0 0.824219 0.335938 0.039062 0.023438
0 0.871094 0.343750 0.039062 0.031250
0 0.853516 0.296875 0.050781 0.039062
0 0.919922 0.343750 0.050781 0.046875
0 0.945312 0.294922 0.054688 0.042969
0 0.900391 0.291016 0.035156 0.042969
0 0.478516 0.529297 0.042969 0.050781
0 0.425781 0.525391 0.046875 0.042969
0 0.382812 0.517578 0.046875 0.035156
0 0.343750 0.517578 0.039062 0.035156
0 0.654297 0.191406 0.042969 0.031250
0 0.703125 0.195312 0.039062 0.031250
0 0.746094 0.197266 0.039062 0.027344
0 0.787109 0.201172 0.035156 0.027344
0 0.833984 0.207031 0.042969 0.031250
0 0.882812 0.201172 0.046875 0.027344
0 0.972656 0.212891 0.046875 0.035156
0 0.998047 0.212891 0.003906 0.035156
0 0.955078 0.166016 0.050781 0.050781
0 0.908203 0.160156 0.042969 0.046875
0 0.865234 0.158203 0.042969 0.050781
0 0.816406 0.160156 0.039062 0.039062
0 0.773438 0.158203 0.039062 0.042969
0 0.728516 0.154297 0.042969 0.042969
0 0.679688 0.154297 0.046875 0.042969
0 0.980469 0.074219 0.039062 0.031250
0 0.935547 0.074219 0.042969 0.039062
0 0.892578 0.070312 0.042969 0.031250
0 0.847656 0.066406 0.039062 0.031250
0 0.804688 0.062500 0.046875 0.031250
0 0.759766 0.064453 0.042969 0.035156
0 0.710938 0.056641 0.046875 0.035156
0 0.666016 0.056641 0.035156 0.035156
0 0.644531 0.011719 0.039062 0.015625
0 0.693359 0.015625 0.042969 0.023438
0 0.736328 0.015625 0.042969 0.023438
0 0.781250 0.019531 0.039062 0.031250
0 0.824219 0.023438 0.039062 0.039062
0 0.869141 0.025391 0.050781 0.042969
0 0.912109 0.027344 0.042969 0.046875
0 0.958984 0.025391 0.050781 0.042969
