0 0.023438 0.890625 0.015625 0.015625
0 0.033203 0.904297 0.011719 0.019531
0 0.044922 0.892578 0.011719 0.019531
0 0.060547 0.890625 0.011719 0.015625
0 0.052734 0.902344 0.011719 0.015625
0 0.068359 0.898438 0.011719 0.015625
0 0.078125 0.890625 0.015625 0.015625
0 0.087891 0.898438 0.011719 0.015625
0 0.095703 0.890625 0.011719 0.015625
0 0.105469 0.902344 0.007812 0.015625
0 0.115234 0.892578 0.011719 0.011719
0 0.125000 0.900391 0.015625 0.011719
0 0.130859 0.892578 0.011719 0.011719
0 0.142578 0.904297 0.011719 0.011719
0 0.150391 0.896484 0.011719 0.019531
0 0.160156 0.904297 0.015625 0.011719
0 0.171875 0.894531 0.015625 0.015625
0 0.179688 0.906250 0.015625 0.015625
0 0.187500 0.894531 0.015625 0.015625
0 0.207031 0.894531 0.015625 0.015625
0 0.197266 0.906250 0.019531 0.015625
0 0.214844 0.906250 0.015625 0.015625
0 0.222656 0.894531 0.015625 0.015625
0 0.238281 0.908203 0.015625 0.011719
0 0.242188 0.894531 0.015625 0.015625
0 0.251953 0.906250 0.019531 0.015625
0 0.261719 0.896484 0.015625 0.019531
0 0.142578 0.953125 0.011719 0.015625
0 0.154297 0.943359 0.011719 0.011719
0 0.162109 0.953125 0.011719 0.015625
0 0.173828 0.943359 0.019531 0.011719
0 0.185547 0.951172 0.011719 0.011719
0 0.193359 0.945312 0.011719 0.015625
0 0.203125 0.957031 0.015625 0.015625
0 0.214844 0.943359 0.015625 0.011719
0 0.220703 0.957031 0.019531 0.015625
0 0.228516 0.947266 0.011719 0.019531
0 0.240234 0.957031 0.011719 0.015625
0 0.248047 0.943359 0.011719 0.011719
0 0.255859 0.957031 0.011719 0.015625
0 0.265625 0.947266 0.015625 0.011719
0 0.007812 0.837891 0.007812 0.011719
0 0.011719 0.851562 0.015625 0.015625
0 0.023438 0.839844 0.015625 0.015625
0 0.031250 0.851562 0.015625 0.015625
0 0.041016 0.841797 0.011719 0.011719
0 0.048828 0.853516 0.011719 0.011719
0 0.060547 0.841797 0.011719 0.019531
0 0.068359 0.851562 0.011719 0.015625
0 0.078125 0.843750 0.015625 0.015625
0 0.085938 0.855469 0.015625 0.015625
0 0.095703 0.841797 0.011719 0.011719
0 0.105469 0.851562 0.015625 0.015625
0 0.113281 0.845703 0.015625 0.019531
0 0.121094 0.853516 0.015625 0.019531
0 0.130859 0.843750 0.011719 0.015625
0 0.142578 0.853516 0.011719 0.019531
0 0.152344 0.843750 0.007812 0.015625
0 0.160156 0.853516 0.015625 0.011719
0 0.167969 0.843750 0.015625 0.015625
0 0.181641 0.855469 0.011719 0.015625
0 0.189453 0.845703 0.011719 0.011719
0 0.197266 0.857422 0.011719 0.011719
0 0.208984 0.845703 0.011719 0.011719
0 0.214844 0.859375 0.015625 0.015625
0 0.226562 0.851562 0.015625 0.015625
0 0.232422 0.859375 0.011719 0.015625
0 0.244141 0.851562 0.011719 0.015625
0 0.251953 0.861328 0.011719 0.019531
0 0.263672 0.851562 0.011719 0.015625
0 0.003906 0.798828 0.000000 0.019531
0 0.007812 0.808594 0.007812 0.015625
0 0.017578 0.796875 0.011719 0.015625
0 0.025391 0.806641 0.011719 0.011719
0 0.035156 0.796875 0.015625 0.015625
0 0.044922 0.808594 0.011719 0.015625
0 0.052734 0.798828 0.011719 0.019531
0 0.062500 0.808594 0.007812 0.015625
0 0.072266 0.794922 0.011719 0.019531
0 0.082031 0.808594 0.015625 0.015625
0 0.089844 0.796875 0.015625 0.015625
0 0.099609 0.808594 0.011719 0.015625
0 0.111328 0.800781 0.011719 0.015625
0 0.119141 0.810547 0.011719 0.019531
0 0.126953 0.800781 0.011719 0.015625
0 0.136719 0.812500 0.007812 0.015625
0 0.146484 0.800781 0.011719 0.015625
0 0.152344 0.812500 0.015625 0.015625
0 0.166016 0.798828 0.011719 0.011719
0 0.171875 0.812500 0.015625 0.015625
0 0.185547 0.798828 0.011719 0.011719
0 0.193359 0.810547 0.011719 0.011719
0 0.201172 0.802734 0.011719 0.011719
0 0.208984 0.810547 0.011719 0.011719
0 0.218750 0.802734 0.015625 0.011719
0 0.228516 0.814453 0.011719 0.019531
0 0.025391 0.714844 0.019531 0.015625
0 0.052734 0.714844 0.019531 0.015625
0 0.080078 0.718750 0.019531 0.015625
0 0.107422 0.720703 0.019531 0.019531
0 0.128906 0.726562 0.015625 0.015625
0 0.160156 0.726562 0.023438 0.015625
0 0.210938 0.726562 0.015625 0.015625
0 0.265625 0.732422 0.015625 0.011719
0 0.291016 0.734375 0.019531 0.015625
0 0.246094 0.671875 0.015625 0.015625
0 0.216797 0.667969 0.019531 0.015625
0 0.234375 0.652344 0.015625 0.023438
0 0.208984 0.648438 0.019531 0.015625
0 0.193359 0.664062 0.019531 0.015625
0 0.179688 0.650391 0.015625 0.019531
0 0.166016 0.666016 0.011719 0.019531
0 0.152344 0.652344 0.015625 0.015625
0 0.136719 0.666016 0.015625 0.011719
0 0.123047 0.650391 0.019531 0.011719
0 0.109375 0.666016 0.015625 0.011719
0 0.093750 0.644531 0.015625 0.015625
0 0.082031 0.662109 0.023438 0.011719
0 0.064453 0.644531 0.019531 0.015625
0 0.042969 0.644531 0.015625 0.015625
0 0.052734 0.662109 0.019531 0.011719
0 0.025391 0.660156 0.019531 0.015625
0 0.013672 0.640625 0.019531 0.015625
0 0.246094 0.576172 0.023438 0.027344
0 0.212891 0.578125 0.019531 0.031250
0 0.181641 0.572266 0.019531 0.027344
0 0.146484 0.570312 0.019531 0.023438
0 0.119141 0.566406 0.019531 0.023438
0 0.087891 0.566406 0.019531 0.023438
0 0.048828 0.566406 0.019531 0.023438
0 0.017578 0.560547 0.019531 0.019531
0 0.248047 0.500000 0.019531 0.023438
0 0.230469 0.515625 0.023438 0.023438
0 0.216797 0.498047 0.019531 0.019531
0 0.199219 0.515625 0.015625 0.023438
0 0.187500 0.500000 0.015625 0.023438
0 0.167969 0.511719 0.015625 0.023438
0 0.154297 0.496094 0.019531 0.023438
0 0.136719 0.511719 0.015625 0.023438
0 0.123047 0.494141 0.019531 0.019531
0 0.105469 0.505859 0.015625 0.019531
0 0.089844 0.492188 0.015625 0.023438
0 0.074219 0.513672 0.015625 0.019531
0 0.056641 0.492188 0.019531 0.015625
0 0.011719 0.501953 0.015625 0.027344
0 0.238281 0.437500 0.023438 0.023438
0 0.207031 0.437500 0.023438 0.031250
0 0.171875 0.433594 0.015625 0.023438
0 0.142578 0.435547 0.019531 0.027344
0 0.853516 0.154297 0.042969 0.050781
0 0.800781 0.150391 0.046875 0.042969
0 0.757812 0.142578 0.046875 0.035156
0 0.718750 0.142578 0.039062 0.035156
