4 0.683594 0.953125 0.023438 0.023438
4 0.443359 0.628906 0.027344 0.039062
4 0.417969 0.607422 0.031250 0.019531
4 0.566406 0.689453 0.023438 0.027344
4 0.478516 0.578125 0.027344 0.031250
4 0.476562 0.552734 0.046875 0.027344
4 0.718750 0.251953 0.031250 0.035156
4 0.837891 0.208984 0.027344 0.019531
4 0.820312 0.183594 0.023438 0.023438
4 0.800781 0.162109 0.023438 0.019531
4 0.794922 0.138672 0.035156 0.027344
4 0.763672 0.121094 0.035156 0.023438
4 0.837891 0.162109 0.027344 0.019531
4 0.822266 0.138672 0.027344 0.019531
4 0.806641 0.115234 0.035156 0.019531
4 0.783203 0.095703 0.035156 0.019531
3 0.111328 0.695312 0.207031 0.109375
3 0.097656 0.619141 0.195312 0.082031
