1 0.519000 0.951500 0.070000 0.043000
1 0.253000 0.626500 0.114000 0.041000
1 0.395500 0.393500 0.065000 0.053000
1 0.354500 0.317500 0.071000 0.051000
1 0.224000 0.345000 0.070000 0.048000
1 0.149000 0.276000 0.060000 0.066000
1 0.028500 0.347000 0.055000 0.058000
1 0.218000 0.213000 0.072000 0.046000
1 0.115500 0.158500 0.075000 0.063000
1 0.204500 0.080500 0.065000 0.051000
1 0.556000 0.222000 0.140000 0.058000
1 0.566000 0.293000 0.078000 0.026000
1 0.562500 0.380000 0.089000 0.036000
1 0.638500 0.136000 0.087000 0.032000
1 0.608500 0.034500 0.099000 0.041000
1 0.422000 0.116500 0.084000 0.031000
