4 0.492188 0.361328 0.078125 0.074219
4 0.578125 0.343750 0.070312 0.070312
4 0.654297 0.322266 0.058594 0.074219
4 0.753906 0.298828 0.070312 0.074219
4 0.761719 0.386719 0.085938 0.093750
4 0.685547 0.406250 0.082031 0.078125
4 0.593750 0.435547 0.070312 0.074219
4 0.503906 0.449219 0.085938 0.093750
4 0.439453 0.466797 0.042969 0.042969
4 0.517578 0.544922 0.089844 0.089844
4 0.593750 0.523438 0.078125 0.085938
4 0.708984 0.507812 0.082031 0.078125
4 0.789062 0.482422 0.070312 0.082031
4 0.458984 0.595703 0.050781 0.050781
4 0.955078 0.964844 0.074219 0.070312
