4 0.673828 0.406250 0.042969 0.039062
4 0.550781 0.300781 0.054688 0.046875
4 0.574219 0.240234 0.039062 0.035156
4 0.695312 0.330078 0.031250 0.027344
4 0.695312 0.267578 0.039062 0.027344
4 0.687500 0.242188 0.023438 0.023438
4 0.830078 0.109375 0.042969 0.039062
4 0.882812 0.115234 0.046875 0.042969
4 0.861328 0.171875 0.035156 0.039062
4 0.878906 0.226562 0.046875 0.039062
4 0.892578 0.294922 0.027344 0.027344
4 0.888672 0.267578 0.027344 0.019531
4 0.830078 0.447266 0.042969 0.035156
4 0.830078 0.406250 0.035156 0.031250
4 0.832031 0.369141 0.039062 0.035156
4 0.898438 0.410156 0.039062 0.039062
4 0.931641 0.388672 0.027344 0.027344
4 0.982422 0.400391 0.035156 0.035156
4 0.892578 0.369141 0.027344 0.027344
