2 0.117188 0.123047 0.085938 0.078125
2 0.366211 0.121094 0.076172 0.070312
2 0.616211 0.119141 0.072266 0.078125
2 0.871094 0.118164 0.074219 0.083984
2 0.120117 0.361328 0.064453 0.078125
2 0.374023 0.372070 0.064453 0.083984
2 0.622070 0.371094 0.068359 0.089844
2 0.871094 0.374023 0.058594 0.080078
2 0.124023 0.628906 0.048828 0.070312
2 0.374023 0.634766 0.044922 0.066406
2 0.625977 0.625977 0.052734 0.080078
2 0.876953 0.618164 0.058594 0.083984
2 0.125000 0.869141 0.054688 0.082031
2 0.378906 0.871094 0.074219 0.093750
2 0.631836 0.867188 0.068359 0.082031
2 0.880859 0.875000 0.082031 0.085938
