4 0.264648 0.026367 0.068359 0.056641
4 0.183594 0.014648 0.074219 0.056641
4 0.333008 0.038086 0.060547 0.056641
4 0.402344 0.051758 0.058594 0.060547
4 0.486328 0.040039 0.042969 0.044922
4 0.541992 0.045898 0.048828 0.044922
4 0.540039 0.098633 0.048828 0.044922
4 0.471680 0.090820 0.044922 0.041016
4 0.466797 0.138672 0.039062 0.035156
4 0.525391 0.150391 0.050781 0.039062
4 0.773438 0.012695 0.058594 0.052734
4 0.829102 0.056641 0.060547 0.054688
4 0.901367 0.067383 0.060547 0.052734
1 0.757812 0.387695 0.171875 0.052734
