2 0.856445 0.360352 0.130859 0.111328
2 0.895508 0.469727 0.119141 0.107422
2 0.837891 0.500000 0.113281 0.105469
2 0.777344 0.546875 0.113281 0.101562
2 0.693359 0.558594 0.121094 0.105469
2 0.500977 0.500977 0.126953 0.107422
2 0.568359 0.625000 0.132812 0.117188
2 0.464844 0.641602 0.117188 0.099609
2 0.371094 0.585938 0.097656 0.078125
2 0.273438 0.603516 0.148438 0.132812
2 0.396484 0.681641 0.128906 0.097656
2 0.258789 0.742188 0.166016 0.140625
2 0.070312 0.703125 0.113281 0.089844
2 0.448242 0.121094 0.076172 0.121094
2 0.084961 0.280273 0.064453 0.099609
