2 0.118164 0.117188 0.083984 0.089844
2 0.369141 0.117188 0.078125 0.089844
2 0.627930 0.124023 0.056641 0.068359
2 0.877930 0.126953 0.060547 0.054688
2 0.124023 0.374023 0.056641 0.060547
2 0.370117 0.366211 0.056641 0.068359
2 0.619141 0.370117 0.054688 0.068359
2 0.873047 0.369141 0.058594 0.074219
2 0.125977 0.618164 0.068359 0.080078
2 0.375000 0.620117 0.070312 0.083984
2 0.625000 0.621094 0.082031 0.089844
2 0.871094 0.620117 0.085938 0.091797
2 0.123047 0.875000 0.078125 0.078125
2 0.372070 0.874023 0.087891 0.083984
2 0.619141 0.877930 0.078125 0.064453
2 0.872070 0.878906 0.076172 0.062500
