2 0.118164 0.119141 0.064453 0.074219
2 0.375000 0.127930 0.066406 0.076172
2 0.624023 0.132812 0.060547 0.066406
2 0.873047 0.119141 0.062500 0.062500
2 0.125977 0.365234 0.064453 0.062500
2 0.376953 0.369141 0.062500 0.058594
2 0.626953 0.370117 0.062500 0.056641
2 0.873047 0.368164 0.070312 0.060547
2 0.123047 0.618164 0.085938 0.064453
2 0.369141 0.621094 0.078125 0.054688
2 0.626953 0.620117 0.066406 0.044922
2 0.872070 0.623047 0.076172 0.039062
2 0.122070 0.875000 0.072266 0.035156
2 0.371094 0.875000 0.062500 0.031250
2 0.623047 0.876953 0.074219 0.039062
2 0.868164 0.875000 0.087891 0.066406
