0 0.207589 0.078125 0.183036 0.156250
0 0.066964 0.203125 0.133929 0.129464
0 0.205357 0.301339 0.169643 0.129464
0 0.071429 0.430804 0.142857 0.156250
0 0.212054 0.520089 0.174107 0.138393
0 0.071429 0.642857 0.142857 0.151786
0 0.198661 0.745536 0.183036 0.125000
0 0.069196 0.866071 0.138393 0.151786
0 0.200893 0.950893 0.187500 0.098214
0 0.812500 0.080357 0.187500 0.133929
0 0.651786 0.196429 0.205357 0.142857
0 0.792411 0.287946 0.191964 0.147321
0 0.669643 0.417411 0.187500 0.129464
0 0.805804 0.529018 0.191964 0.138393
0 0.662946 0.638393 0.191964 0.133929
0 0.812500 0.729911 0.169643 0.138393
0 0.651786 0.852679 0.178571 0.133929
0 0.801339 0.946429 0.174107 0.107143
