0 0.003906 0.003906 0.000000 0.000000
0 0.015625 0.027344 0.023438 0.039062
0 0.066406 0.025391 0.031250 0.035156
0 0.130859 0.031250 0.027344 0.039062
0 0.187500 0.035156 0.023438 0.031250
0 0.214844 0.011719 0.031250 0.015625
0 0.250000 0.035156 0.031250 0.031250
0 0.285156 0.011719 0.023438 0.015625
0 0.312500 0.027344 0.023438 0.031250
0 0.339844 0.009766 0.031250 0.011719
0 0.373047 0.039062 0.027344 0.031250
0 0.417969 0.044922 0.039062 0.035156
0 0.457031 0.013672 0.023438 0.019531
0 0.488281 0.044922 0.023438 0.035156
0 0.529297 0.013672 0.035156 0.019531
0 0.546875 0.050781 0.023438 0.031250
0 0.574219 0.019531 0.031250 0.031250
0 0.011719 0.128906 0.015625 0.031250
0 0.035156 0.162109 0.023438 0.027344
0 0.064453 0.128906 0.027344 0.031250
0 0.099609 0.152344 0.019531 0.023438
0 0.125000 0.132812 0.023438 0.039062
0 0.156250 0.158203 0.031250 0.035156
0 0.181641 0.134766 0.027344 0.035156
0 0.212891 0.171875 0.027344 0.039062
0 0.240234 0.134766 0.027344 0.042969
0 0.267578 0.171875 0.027344 0.031250
0 0.300781 0.140625 0.023438 0.031250
0 0.326172 0.179688 0.035156 0.046875
0 0.351562 0.138672 0.031250 0.035156
0 0.384766 0.179688 0.035156 0.031250
0 0.410156 0.144531 0.031250 0.031250
0 0.439453 0.183594 0.035156 0.039062
0 0.470703 0.152344 0.035156 0.031250
0 0.501953 0.181641 0.035156 0.035156
0 0.531250 0.154297 0.031250 0.035156
0 0.556641 0.193359 0.035156 0.035156
0 0.587891 0.160156 0.027344 0.031250
0 0.611328 0.199219 0.035156 0.039062
0 0.019531 0.474609 0.023438 0.027344
0 0.050781 0.472656 0.023438 0.031250
0 0.083984 0.476562 0.019531 0.031250
0 0.183594 0.400391 0.031250 0.027344
0 0.248047 0.414062 0.019531 0.023438
0 0.263672 0.412109 0.019531 0.027344
0 0.292969 0.400391 0.023438 0.019531
0 0.312500 0.419922 0.015625 0.027344
0 0.328125 0.396484 0.015625 0.019531
0 0.345703 0.421875 0.019531 0.023438
0 0.361328 0.398438 0.019531 0.023438
0 0.376953 0.419922 0.019531 0.019531
0 0.392578 0.394531 0.019531 0.023438
0 0.427734 0.400391 0.019531 0.019531
0 0.466797 0.398438 0.019531 0.023438
0 0.484375 0.421875 0.015625 0.023438
0 0.505859 0.402344 0.019531 0.023438
0 0.564453 0.423828 0.027344 0.019531
0 0.582031 0.404297 0.023438 0.019531
0 0.613281 0.404297 0.023438 0.019531
0 0.601562 0.427734 0.023438 0.019531
0 0.455078 0.486328 0.027344 0.027344
0 0.484375 0.486328 0.023438 0.027344
0 0.517578 0.488281 0.019531 0.023438
0 0.550781 0.492188 0.023438 0.023438
0 0.585938 0.492188 0.023438 0.023438
0 0.619141 0.490234 0.027344 0.027344
