0 0.037109 0.951172 0.035156 0.027344
0 0.083984 0.957031 0.042969 0.031250
0 0.132812 0.951172 0.046875 0.027344
0 0.222656 0.962891 0.046875 0.035156
0 0.267578 0.962891 0.042969 0.035156
0 0.314453 0.966797 0.042969 0.035156
0 0.339844 0.925781 0.046875 0.046875
0 0.287109 0.919922 0.050781 0.042969
0 0.205078 0.916016 0.050781 0.050781
0 0.158203 0.910156 0.042969 0.046875
0 0.115234 0.908203 0.042969 0.050781
0 0.066406 0.910156 0.039062 0.039062
0 0.023438 0.908203 0.039062 0.042969
0 0.322266 0.822266 0.042969 0.027344
0 0.275391 0.826172 0.042969 0.035156
0 0.232422 0.824219 0.042969 0.031250
0 0.185547 0.824219 0.042969 0.039062
0 0.142578 0.820312 0.042969 0.031250
0 0.097656 0.816406 0.039062 0.031250
0 0.054688 0.812500 0.046875 0.031250
0 0.017578 0.814453 0.027344 0.035156
0 0.031250 0.759766 0.039062 0.050781
0 0.074219 0.769531 0.039062 0.046875
0 0.119141 0.775391 0.050781 0.042969
0 0.162109 0.775391 0.042969 0.050781
0 0.208984 0.773438 0.050781 0.046875
0 0.251953 0.781250 0.042969 0.046875
0 0.300781 0.779297 0.046875 0.050781
0 0.345703 0.781250 0.042969 0.046875
0 0.041016 0.677734 0.042969 0.035156
0 0.123047 0.685547 0.042969 0.035156
0 0.173828 0.685547 0.042969 0.035156
0 0.218750 0.691406 0.046875 0.039062
0 0.019531 0.634766 0.031250 0.042969
0 0.058594 0.625000 0.046875 0.054688
0 0.150391 0.638672 0.050781 0.058594
0 0.199219 0.638672 0.046875 0.058594
0 0.244141 0.640625 0.035156 0.054688
0 0.291016 0.644531 0.050781 0.054688
0 0.337891 0.648438 0.050781 0.046875
0 0.306641 0.695312 0.050781 0.039062
0 0.355469 0.695312 0.039062 0.031250
0 0.013672 0.537109 0.019531 0.042969
0 0.046875 0.539062 0.046875 0.039062
0 0.093750 0.541016 0.039062 0.035156
0 0.136719 0.539062 0.039062 0.031250
0 0.179688 0.541016 0.039062 0.042969
0 0.230469 0.544922 0.046875 0.042969
0 0.314453 0.554688 0.050781 0.046875
0 0.365234 0.556641 0.042969 0.042969
0 0.003906 0.490234 0.000000 0.058594
0 0.025391 0.496094 0.042969 0.046875
0 0.070312 0.503906 0.046875 0.046875
0 0.113281 0.500000 0.039062 0.054688
0 0.158203 0.503906 0.050781 0.046875
0 0.207031 0.500000 0.046875 0.046875
0 0.253906 0.500000 0.046875 0.046875
0 0.298828 0.503906 0.035156 0.046875
0 0.341797 0.509766 0.050781 0.050781
0 0.511719 0.521484 0.039062 0.042969
0 0.541016 0.496094 0.035156 0.046875
0 0.566406 0.525391 0.031250 0.042969
0 0.599609 0.494141 0.027344 0.042969
0 0.625000 0.527344 0.039062 0.039062
0 0.662109 0.501953 0.027344 0.042969
0 0.685547 0.535156 0.035156 0.039062
0 0.716797 0.503906 0.027344 0.046875
0 0.746094 0.533203 0.031250 0.042969
0 0.494141 0.628906 0.027344 0.039062
0 0.523438 0.658203 0.031250 0.042969
0 0.552734 0.628906 0.035156 0.039062
0 0.580078 0.656250 0.027344 0.046875
0 0.636719 0.667969 0.031250 0.039062
0 0.675781 0.638672 0.031250 0.042969
0 0.699219 0.671875 0.023438 0.039062
0 0.730469 0.642578 0.031250 0.042969
0 0.785156 0.640625 0.031250 0.031250
0 0.761719 0.669922 0.031250 0.042969
0 0.486328 0.796875 0.027344 0.039062
0 0.539062 0.802734 0.023438 0.042969
0 0.597656 0.804688 0.039062 0.039062
0 0.658203 0.806641 0.042969 0.035156
0 0.482422 0.937500 0.035156 0.039062
0 0.511719 0.902344 0.039062 0.031250
0 0.539062 0.941406 0.031250 0.039062
0 0.568359 0.904297 0.035156 0.035156
0 0.593750 0.945312 0.031250 0.039062
0 0.626953 0.912109 0.035156 0.042969
0 0.654297 0.953125 0.035156 0.039062
0 0.689453 0.914062 0.027344 0.046875
0 0.718750 0.945312 0.031250 0.039062
0 0.748047 0.921875 0.035156 0.046875
0 0.769531 0.953125 0.023438 0.031250
0 0.960938 0.740234 0.039062 0.035156
0 0.988281 0.779297 0.023438 0.042969
0 0.929688 0.904297 0.023438 0.035156
0 0.984375 0.912109 0.031250 0.035156
