4 0.957031 0.310547 0.085938 0.105469
4 0.945312 0.210938 0.109375 0.109375
4 0.861328 0.328125 0.128906 0.093750
4 0.837891 0.224609 0.144531 0.113281
4 0.542969 0.517578 0.132812 0.089844
4 0.638672 0.457031 0.128906 0.085938
4 0.621094 0.365234 0.132812 0.089844
4 0.523438 0.429688 0.132812 0.093750
4 0.501953 0.335938 0.128906 0.093750
4 0.292969 0.822266 0.109375 0.097656
4 0.277344 0.923828 0.117188 0.089844
4 0.275391 0.986328 0.113281 0.027344
4 0.177734 0.822266 0.113281 0.097656
4 0.167969 0.910156 0.093750 0.085938
4 0.164062 0.974609 0.109375 0.050781
4 0.042969 0.994141 0.078125 0.011719
4 0.042969 0.943359 0.078125 0.105469
4 0.048828 0.832031 0.089844 0.109375
4 0.048828 0.728516 0.089844 0.089844
4 0.076172 0.162109 0.082031 0.097656
4 0.160156 0.164062 0.085938 0.101562
4 0.330078 0.125000 0.089844 0.085938
4 0.318359 0.037109 0.074219 0.066406
