2 0.116211 0.125000 0.064453 0.066406
2 0.369141 0.123047 0.066406 0.066406
2 0.624023 0.117188 0.083984 0.070312
2 0.874023 0.116211 0.087891 0.064453
2 0.122070 0.367188 0.095703 0.078125
2 0.375000 0.368164 0.089844 0.060547
2 0.622070 0.367188 0.091797 0.058594
2 0.881836 0.368164 0.103516 0.048828
2 0.124023 0.619141 0.099609 0.046875
2 0.373047 0.620117 0.105469 0.044922
2 0.625000 0.615234 0.097656 0.062500
2 0.878906 0.620117 0.093750 0.056641
2 0.127930 0.868164 0.099609 0.068359
2 0.377930 0.871094 0.087891 0.066406
2 0.623047 0.866211 0.105469 0.087891
2 0.875977 0.866211 0.099609 0.087891
