2 0.124023 0.130859 0.080078 0.093750
2 0.374023 0.131836 0.083984 0.080078
2 0.625977 0.131836 0.083984 0.068359
2 0.875000 0.131836 0.078125 0.056641
2 0.123047 0.379883 0.085938 0.060547
2 0.370117 0.383789 0.076172 0.033203
2 0.620117 0.377930 0.083984 0.041016
2 0.871094 0.373047 0.089844 0.046875
2 0.122070 0.624023 0.083984 0.056641
2 0.369141 0.625977 0.074219 0.060547
2 0.616211 0.624023 0.087891 0.068359
2 0.870117 0.620117 0.072266 0.083984
2 0.124023 0.885742 0.056641 0.080078
2 0.371094 0.877930 0.035156 0.076172
2 0.621094 0.886719 0.046875 0.066406
2 0.871094 0.876953 0.085938 0.097656
