2 0.125000 0.124023 0.058594 0.083984
2 0.370117 0.120117 0.060547 0.083984
2 0.628906 0.122070 0.074219 0.087891
2 0.875000 0.116211 0.074219 0.091797
2 0.124023 0.362305 0.087891 0.095703
2 0.376953 0.375000 0.078125 0.078125
2 0.625977 0.366211 0.087891 0.087891
2 0.881836 0.367188 0.072266 0.074219
2 0.124023 0.616211 0.083984 0.080078
2 0.373047 0.618164 0.085938 0.076172
2 0.625000 0.616211 0.089844 0.072266
2 0.875977 0.618164 0.087891 0.052734
2 0.124023 0.872070 0.083984 0.052734
2 0.369141 0.872070 0.097656 0.041016
2 0.616211 0.871094 0.095703 0.046875
2 0.874023 0.869141 0.083984 0.050781
