0 0.017578 0.337891 0.011719 0.019531
0 0.029297 0.330078 0.011719 0.019531
0 0.041016 0.335938 0.011719 0.015625
0 0.048828 0.328125 0.011719 0.015625
0 0.060547 0.339844 0.011719 0.015625
0 0.070312 0.326172 0.015625 0.019531
0 0.080078 0.341797 0.011719 0.019531
0 0.091797 0.330078 0.011719 0.019531
0 0.099609 0.343750 0.011719 0.015625
0 0.113281 0.328125 0.015625 0.023438
0 0.142578 0.343750 0.011719 0.015625
0 0.044922 0.277344 0.019531 0.023438
0 0.070312 0.279297 0.015625 0.027344
0 0.093750 0.281250 0.015625 0.023438
0 0.115234 0.285156 0.019531 0.023438
0 0.138672 0.283203 0.019531 0.027344
0 0.037109 0.394531 0.019531 0.031250
0 0.095703 0.380859 0.019531 0.019531
0 0.107422 0.404297 0.019531 0.019531
0 0.078125 0.449219 0.023438 0.023438
0 0.097656 0.447266 0.015625 0.019531
0 0.125000 0.445312 0.015625 0.023438
0 0.148438 0.435547 0.015625 0.050781
