2 0.121094 0.120117 0.078125 0.052734
2 0.376953 0.123047 0.085938 0.070312
2 0.618164 0.123047 0.091797 0.066406
2 0.873047 0.121094 0.085938 0.082031
2 0.120117 0.372070 0.076172 0.080078
2 0.374023 0.375977 0.056641 0.080078
2 0.623047 0.381836 0.042969 0.072266
2 0.873047 0.381836 0.031250 0.068359
2 0.120117 0.630859 0.044922 0.074219
2 0.372070 0.638672 0.056641 0.074219
2 0.619141 0.633789 0.058594 0.076172
2 0.875000 0.630859 0.078125 0.089844
2 0.125977 0.882812 0.080078 0.078125
2 0.375000 0.880859 0.082031 0.078125
2 0.624023 0.880859 0.080078 0.070312
2 0.877930 0.878906 0.087891 0.062500
