2 0.222656 0.495117 0.054688 0.115234
2 0.354492 0.502930 0.068359 0.119141
2 0.500000 0.500000 0.062500 0.085938
2 0.629883 0.495117 0.060547 0.083984
2 0.857422 0.510742 0.062500 0.076172
2 0.871094 0.766602 0.062500 0.080078
2 0.797852 0.910156 0.052734 0.074219
2 0.727539 0.770508 0.072266 0.080078
2 0.658203 0.915039 0.054688 0.103516
2 0.583008 0.916016 0.064453 0.085938
2 0.571289 0.744141 0.052734 0.117188
2 0.357422 0.771484 0.074219 0.105469
2 0.175781 0.770508 0.050781 0.080078
2 0.180664 0.912109 0.064453 0.105469
