4 0.236328 0.810547 0.035156 0.035156
4 0.167969 0.810547 0.031250 0.027344
4 0.103516 0.812500 0.035156 0.031250
4 0.031250 0.812500 0.031250 0.031250
4 0.039062 0.751953 0.031250 0.027344
4 0.105469 0.751953 0.031250 0.027344
4 0.166016 0.750000 0.035156 0.031250
4 0.238281 0.753906 0.031250 0.023438
4 0.164062 0.705078 0.031250 0.027344
4 0.234375 0.705078 0.031250 0.027344
4 0.230469 0.607422 0.031250 0.027344
4 0.242188 0.470703 0.031250 0.027344
4 0.117188 0.437500 0.031250 0.023438
4 0.171875 0.437500 0.031250 0.023438
4 0.236328 0.437500 0.027344 0.023438
4 0.171875 0.402344 0.023438 0.023438
4 0.236328 0.398438 0.027344 0.023438
4 0.167969 0.365234 0.031250 0.027344
4 0.236328 0.363281 0.027344 0.023438
3 0.289062 0.101562 0.046875 0.054688
