2 0.122070 0.120117 0.095703 0.091797
2 0.370117 0.122070 0.083984 0.083984
2 0.622070 0.122070 0.087891 0.095703
2 0.861328 0.125000 0.082031 0.082031
2 0.121094 0.376953 0.078125 0.089844
2 0.380859 0.391602 0.062500 0.068359
2 0.628906 0.391602 0.050781 0.048828
2 0.871094 0.386719 0.062500 0.062500
2 0.122070 0.626953 0.044922 0.074219
2 0.375977 0.624023 0.072266 0.095703
2 0.616211 0.635742 0.068359 0.076172
2 0.872070 0.630859 0.076172 0.082031
2 0.125000 0.875977 0.089844 0.095703
2 0.375977 0.874023 0.087891 0.091797
2 0.622070 0.877930 0.083984 0.080078
2 0.875000 0.878906 0.109375 0.085938
