2 0.103516 0.063477 0.121094 0.087891
2 0.054688 0.113281 0.109375 0.082031
2 0.051758 0.418945 0.099609 0.080078
2 0.189453 0.340820 0.125000 0.087891
2 0.345703 0.284180 0.089844 0.080078
2 0.108398 0.500977 0.123047 0.095703
2 0.188477 0.475586 0.103516 0.083984
2 0.263672 0.442383 0.117188 0.091797
2 0.351562 0.419922 0.093750 0.082031
2 0.420898 0.386719 0.087891 0.070312
2 0.406250 0.700195 0.125000 0.095703
2 0.291992 0.733398 0.134766 0.099609
2 0.447266 0.815430 0.140625 0.107422
2 0.361328 0.851562 0.121094 0.089844
2 0.236328 0.792969 0.125000 0.089844
2 0.274414 0.889648 0.138672 0.107422
2 0.201172 0.928711 0.105469 0.083984
2 0.123047 0.957031 0.136719 0.082031
