2 0.122070 0.131836 0.044922 0.056641
2 0.370117 0.132812 0.052734 0.062500
2 0.625000 0.127930 0.058594 0.072266
2 0.874023 0.124023 0.060547 0.072266
2 0.122070 0.373047 0.068359 0.074219
2 0.375000 0.369141 0.074219 0.082031
2 0.627930 0.368164 0.080078 0.072266
2 0.873047 0.373047 0.078125 0.074219
2 0.127930 0.620117 0.091797 0.083984
2 0.374023 0.618164 0.087891 0.076172
2 0.621094 0.625000 0.078125 0.062500
2 0.872070 0.618164 0.083984 0.060547
2 0.125000 0.872070 0.082031 0.029297
2 0.372070 0.870117 0.091797 0.048828
2 0.622070 0.867188 0.103516 0.062500
2 0.867188 0.869141 0.097656 0.058594
