2 0.927734 0.784180 0.113281 0.095703
2 0.891602 0.849609 0.091797 0.101562
2 0.827148 0.875977 0.099609 0.099609
2 0.783203 0.921875 0.105469 0.105469
2 0.343750 0.048828 0.085938 0.097656
2 0.399414 0.078125 0.080078 0.105469
2 0.460938 0.094727 0.089844 0.103516
2 0.516602 0.129883 0.099609 0.123047
2 0.583008 0.146484 0.083984 0.101562
2 0.637695 0.194336 0.095703 0.111328
2 0.704102 0.212891 0.080078 0.093750
2 0.713867 0.340820 0.095703 0.115234
2 0.638672 0.318359 0.089844 0.113281
2 0.575195 0.303711 0.083984 0.099609
2 0.522461 0.263672 0.083984 0.097656
2 0.451172 0.230469 0.093750 0.113281
2 0.392578 0.205078 0.093750 0.105469
2 0.330078 0.184570 0.089844 0.107422
2 0.269531 0.155273 0.074219 0.091797
2 0.209961 0.123047 0.095703 0.105469
2 0.148438 0.095703 0.085938 0.097656
2 0.083984 0.071289 0.085938 0.091797
2 0.055664 0.374023 0.056641 0.080078
2 0.113281 0.416016 0.093750 0.109375
2 0.183594 0.442383 0.089844 0.103516
2 0.243164 0.469727 0.083984 0.103516
2 0.299805 0.500977 0.080078 0.099609
2 0.370117 0.521484 0.083984 0.101562
2 0.427734 0.553711 0.082031 0.091797
2 0.498047 0.583984 0.089844 0.105469
2 0.557617 0.610352 0.083984 0.095703
2 0.050781 0.704102 0.101562 0.123047
2 0.117188 0.722656 0.093750 0.109375
2 0.176758 0.745117 0.103516 0.119141
2 0.236328 0.777344 0.089844 0.105469
2 0.293945 0.832031 0.080078 0.093750
