2 0.123047 0.119141 0.070312 0.082031
2 0.376953 0.119141 0.066406 0.078125
2 0.627930 0.125977 0.044922 0.044922
2 0.873047 0.127930 0.042969 0.056641
2 0.125000 0.371094 0.054688 0.062500
2 0.370117 0.367188 0.060547 0.074219
2 0.621094 0.376953 0.054688 0.054688
2 0.875977 0.370117 0.064453 0.076172
2 0.125000 0.618164 0.082031 0.091797
2 0.372070 0.621094 0.072266 0.082031
2 0.622070 0.619141 0.087891 0.093750
2 0.875000 0.621094 0.078125 0.078125
2 0.125977 0.875977 0.076172 0.064453
2 0.374023 0.876953 0.076172 0.062500
2 0.623047 0.878906 0.082031 0.066406
2 0.875977 0.878906 0.080078 0.042969
