4 0.058594 0.689453 0.039062 0.027344
4 0.130859 0.685547 0.042969 0.027344
4 0.201172 0.685547 0.035156 0.027344
4 0.279297 0.685547 0.042969 0.027344
4 0.345703 0.681641 0.042969 0.027344
4 0.414062 0.679688 0.039062 0.023438
4 0.486328 0.677734 0.035156 0.027344
4 0.550781 0.683594 0.031250 0.031250
4 0.619141 0.679688 0.035156 0.031250
4 0.046875 0.630859 0.031250 0.027344
4 0.107422 0.628906 0.027344 0.023438
4 0.167969 0.628906 0.023438 0.023438
4 0.224609 0.626953 0.027344 0.019531
4 0.285156 0.625000 0.031250 0.015625
4 0.345703 0.625000 0.035156 0.023438
4 0.423828 0.623047 0.027344 0.027344
4 0.486328 0.623047 0.027344 0.027344
4 0.552734 0.621094 0.027344 0.023438
4 0.619141 0.619141 0.035156 0.027344
4 0.619141 0.574219 0.027344 0.023438
4 0.044922 0.585938 0.027344 0.023438
4 0.107422 0.585938 0.019531 0.023438
4 0.166016 0.585938 0.035156 0.023438
4 0.222656 0.582031 0.039062 0.023438
4 0.287109 0.580078 0.035156 0.019531
4 0.345703 0.583984 0.035156 0.027344
4 0.552734 0.572266 0.027344 0.027344
4 0.031250 0.542969 0.031250 0.023438
4 0.080078 0.539062 0.027344 0.023438
4 0.128906 0.539062 0.039062 0.023438
4 0.175781 0.539062 0.031250 0.023438
4 0.216797 0.537109 0.027344 0.027344
4 0.263672 0.537109 0.027344 0.027344
4 0.308594 0.539062 0.023438 0.023438
4 0.351562 0.537109 0.023438 0.027344
4 0.353516 0.505859 0.027344 0.019531
4 0.615234 0.478516 0.027344 0.019531
4 0.500000 0.306641 0.031250 0.019531
4 0.558594 0.304688 0.031250 0.023438
4 0.628906 0.341797 0.031250 0.027344
4 0.558594 0.269531 0.031250 0.023438
4 0.626953 0.304688 0.027344 0.023438
4 0.621094 0.267578 0.023438 0.027344
4 0.554688 0.234375 0.039062 0.023438
4 0.621094 0.234375 0.031250 0.023438
