0 0.060268 0.107143 0.120536 0.125000
0 0.060268 0.328125 0.120536 0.111607
0 0.060268 0.553571 0.120536 0.160714
0 0.066964 0.957589 0.133929 0.084821
0 0.591518 0.116071 0.138393 0.160714
0 0.457589 0.218750 0.147321 0.151786
0 0.584821 0.337054 0.142857 0.138393
0 0.446429 0.435268 0.151786 0.156250
0 0.582589 0.544643 0.147321 0.125000
0 0.450893 0.665179 0.160714 0.151786
0 0.446429 0.877232 0.142857 0.129464
0 0.589286 0.962054 0.142857 0.075893
0 0.959821 0.214286 0.080357 0.125000
0 0.950893 0.437500 0.098214 0.125000
0 0.953125 0.656250 0.093750 0.133929
0 0.953125 0.888393 0.093750 0.142857
