4 0.050781 0.691406 0.093750 0.101562
4 0.210938 0.697266 0.125000 0.105469
4 0.130859 0.613281 0.136719 0.101562
4 0.058594 0.541016 0.101562 0.097656
4 0.404297 0.671875 0.113281 0.101562
4 0.486328 0.628906 0.128906 0.101562
4 0.404297 0.544922 0.136719 0.097656
4 0.320312 0.605469 0.117188 0.101562
4 0.251953 0.539062 0.121094 0.101562
4 0.332031 0.474609 0.132812 0.105469
4 0.251953 0.410156 0.144531 0.109375
4 0.152344 0.457031 0.140625 0.117188
4 0.091797 0.388672 0.121094 0.121094
4 0.175781 0.328125 0.132812 0.109375
4 0.103516 0.259766 0.144531 0.121094
4 0.044922 0.322266 0.082031 0.105469
4 0.048828 0.187500 0.089844 0.109375
