4 0.548828 0.097656 0.027344 0.031250
4 0.552734 0.130859 0.027344 0.027344
4 0.548828 0.158203 0.027344 0.027344
4 0.550781 0.185547 0.031250 0.027344
4 0.550781 0.212891 0.023438 0.027344
4 0.552734 0.240234 0.027344 0.019531
4 0.550781 0.269531 0.031250 0.031250
4 0.597656 0.111328 0.023438 0.027344
4 0.595703 0.136719 0.027344 0.023438
4 0.595703 0.166016 0.027344 0.027344
4 0.595703 0.195312 0.027344 0.023438
4 0.593750 0.220703 0.031250 0.027344
4 0.591797 0.253906 0.027344 0.023438
4 0.503906 0.183594 0.031250 0.039062
4 0.500000 0.212891 0.031250 0.027344
4 0.500000 0.244141 0.031250 0.027344
4 0.500000 0.269531 0.031250 0.023438
4 0.554688 0.324219 0.031250 0.031250
4 0.601562 0.326172 0.031250 0.027344
4 0.634766 0.324219 0.019531 0.023438
4 0.626953 0.361328 0.027344 0.027344
4 0.574219 0.359375 0.023438 0.031250
4 0.494141 0.357422 0.035156 0.035156
4 0.439453 0.375000 0.035156 0.031250
4 0.496094 0.390625 0.039062 0.031250
4 0.496094 0.427734 0.039062 0.035156
4 0.419922 0.425781 0.042969 0.039062
4 0.552734 0.394531 0.027344 0.023438
4 0.605469 0.400391 0.031250 0.027344
4 0.349609 0.330078 0.027344 0.027344
4 0.294922 0.332031 0.027344 0.023438
4 0.248047 0.332031 0.027344 0.031250
4 0.195312 0.332031 0.023438 0.031250
4 0.277344 0.406250 0.031250 0.031250
4 0.279297 0.472656 0.035156 0.031250
4 0.281250 0.505859 0.031250 0.027344
4 0.279297 0.537109 0.035156 0.027344
4 0.310547 0.445312 0.027344 0.023438
4 0.261719 0.439453 0.023438 0.035156
4 0.240234 0.474609 0.027344 0.027344
4 0.240234 0.507812 0.035156 0.031250
4 0.238281 0.541016 0.031250 0.027344
4 0.236328 0.572266 0.035156 0.027344
4 0.193359 0.472656 0.035156 0.031250
4 0.152344 0.476562 0.031250 0.031250
4 0.152344 0.507812 0.031250 0.031250
4 0.152344 0.539062 0.023438 0.023438
4 0.150391 0.572266 0.027344 0.027344
4 0.195312 0.505859 0.031250 0.027344
4 0.195312 0.539062 0.031250 0.023438
4 0.195312 0.572266 0.031250 0.027344
4 0.791016 0.550781 0.027344 0.015625
4 0.792969 0.585938 0.023438 0.023438
4 0.837891 0.544922 0.027344 0.027344
4 0.833984 0.583984 0.027344 0.027344
4 0.884766 0.548828 0.027344 0.027344
4 0.882812 0.583984 0.031250 0.035156
4 0.931641 0.546875 0.027344 0.031250
4 0.931641 0.583984 0.027344 0.027344
4 0.978516 0.546875 0.027344 0.031250
4 0.978516 0.585938 0.027344 0.031250
4 0.277344 0.658203 0.031250 0.027344
4 0.230469 0.660156 0.031250 0.031250
4 0.185547 0.662109 0.027344 0.027344
4 0.142578 0.658203 0.027344 0.027344
4 0.103516 0.662109 0.027344 0.027344
4 0.275391 0.689453 0.035156 0.027344
4 0.232422 0.691406 0.019531 0.023438
4 0.185547 0.693359 0.027344 0.027344
4 0.142578 0.695312 0.027344 0.023438
4 0.105469 0.691406 0.031250 0.023438
4 0.250000 0.722656 0.023438 0.023438
4 0.275391 0.748047 0.035156 0.027344
4 0.234375 0.748047 0.031250 0.027344
4 0.187500 0.714844 0.023438 0.015625
4 0.162109 0.720703 0.019531 0.011719
4 0.132812 0.718750 0.023438 0.015625
4 0.105469 0.720703 0.023438 0.019531
4 0.630859 0.126953 0.027344 0.027344
4 0.630859 0.162109 0.027344 0.027344
4 0.630859 0.185547 0.027344 0.027344
4 0.632812 0.240234 0.031250 0.027344
4 0.632812 0.261719 0.031250 0.023438
4 0.753906 0.357422 0.023438 0.027344
4 0.802734 0.359375 0.027344 0.023438
4 0.955078 0.330078 0.027344 0.027344
3 0.320312 0.929688 0.023438 0.039062
3 0.662109 0.464844 0.027344 0.023438
