1 0.181641 0.373047 0.082031 0.066406
1 0.294922 0.494141 0.089844 0.042969
1 0.468750 0.167969 0.085938 0.078125
1 0.582031 0.380859 0.085938 0.066406
1 0.851562 0.281250 0.070312 0.062500
1 0.812500 0.404297 0.078125 0.058594
1 0.863281 0.537109 0.085938 0.042969
1 0.593750 0.615234 0.109375 0.074219
1 0.744141 0.650391 0.074219 0.058594
1 0.035156 0.689453 0.070312 0.074219
1 0.197266 0.798828 0.136719 0.058594
1 0.322266 0.759766 0.082031 0.058594
1 0.529297 0.757812 0.089844 0.062500
1 0.755859 0.841797 0.066406 0.074219
1 0.427734 0.968750 0.105469 0.046875
