4 0.585938 0.056641 0.125000 0.105469
4 0.449219 0.105469 0.117188 0.109375
4 0.257812 0.173828 0.117188 0.105469
4 0.064453 0.080078 0.121094 0.105469
4 0.119141 0.220703 0.121094 0.097656
4 0.162109 0.357422 0.128906 0.105469
4 0.300781 0.296875 0.125000 0.109375
4 0.214844 0.486328 0.117188 0.097656
4 0.353516 0.429688 0.121094 0.101562
4 0.410156 0.574219 0.125000 0.109375
4 0.271484 0.626953 0.128906 0.105469
4 0.320312 0.755859 0.132812 0.105469
4 0.460938 0.708984 0.125000 0.105469
4 0.367188 0.888672 0.117188 0.105469
4 0.505859 0.839844 0.121094 0.109375
4 0.498047 0.236328 0.113281 0.113281
4 0.634766 0.189453 0.121094 0.105469
4 0.683594 0.320312 0.125000 0.101562
4 0.546875 0.369141 0.125000 0.105469
4 0.601562 0.505859 0.125000 0.105469
4 0.744141 0.457031 0.121094 0.117188
4 0.791016 0.593750 0.121094 0.117188
4 0.648438 0.638672 0.125000 0.105469
4 0.701172 0.773438 0.121094 0.109375
4 0.843750 0.724609 0.109375 0.097656
