4 0.953125 0.179688 0.023438 0.023438
4 0.951172 0.216797 0.027344 0.027344
4 0.722656 0.029297 0.031250 0.019531
4 0.746094 0.066406 0.031250 0.023438
4 0.394531 0.033203 0.031250 0.027344
4 0.378906 0.068359 0.031250 0.027344
4 0.332031 0.072266 0.031250 0.027344
4 0.269531 0.103516 0.031250 0.027344
4 0.316406 0.103516 0.031250 0.027344
4 0.359375 0.103516 0.031250 0.027344
4 0.398438 0.099609 0.031250 0.027344
4 0.425781 0.068359 0.031250 0.027344
4 0.394531 0.134766 0.031250 0.027344
4 0.355469 0.134766 0.031250 0.027344
4 0.312500 0.134766 0.031250 0.027344
4 0.265625 0.134766 0.031250 0.027344
4 0.269531 0.166016 0.031250 0.027344
4 0.312500 0.166016 0.031250 0.027344
4 0.355469 0.166016 0.031250 0.027344
4 0.398438 0.166016 0.031250 0.027344
4 0.351562 0.201172 0.031250 0.027344
4 0.308594 0.201172 0.031250 0.027344
4 0.269531 0.201172 0.031250 0.027344
4 0.226562 0.291016 0.031250 0.027344
4 0.257812 0.291016 0.031250 0.027344
4 0.304688 0.291016 0.031250 0.027344
4 0.347656 0.287109 0.031250 0.027344
4 0.394531 0.291016 0.031250 0.027344
4 0.394531 0.318359 0.031250 0.027344
4 0.347656 0.318359 0.031250 0.027344
4 0.304688 0.318359 0.031250 0.027344
4 0.257812 0.318359 0.031250 0.027344
4 0.222656 0.318359 0.031250 0.027344
4 0.902344 0.718750 0.031250 0.023438
4 0.902344 0.750000 0.031250 0.023438
4 0.898438 0.781250 0.031250 0.023438
4 0.898438 0.812500 0.031250 0.023438
4 0.960938 0.812500 0.031250 0.023438
4 0.371094 0.347656 0.023438 0.023438
4 0.304688 0.347656 0.023438 0.023438
4 0.277344 0.347656 0.023438 0.023438
4 0.250000 0.347656 0.023438 0.023438
4 0.222656 0.343750 0.023438 0.023438
4 0.351562 0.378906 0.023438 0.023438
4 0.392578 0.375000 0.027344 0.031250
4 0.111328 0.750000 0.027344 0.023438
4 0.087891 0.789062 0.027344 0.023438
4 0.072266 0.824219 0.027344 0.023438
4 0.080078 0.859375 0.027344 0.023438
4 0.107422 0.824219 0.027344 0.023438
4 0.130859 0.796875 0.027344 0.023438
4 0.162109 0.761719 0.027344 0.023438
4 0.173828 0.714844 0.027344 0.023438
4 0.189453 0.691406 0.027344 0.023438
4 0.251953 0.671875 0.027344 0.023438
4 0.318359 0.671875 0.027344 0.023438
4 0.294922 0.691406 0.027344 0.023438
4 0.181641 0.824219 0.027344 0.023438
4 0.162109 0.847656 0.027344 0.023438
4 0.667969 0.027344 0.031250 0.023438
4 0.615234 0.023438 0.042969 0.031250
4 0.615234 0.050781 0.042969 0.031250
3 0.429688 0.566406 0.023438 0.039062
3 0.011719 0.884766 0.023438 0.019531
