4 0.648438 0.339844 0.031250 0.031250
4 0.714844 0.367188 0.031250 0.031250
4 0.773438 0.398438 0.031250 0.031250
4 0.828125 0.421875 0.031250 0.031250
4 0.968750 0.417969 0.031250 0.031250
4 0.867188 0.458984 0.031250 0.027344
4 0.783203 0.457031 0.035156 0.031250
4 0.716797 0.427734 0.035156 0.027344
4 0.933594 0.572266 0.031250 0.035156
4 0.839844 0.568359 0.039062 0.035156
4 0.779297 0.572266 0.042969 0.035156
4 0.929688 0.611328 0.023438 0.027344
4 0.865234 0.705078 0.027344 0.035156
4 0.785156 0.705078 0.031250 0.027344
3 0.187500 0.333984 0.023438 0.035156
3 0.607422 0.041016 0.035156 0.019531
