4 0.752930 0.897461 0.060547 0.060547
4 0.793945 0.833008 0.064453 0.068359
4 0.853516 0.775391 0.062500 0.066406
4 0.901367 0.719727 0.060547 0.072266
4 0.968750 0.725586 0.062500 0.076172
4 0.574219 0.863281 0.058594 0.054688
4 0.573242 0.784180 0.056641 0.068359
4 0.636719 0.780273 0.058594 0.068359
4 0.703125 0.767578 0.062500 0.070312
4 0.509766 0.704102 0.066406 0.068359
4 0.564453 0.647461 0.062500 0.064453
4 0.640625 0.662109 0.066406 0.066406
4 0.686523 0.602539 0.060547 0.072266
4 0.764648 0.585938 0.060547 0.062500
4 0.755859 0.501953 0.062500 0.066406
4 0.944336 0.356445 0.068359 0.068359
4 0.925781 0.274414 0.066406 0.068359
4 0.854492 0.304688 0.060547 0.066406
4 0.805664 0.252930 0.072266 0.060547
4 0.853516 0.194336 0.070312 0.064453
4 0.751953 0.205078 0.074219 0.066406
