0 0.105469 0.140625 0.023438 0.015625
0 0.134766 0.134766 0.019531 0.027344
0 0.164062 0.138672 0.023438 0.027344
0 0.195312 0.138672 0.023438 0.027344
0 0.226562 0.144531 0.031250 0.031250
0 0.275391 0.146484 0.027344 0.035156
0 0.365234 0.150391 0.027344 0.027344
0 0.417969 0.152344 0.031250 0.031250
0 0.474609 0.156250 0.027344 0.031250
0 0.164062 0.263672 0.023438 0.035156
0 0.222656 0.271484 0.031250 0.035156
0 0.283203 0.271484 0.027344 0.042969
0 0.333984 0.273438 0.027344 0.031250
0 0.400391 0.277344 0.027344 0.031250
0 0.453125 0.279297 0.023438 0.027344
0 0.509766 0.277344 0.027344 0.031250
0 0.568359 0.283203 0.027344 0.027344
0 0.015625 0.402344 0.023438 0.039062
0 0.041016 0.367188 0.027344 0.031250
0 0.066406 0.400391 0.031250 0.035156
0 0.103516 0.371094 0.019531 0.031250
0 0.130859 0.406250 0.027344 0.039062
0 0.160156 0.373047 0.031250 0.035156
0 0.187500 0.410156 0.023438 0.031250
0 0.214844 0.378906 0.031250 0.031250
0 0.250000 0.410156 0.031250 0.031250
0 0.285156 0.376953 0.023438 0.035156
0 0.312500 0.402344 0.023438 0.031250
0 0.339844 0.375000 0.031250 0.031250
0 0.373047 0.414062 0.027344 0.031250
0 0.417969 0.419922 0.039062 0.035156
0 0.457031 0.380859 0.023438 0.035156
0 0.488281 0.419922 0.023438 0.035156
0 0.529297 0.382812 0.035156 0.031250
0 0.546875 0.425781 0.023438 0.031250
0 0.574219 0.392578 0.031250 0.035156
0 0.011719 0.503906 0.015625 0.031250
0 0.035156 0.537109 0.023438 0.027344
0 0.064453 0.503906 0.027344 0.031250
0 0.099609 0.527344 0.019531 0.023438
0 0.125000 0.507812 0.023438 0.039062
0 0.156250 0.533203 0.031250 0.035156
0 0.181641 0.509766 0.027344 0.035156
0 0.212891 0.546875 0.027344 0.039062
0 0.240234 0.509766 0.027344 0.042969
0 0.267578 0.546875 0.027344 0.031250
0 0.300781 0.515625 0.023438 0.031250
0 0.326172 0.554688 0.035156 0.046875
0 0.351562 0.513672 0.031250 0.035156
0 0.384766 0.554688 0.035156 0.031250
0 0.410156 0.519531 0.031250 0.031250
0 0.439453 0.558594 0.035156 0.039062
0 0.470703 0.527344 0.035156 0.031250
0 0.501953 0.556641 0.035156 0.035156
0 0.531250 0.529297 0.031250 0.035156
0 0.556641 0.568359 0.035156 0.035156
0 0.587891 0.535156 0.027344 0.031250
0 0.611328 0.574219 0.035156 0.039062
0 0.019531 0.849609 0.023438 0.027344
0 0.050781 0.847656 0.023438 0.031250
0 0.083984 0.851562 0.019531 0.031250
0 0.183594 0.775391 0.031250 0.027344
0 0.248047 0.789062 0.019531 0.023438
0 0.263672 0.787109 0.019531 0.027344
0 0.292969 0.775391 0.023438 0.019531
0 0.312500 0.794922 0.015625 0.027344
0 0.328125 0.771484 0.015625 0.019531
0 0.345703 0.796875 0.019531 0.023438
0 0.361328 0.773438 0.019531 0.023438
0 0.376953 0.794922 0.019531 0.019531
0 0.392578 0.769531 0.019531 0.023438
0 0.427734 0.775391 0.019531 0.019531
0 0.466797 0.773438 0.019531 0.023438
0 0.484375 0.796875 0.015625 0.023438
0 0.505859 0.777344 0.019531 0.023438
0 0.564453 0.798828 0.027344 0.019531
0 0.582031 0.779297 0.023438 0.019531
0 0.613281 0.779297 0.023438 0.019531
0 0.601562 0.802734 0.023438 0.019531
0 0.455078 0.861328 0.027344 0.027344
0 0.484375 0.861328 0.023438 0.027344
0 0.517578 0.863281 0.019531 0.023438
0 0.550781 0.867188 0.023438 0.023438
0 0.585938 0.867188 0.023438 0.023438
0 0.619141 0.865234 0.027344 0.027344
