4 0.148438 0.335938 0.031250 0.031250
4 0.214844 0.367188 0.031250 0.031250
4 0.269531 0.398438 0.039062 0.031250
4 0.326172 0.421875 0.027344 0.031250
4 0.466797 0.416016 0.035156 0.027344
4 0.363281 0.457031 0.031250 0.023438
4 0.285156 0.457031 0.031250 0.031250
4 0.216797 0.429688 0.035156 0.031250
4 0.427734 0.572266 0.035156 0.035156
4 0.429688 0.613281 0.031250 0.031250
4 0.363281 0.703125 0.031250 0.031250
4 0.279297 0.570312 0.042969 0.031250
4 0.341797 0.570312 0.042969 0.039062
4 0.285156 0.703125 0.023438 0.023438
3 0.523438 0.345703 0.015625 0.027344
3 0.095703 0.041016 0.035156 0.019531
