2 0.122070 0.115234 0.083984 0.078125
2 0.371094 0.114258 0.085938 0.076172
2 0.621094 0.111328 0.089844 0.070312
2 0.873047 0.111328 0.109375 0.085938
2 0.120117 0.364258 0.087891 0.060547
2 0.373047 0.363281 0.089844 0.058594
2 0.620117 0.364258 0.087891 0.056641
2 0.872070 0.367188 0.076172 0.031250
2 0.123047 0.614258 0.078125 0.033203
2 0.371094 0.619141 0.074219 0.031250
2 0.614258 0.619141 0.060547 0.031250
2 0.877930 0.620117 0.080078 0.048828
2 0.122070 0.871094 0.080078 0.050781
2 0.374023 0.876953 0.072266 0.039062
2 0.627930 0.874023 0.087891 0.064453
2 0.877930 0.875977 0.083984 0.068359
