2 0.448242 0.898438 0.048828 0.093750
2 0.531250 0.906250 0.062500 0.097656
2 0.920898 0.651367 0.064453 0.134766
2 0.782227 0.625000 0.056641 0.140625
2 0.643555 0.608398 0.060547 0.087891
2 0.562500 0.595703 0.046875 0.082031
2 0.581055 0.500977 0.044922 0.060547
2 0.729492 0.508789 0.048828 0.072266
2 0.874023 0.503906 0.041016 0.085938
2 0.655273 0.491211 0.056641 0.095703
2 0.971680 0.246094 0.048828 0.089844
2 0.840820 0.219727 0.041016 0.072266
2 0.763672 0.225586 0.046875 0.083984
2 0.980469 0.117188 0.035156 0.089844
2 0.915039 0.112305 0.044922 0.072266
2 0.852539 0.109375 0.044922 0.058594
2 0.788086 0.103516 0.056641 0.093750
2 0.578125 0.072266 0.046875 0.082031
