0 0.457589 0.022321 0.058036 0.062500
0 0.506696 0.078125 0.058036 0.066964
0 0.404018 0.080357 0.049107 0.062500
0 0.343750 0.022321 0.062500 0.062500
0 0.301339 0.082589 0.049107 0.058036
0 0.245536 0.024554 0.053571 0.066964
0 0.187500 0.080357 0.044643 0.062500
0 0.140625 0.026786 0.049107 0.053571
0 0.091518 0.078125 0.040179 0.058036
0 0.035714 0.033482 0.044643 0.066964
0 0.705357 0.330357 0.044643 0.080357
0 0.602679 0.328125 0.044643 0.066964
0 0.502232 0.325893 0.058036 0.062500
0 0.401786 0.325893 0.044643 0.062500
0 0.296875 0.321429 0.049107 0.062500
0 0.200893 0.316964 0.044643 0.062500
0 0.091518 0.316964 0.049107 0.062500
0 0.486607 0.645089 0.035714 0.049107
0 0.455357 0.602679 0.044643 0.053571
0 0.415179 0.645089 0.044643 0.040179
0 0.388393 0.607143 0.044643 0.044643
0 0.352679 0.645089 0.035714 0.040179
0 0.316964 0.613839 0.053571 0.049107
0 0.283482 0.651786 0.040179 0.044643
0 0.241071 0.609375 0.053571 0.040179
0 0.212054 0.647321 0.040179 0.044643
0 0.174107 0.611607 0.044643 0.044643
0 0.136161 0.647321 0.040179 0.035714
0 0.102679 0.609375 0.044643 0.040179
0 0.073661 0.649554 0.040179 0.040179
0 0.035714 0.620536 0.044643 0.044643
0 0.627232 0.787946 0.040179 0.049107
0 0.589286 0.825893 0.044643 0.044643
0 0.553571 0.783482 0.035714 0.040179
0 0.522321 0.828125 0.044643 0.040179
0 0.484375 0.785714 0.040179 0.044643
0 0.444196 0.830357 0.040179 0.044643
0 0.412946 0.785714 0.049107 0.053571
0 0.381696 0.828125 0.049107 0.049107
0 0.345982 0.787946 0.040179 0.040179
0 0.310268 0.830357 0.040179 0.044643
0 0.274554 0.794643 0.040179 0.044643
0 0.238839 0.830357 0.040179 0.044643
0 0.203125 0.792411 0.049107 0.049107
0 0.169643 0.834821 0.035714 0.044643
0 0.127232 0.794643 0.031250 0.044643
0 0.095982 0.832589 0.031250 0.049107
0 0.069196 0.799107 0.040179 0.044643
0 0.629464 0.970982 0.044643 0.049107
0 0.562500 0.973214 0.044643 0.044643
