1 0.990234 0.221680 0.027344 0.037109
1 0.931641 0.139648 0.031250 0.037109
1 0.856445 0.187500 0.029297 0.027344
1 0.852539 0.115234 0.021484 0.046875
1 0.796875 0.015625 0.039062 0.035156
1 0.532227 0.060547 0.041016 0.015625
1 0.076172 0.465820 0.023438 0.041016
1 0.153320 0.495117 0.021484 0.025391
1 0.133789 0.416016 0.009766 0.035156
1 0.044922 0.684570 0.027344 0.037109
1 0.076172 0.612305 0.027344 0.029297
1 0.091797 0.861328 0.031250 0.031250
1 0.052734 0.836914 0.015625 0.033203
1 0.008789 0.796875 0.021484 0.042969
1 0.200195 0.970703 0.044922 0.019531
