4 0.056641 0.369141 0.105469 0.136719
4 0.193359 0.380859 0.121094 0.128906
4 0.367188 0.396484 0.117188 0.128906
4 0.511719 0.410156 0.109375 0.140625
4 0.169922 0.107422 0.105469 0.128906
4 0.054688 0.539062 0.101562 0.132812
4 0.183594 0.552734 0.109375 0.136719
4 0.048828 0.712891 0.089844 0.128906
4 0.169922 0.726562 0.121094 0.140625
4 0.359375 0.568359 0.109375 0.136719
4 0.644531 0.425781 0.117188 0.140625
4 0.498047 0.583984 0.113281 0.128906
4 0.634766 0.595703 0.113281 0.136719
4 0.816406 0.599609 0.109375 0.136719
4 0.945312 0.611328 0.109375 0.136719
4 0.343750 0.789062 0.109375 0.132812
4 0.482422 0.802734 0.113281 0.136719
4 0.623047 0.816406 0.121094 0.132812
4 0.798828 0.767578 0.121094 0.152344
4 0.941406 0.779297 0.117188 0.136719
4 0.341797 0.947266 0.105469 0.105469
4 0.472656 0.957031 0.109375 0.085938
4 0.609375 0.960938 0.125000 0.078125
4 0.792969 0.933594 0.117188 0.132812
4 0.929688 0.943359 0.109375 0.113281
4 0.318359 0.121094 0.128906 0.140625
4 0.445312 0.125000 0.109375 0.132812
