0 0.136719 0.146484 0.039062 0.042969
0 0.166016 0.121094 0.035156 0.046875
0 0.191406 0.150391 0.031250 0.042969
0 0.224609 0.119141 0.027344 0.042969
0 0.250000 0.152344 0.039062 0.039062
0 0.287109 0.126953 0.027344 0.042969
0 0.310547 0.160156 0.035156 0.039062
0 0.341797 0.128906 0.027344 0.046875
0 0.371094 0.158203 0.031250 0.042969
0 0.119141 0.253906 0.027344 0.039062
0 0.148438 0.283203 0.031250 0.042969
0 0.177734 0.253906 0.035156 0.039062
0 0.205078 0.281250 0.027344 0.046875
0 0.261719 0.292969 0.031250 0.039062
0 0.300781 0.263672 0.031250 0.042969
0 0.324219 0.296875 0.023438 0.039062
0 0.355469 0.267578 0.031250 0.042969
0 0.410156 0.265625 0.031250 0.031250
0 0.386719 0.294922 0.031250 0.042969
0 0.111328 0.421875 0.027344 0.039062
0 0.164062 0.427734 0.023438 0.042969
0 0.222656 0.429688 0.039062 0.039062
0 0.283203 0.431641 0.042969 0.035156
0 0.107422 0.562500 0.035156 0.039062
0 0.136719 0.527344 0.039062 0.031250
0 0.164062 0.566406 0.031250 0.039062
0 0.193359 0.529297 0.035156 0.035156
0 0.218750 0.570312 0.031250 0.039062
0 0.251953 0.537109 0.035156 0.042969
0 0.279297 0.578125 0.035156 0.039062
0 0.314453 0.539062 0.027344 0.046875
0 0.343750 0.570312 0.031250 0.039062
0 0.373047 0.546875 0.035156 0.046875
0 0.394531 0.578125 0.023438 0.031250
0 0.093750 0.679688 0.023438 0.031250
0 0.150391 0.683594 0.027344 0.039062
0 0.214844 0.691406 0.023438 0.039062
0 0.275391 0.695312 0.027344 0.046875
0 0.328125 0.695312 0.031250 0.046875
0 0.378906 0.693359 0.039062 0.035156
0 0.585938 0.365234 0.039062 0.035156
0 0.619141 0.404297 0.035156 0.042969
0 0.648438 0.375000 0.031250 0.046875
0 0.675781 0.408203 0.031250 0.042969
0 0.761719 0.369141 0.031250 0.042969
0 0.818359 0.382812 0.035156 0.039062
0 0.554688 0.529297 0.023438 0.035156
0 0.609375 0.537109 0.031250 0.035156
0 0.638672 0.500000 0.027344 0.031250
0 0.669922 0.541016 0.027344 0.035156
0 0.701172 0.511719 0.027344 0.039062
0 0.730469 0.542969 0.039062 0.039062
0 0.791016 0.554688 0.035156 0.054688
0 0.816406 0.515625 0.031250 0.046875
0 0.845703 0.554688 0.035156 0.046875
0 0.544922 0.679688 0.035156 0.046875
0 0.578125 0.640625 0.031250 0.039062
0 0.605469 0.675781 0.031250 0.039062
0 0.636719 0.642578 0.031250 0.035156
0 0.662109 0.681641 0.035156 0.042969
0 0.695312 0.646484 0.031250 0.035156
0 0.722656 0.685547 0.031250 0.035156
0 0.755859 0.654297 0.035156 0.042969
0 0.775391 0.687500 0.027344 0.039062
0 0.810547 0.660156 0.027344 0.039062
0 0.839844 0.697266 0.039062 0.050781
0 0.535156 0.812500 0.031250 0.039062
0 0.566406 0.781250 0.031250 0.039062
0 0.595703 0.818359 0.035156 0.042969
0 0.625000 0.781250 0.031250 0.031250
0 0.652344 0.820312 0.039062 0.031250
0 0.685547 0.787109 0.027344 0.035156
0 0.710938 0.824219 0.031250 0.039062
0 0.740234 0.791016 0.035156 0.035156
0 0.773438 0.832031 0.039062 0.046875
0 0.804688 0.800781 0.039062 0.046875
0 0.832031 0.828125 0.039062 0.054688
0 0.492188 0.988281 0.031250 0.023438
0 0.523438 0.966797 0.031250 0.042969
0 0.583984 0.966797 0.027344 0.042969
0 0.611328 0.990234 0.027344 0.019531
0 0.642578 0.968750 0.027344 0.031250
0 0.671875 0.990234 0.023438 0.019531
0 0.699219 0.970703 0.031250 0.035156
0 0.761719 0.976562 0.023438 0.039062
0 0.818359 0.980469 0.027344 0.039062
