4 0.142578 0.117188 0.121094 0.125000
4 0.320312 0.138672 0.109375 0.121094
4 0.458984 0.101562 0.105469 0.109375
4 0.960938 0.701172 0.078125 0.097656
4 0.923828 0.791016 0.089844 0.097656
4 0.921875 0.509766 0.101562 0.105469
4 0.812500 0.492188 0.093750 0.101562
4 0.794922 0.632812 0.082031 0.101562
4 0.792969 0.746094 0.109375 0.109375
4 0.699219 0.617188 0.109375 0.085938
4 0.681641 0.722656 0.097656 0.093750
4 0.539062 0.699219 0.093750 0.093750
4 0.550781 0.589844 0.085938 0.093750
4 0.603516 0.466797 0.097656 0.113281
4 0.710938 0.482422 0.093750 0.105469
