2 0.120117 0.127930 0.095703 0.076172
2 0.368164 0.130859 0.099609 0.074219
2 0.619141 0.120117 0.101562 0.080078
2 0.867188 0.125000 0.093750 0.058594
2 0.116211 0.377930 0.095703 0.052734
2 0.372070 0.377930 0.099609 0.052734
2 0.618164 0.374023 0.083984 0.033203
2 0.865234 0.375977 0.093750 0.037109
2 0.119141 0.628906 0.089844 0.050781
2 0.362305 0.624023 0.103516 0.056641
2 0.608398 0.622070 0.107422 0.064453
2 0.869141 0.624023 0.085938 0.068359
2 0.121094 0.873047 0.093750 0.078125
2 0.374023 0.874023 0.080078 0.080078
2 0.623047 0.875000 0.085938 0.078125
2 0.870117 0.875977 0.080078 0.076172
