4 0.357422 0.060547 0.113281 0.113281
4 0.275391 0.246094 0.113281 0.117188
4 0.417969 0.197266 0.117188 0.105469
4 0.464844 0.328125 0.117188 0.109375
4 0.328125 0.380859 0.117188 0.105469
4 0.371094 0.513672 0.117188 0.121094
4 0.515625 0.462891 0.109375 0.105469
4 0.453125 0.646484 0.117188 0.097656
4 0.589844 0.593750 0.109375 0.101562
4 0.738281 0.619141 0.109375 0.113281
4 0.566406 0.736328 0.109375 0.113281
4 0.712891 0.755859 0.105469 0.113281
4 0.605469 0.132812 0.117188 0.101562
4 0.751953 0.082031 0.097656 0.109375
4 0.652344 0.261719 0.117188 0.117188
4 0.800781 0.220703 0.117188 0.113281
4 0.707031 0.392578 0.109375 0.113281
4 0.845703 0.347656 0.105469 0.109375
