1 0.600000 0.656250 0.092500 0.035000
1 0.794375 0.223750 0.091250 0.052500
1 0.425000 0.390625 0.037500 0.053750
1 0.287500 0.320625 0.052500 0.048750
1 0.507500 0.208750 0.082500 0.120000
1 0.723750 0.799375 0.037500 0.098750
1 0.858750 0.575625 0.070000 0.088750
1 0.026250 0.032500 0.052500 0.065000
1 0.618125 0.848750 0.076250 0.047500
1 0.010625 0.708125 0.021250 0.018750
1 0.359375 0.035000 0.081250 0.070000
1 0.768750 0.488750 0.032500 0.037500
1 0.166250 0.375000 0.032500 0.032500
1 0.911250 0.506250 0.022500 0.025000
1 0.750000 0.608750 0.075000 0.077500
