1 0.812500 0.012695 0.031250 0.013672
1 0.806641 0.080078 0.027344 0.019531
1 0.725586 0.088867 0.025391 0.017578
1 0.556641 0.250977 0.027344 0.025391
1 0.526367 0.342773 0.029297 0.029297
1 0.483398 0.331055 0.029297 0.029297
1 0.500977 0.275391 0.029297 0.015625
1 0.488281 0.208984 0.023438 0.015625
1 0.461914 0.352539 0.033203 0.017578
1 0.410156 0.408203 0.023438 0.015625
1 0.368164 0.447266 0.033203 0.019531
1 0.309570 0.464844 0.033203 0.023438
1 0.340820 0.416992 0.033203 0.025391
1 0.288086 0.421875 0.033203 0.023438
1 0.333008 0.474609 0.029297 0.023438
1 0.280273 0.509766 0.037109 0.031250
1 0.242188 0.518555 0.035156 0.025391
1 0.327148 0.575195 0.068359 0.060547
1 0.097656 0.648438 0.035156 0.015625
1 0.105469 0.593750 0.027344 0.015625
3 0.041992 0.675781 0.025391 0.281250
1 0.152344 0.586914 0.035156 0.021484
1 0.097656 0.534180 0.011719 0.025391
1 0.025391 0.718750 0.027344 0.015625
1 0.050781 0.666992 0.031250 0.025391
