0 0.035714 0.029018 0.071429 0.058036
0 0.035714 0.133929 0.071429 0.071429
0 0.031250 0.216518 0.062500 0.066964
0 0.033482 0.319196 0.066964 0.066964
0 0.033482 0.426339 0.066964 0.075893
0 0.033482 0.524554 0.066964 0.084821
0 0.031250 0.627232 0.062500 0.075893
0 0.290179 0.031250 0.071429 0.062500
0 0.212054 0.082589 0.084821 0.049107
0 0.283482 0.129464 0.084821 0.062500
0 0.209821 0.180804 0.080357 0.049107
0 0.283482 0.232143 0.084821 0.071429
0 0.216518 0.281250 0.093750 0.053571
0 0.281250 0.323661 0.080357 0.075893
0 0.209821 0.383929 0.080357 0.062500
0 0.274554 0.430804 0.084821 0.066964
0 0.207589 0.477679 0.075893 0.053571
0 0.276786 0.531250 0.080357 0.062500
0 0.198661 0.582589 0.084821 0.058036
0 0.212054 0.685268 0.093750 0.058036
0 0.276786 0.732143 0.089286 0.062500
0 0.200893 0.783482 0.071429 0.058036
0 0.267857 0.825893 0.098214 0.089286
0 0.477679 0.035714 0.071429 0.053571
0 0.542411 0.082589 0.075893 0.066964
0 0.482143 0.133929 0.089286 0.062500
0 0.544643 0.187500 0.080357 0.071429
0 0.470982 0.225446 0.075893 0.058036
0 0.533482 0.276786 0.084821 0.062500
0 0.470982 0.325893 0.075893 0.053571
0 0.537946 0.375000 0.084821 0.062500
0 0.466518 0.428571 0.084821 0.071429
0 0.540179 0.484375 0.089286 0.066964
0 0.470982 0.522321 0.084821 0.062500
0 0.535714 0.580357 0.080357 0.053571
0 0.464286 0.629464 0.080357 0.053571
0 0.526786 0.674107 0.080357 0.062500
0 0.466518 0.729911 0.084821 0.049107
0 0.533482 0.772321 0.075893 0.062500
0 0.457589 0.834821 0.075893 0.062500
0 0.526786 0.886161 0.080357 0.058036
0 0.462054 0.941964 0.084821 0.062500
0 0.531250 0.977679 0.080357 0.044643
0 0.723214 0.979911 0.089286 0.040179
0 0.781250 0.935268 0.089286 0.084821
0 0.718750 0.886161 0.080357 0.066964
0 0.781250 0.832589 0.089286 0.066964
0 0.718750 0.781250 0.089286 0.071429
0 0.781250 0.727679 0.089286 0.089286
0 0.727679 0.687500 0.089286 0.071429
0 0.779018 0.631696 0.102679 0.075893
0 0.723214 0.582589 0.089286 0.084821
0 0.787946 0.533482 0.093750 0.066964
0 0.736607 0.475446 0.089286 0.084821
0 0.734375 0.388393 0.084821 0.071429
0 0.736607 0.292411 0.080357 0.075893
0 0.729911 0.178571 0.075893 0.062500
0 0.803571 0.029018 0.071429 0.058036
0 0.977679 0.924107 0.044643 0.071429
