2 0.124023 0.122070 0.060547 0.072266
2 0.372070 0.123047 0.052734 0.062500
2 0.623047 0.124023 0.062500 0.068359
2 0.873047 0.120117 0.070312 0.072266
2 0.121094 0.369141 0.070312 0.070312
2 0.372070 0.370117 0.068359 0.060547
2 0.627930 0.365234 0.095703 0.074219
2 0.873047 0.369141 0.074219 0.054688
2 0.126953 0.618164 0.082031 0.048828
2 0.377930 0.617188 0.080078 0.039062
2 0.629883 0.619141 0.080078 0.031250
2 0.876953 0.620117 0.070312 0.029297
2 0.125000 0.864258 0.074219 0.033203
2 0.374023 0.866211 0.076172 0.041016
2 0.625977 0.867188 0.091797 0.054688
2 0.885742 0.868164 0.083984 0.056641
