0 0.178571 0.312500 0.187500 0.151786
0 0.339286 0.430804 0.169643 0.147321
0 0.162946 0.537946 0.200893 0.138393
0 0.330357 0.647321 0.178571 0.125000
0 0.167411 0.758929 0.200893 0.151786
0 0.339286 0.863839 0.178571 0.138393
0 0.176339 0.944196 0.200893 0.111607
0 0.792411 0.296875 0.191964 0.156250
0 0.921875 0.408482 0.156250 0.147321
0 0.783482 0.531250 0.191964 0.142857
0 0.917411 0.645089 0.165179 0.147321
0 0.783482 0.752232 0.191964 0.147321
0 0.919643 0.850446 0.160714 0.147321
0 0.783482 0.950893 0.183036 0.098214
