2 0.045898 0.062500 0.091797 0.054688
2 0.354492 0.625000 0.107422 0.046875
2 0.353516 0.568359 0.121094 0.050781
2 0.341797 0.512695 0.128906 0.052734
2 0.500000 0.500000 0.097656 0.046875
2 0.329102 0.452148 0.146484 0.052734
2 0.342773 0.384766 0.130859 0.054688
2 0.337891 0.329102 0.136719 0.048828
2 0.342773 0.265625 0.123047 0.050781
2 0.347656 0.206055 0.113281 0.060547
2 0.504883 0.326172 0.123047 0.042969
2 0.516602 0.219727 0.115234 0.048828
2 0.351562 0.126953 0.109375 0.054688
2 0.503906 0.134766 0.101562 0.042969
2 0.592773 0.024414 0.126953 0.048828
2 0.839844 0.030273 0.105469 0.052734
2 0.838867 0.154297 0.099609 0.054688
2 0.833008 0.218750 0.107422 0.046875
2 0.833984 0.275391 0.105469 0.042969
2 0.781250 0.326172 0.121094 0.050781
2 0.811523 0.398438 0.158203 0.078125
2 0.804688 0.512695 0.132812 0.048828
