0 0.214286 0.093750 0.196429 0.142857
0 0.069196 0.223214 0.138393 0.151786
0 0.207589 0.323661 0.183036 0.129464
0 0.071429 0.448661 0.142857 0.138393
0 0.203125 0.544643 0.191964 0.125000
0 0.071429 0.660714 0.142857 0.125000
0 0.205357 0.770089 0.196429 0.129464
0 0.066964 0.883929 0.133929 0.133929
0 0.209821 0.950893 0.205357 0.098214
0 0.662946 0.053571 0.200893 0.107143
0 0.830357 0.147321 0.178571 0.125000
0 0.667411 0.258929 0.200893 0.151786
0 0.839286 0.363839 0.178571 0.138393
0 0.676339 0.464286 0.200893 0.151786
0 0.819196 0.584821 0.200893 0.133929
0 0.667411 0.696429 0.200893 0.142857
0 0.830357 0.801339 0.196429 0.111607
0 0.665179 0.921875 0.205357 0.129464
