1 0.646484 0.908203 0.246094 0.183594
4 0.914062 0.125000 0.109375 0.109375
4 0.851562 0.201172 0.109375 0.105469
4 0.482422 0.814453 0.128906 0.128906
4 0.562500 0.734375 0.125000 0.109375
4 0.666016 0.634766 0.121094 0.113281
4 0.593750 0.140625 0.117188 0.117188
4 0.533203 0.212891 0.089844 0.097656
4 0.695312 0.181641 0.117188 0.105469
4 0.634766 0.255859 0.105469 0.097656
4 0.578125 0.322266 0.101562 0.105469
4 0.794922 0.265625 0.136719 0.117188
4 0.714844 0.341797 0.078125 0.089844
4 0.796875 0.392578 0.078125 0.082031
4 0.654297 0.419922 0.074219 0.113281
4 0.728516 0.449219 0.097656 0.093750
