4 0.367188 0.044922 0.117188 0.082031
4 0.511719 0.054688 0.109375 0.101562
4 0.054688 0.164062 0.101562 0.132812
4 0.183594 0.177734 0.109375 0.136719
4 0.048828 0.337891 0.089844 0.128906
4 0.169922 0.351562 0.121094 0.140625
4 0.359375 0.193359 0.109375 0.136719
4 0.644531 0.062500 0.117188 0.117188
4 0.498047 0.208984 0.113281 0.128906
4 0.634766 0.220703 0.113281 0.136719
4 0.816406 0.224609 0.109375 0.136719
4 0.945312 0.236328 0.109375 0.136719
4 0.343750 0.414062 0.109375 0.132812
4 0.482422 0.427734 0.113281 0.136719
4 0.623047 0.441406 0.121094 0.132812
4 0.798828 0.392578 0.121094 0.152344
4 0.941406 0.404297 0.117188 0.136719
4 0.341797 0.587891 0.105469 0.136719
4 0.472656 0.603516 0.109375 0.128906
4 0.609375 0.613281 0.125000 0.132812
4 0.792969 0.562500 0.117188 0.140625
4 0.929688 0.580078 0.109375 0.136719
