4 0.205078 0.380859 0.058594 0.058594
4 0.281250 0.391602 0.054688 0.060547
4 0.116211 0.439453 0.060547 0.062500
4 0.190430 0.449219 0.060547 0.058594
4 0.263672 0.462891 0.062500 0.058594
4 0.100586 0.828125 0.064453 0.058594
4 0.174805 0.839844 0.060547 0.058594
4 0.269531 0.852539 0.058594 0.060547
4 0.339844 0.863281 0.054688 0.058594
4 0.086914 0.895508 0.064453 0.060547
4 0.164062 0.908203 0.062500 0.058594
4 0.257812 0.922852 0.058594 0.060547
4 0.330078 0.933594 0.058594 0.054688
4 0.076172 0.964844 0.058594 0.062500
4 0.144531 0.972656 0.050781 0.054688
4 0.243164 0.979492 0.060547 0.041016
4 0.316406 0.987305 0.062500 0.025391
