4 0.656250 0.119141 0.031250 0.027344
4 0.605469 0.130859 0.031250 0.035156
4 0.556641 0.144531 0.035156 0.031250
4 0.437500 0.130859 0.031250 0.035156
4 0.449219 0.171875 0.039062 0.031250
4 0.457031 0.220703 0.039062 0.035156
4 0.494141 0.107422 0.035156 0.027344
4 0.507812 0.160156 0.039062 0.023438
4 0.646484 0.199219 0.042969 0.031250
4 0.607422 0.220703 0.035156 0.019531
4 0.582031 0.238281 0.023438 0.023438
4 0.568359 0.501953 0.058594 0.050781
4 0.642578 0.433594 0.058594 0.046875
4 0.699219 0.556641 0.039062 0.035156
4 0.791016 0.585938 0.035156 0.039062
4 0.714844 0.367188 0.031250 0.039062
4 0.673828 0.230469 0.035156 0.031250
4 0.839844 0.425781 0.039062 0.039062
4 0.878906 0.500000 0.039062 0.039062
4 0.798828 0.470703 0.027344 0.035156
4 0.748047 0.515625 0.035156 0.031250
4 0.835938 0.544922 0.031250 0.035156
4 0.751953 0.626953 0.027344 0.035156
4 0.703125 0.669922 0.031250 0.035156
4 0.662109 0.712891 0.035156 0.035156
4 0.607422 0.650391 0.035156 0.035156
4 0.654297 0.607422 0.035156 0.035156
4 0.542969 0.095703 0.031250 0.027344
4 0.613281 0.080078 0.031250 0.027344
4 0.642578 0.074219 0.027344 0.023438
