2 0.131836 0.120117 0.076172 0.091797
2 0.374023 0.123047 0.056641 0.062500
2 0.628906 0.121094 0.066406 0.066406
2 0.883789 0.120117 0.095703 0.068359
2 0.125000 0.372070 0.078125 0.068359
2 0.381836 0.367188 0.087891 0.074219
2 0.632812 0.366211 0.085938 0.052734
2 0.879883 0.370117 0.076172 0.033203
2 0.125977 0.621094 0.076172 0.031250
2 0.369141 0.624023 0.070312 0.021484
2 0.621094 0.615234 0.074219 0.046875
2 0.872070 0.617188 0.076172 0.046875
2 0.119141 0.863281 0.085938 0.062500
2 0.373047 0.868164 0.082031 0.056641
2 0.620117 0.869141 0.072266 0.054688
2 0.867188 0.867188 0.078125 0.066406
