0 0.020089 0.261161 0.040179 0.075893
0 0.020089 0.345982 0.040179 0.075893
0 0.022321 0.433036 0.044643 0.062500
0 0.020089 0.511161 0.040179 0.058036
0 0.020089 0.575893 0.040179 0.062500
0 0.020089 0.656250 0.040179 0.062500
0 0.017857 0.734375 0.035714 0.066964
0 0.162946 0.042411 0.058036 0.066964
0 0.214286 0.073661 0.062500 0.058036
0 0.167411 0.120536 0.058036 0.053571
0 0.216518 0.156250 0.058036 0.053571
0 0.165179 0.189732 0.053571 0.049107
0 0.212054 0.227679 0.066964 0.053571
0 0.162946 0.274554 0.058036 0.058036
0 0.212054 0.312500 0.058036 0.053571
0 0.167411 0.354911 0.058036 0.049107
0 0.214286 0.381696 0.053571 0.049107
0 0.167411 0.426339 0.058036 0.058036
0 0.216518 0.459821 0.058036 0.071429
0 0.160714 0.513393 0.053571 0.062500
0 0.212054 0.544643 0.058036 0.062500
0 0.162946 0.582589 0.066964 0.058036
0 0.216518 0.622768 0.058036 0.058036
0 0.160714 0.656250 0.062500 0.053571
0 0.209821 0.698661 0.062500 0.058036
0 0.165179 0.741071 0.062500 0.053571
0 0.207589 0.774554 0.066964 0.058036
0 0.162946 0.819196 0.066964 0.058036
0 0.212054 0.850446 0.058036 0.049107
0 0.162946 0.892857 0.058036 0.053571
0 0.205357 0.924107 0.071429 0.062500
0 0.162946 0.973214 0.066964 0.053571
0 0.553571 0.033482 0.080357 0.066964
0 0.479911 0.073661 0.084821 0.058036
0 0.555804 0.122768 0.075893 0.075893
0 0.477679 0.176339 0.080357 0.058036
0 0.551339 0.223214 0.075893 0.071429
0 0.477679 0.272321 0.089286 0.062500
0 0.542411 0.319196 0.075893 0.075893
0 0.477679 0.377232 0.080357 0.058036
0 0.546875 0.428571 0.084821 0.071429
0 0.477679 0.475446 0.080357 0.066964
0 0.549107 0.526786 0.071429 0.071429
0 0.473214 0.575893 0.080357 0.062500
0 0.531250 0.616071 0.080357 0.089286
0 0.468750 0.671875 0.080357 0.066964
0 0.531250 0.723214 0.071429 0.062500
0 0.462054 0.772321 0.075893 0.044643
0 0.537946 0.823661 0.075893 0.066964
0 0.468750 0.875000 0.080357 0.062500
0 0.531250 0.917411 0.089286 0.075893
0 0.464286 0.975446 0.089286 0.049107
0 0.736607 0.082589 0.080357 0.066964
0 0.801339 0.127232 0.075893 0.084821
0 0.729911 0.180804 0.075893 0.058036
0 0.801339 0.225446 0.075893 0.066964
0 0.727679 0.281250 0.089286 0.062500
0 0.805804 0.337054 0.066964 0.066964
0 0.723214 0.381696 0.098214 0.066964
0 0.801339 0.426339 0.075893 0.066964
0 0.723214 0.470982 0.089286 0.066964
0 0.794643 0.526786 0.080357 0.071429
0 0.723214 0.573661 0.089286 0.066964
0 0.794643 0.625000 0.080357 0.071429
0 0.723214 0.676339 0.080357 0.066964
0 0.787946 0.720982 0.084821 0.075893
0 0.718750 0.774554 0.080357 0.058036
0 0.794643 0.832589 0.080357 0.075893
0 0.714286 0.881696 0.089286 0.066964
0 0.785714 0.933036 0.080357 0.062500
0 0.716518 0.979911 0.093750 0.040179
0 0.975446 0.035714 0.049107 0.062500
0 0.975446 0.120536 0.049107 0.053571
0 0.970982 0.227679 0.058036 0.053571
0 0.975446 0.332589 0.049107 0.075893
0 0.973214 0.430804 0.053571 0.058036
0 0.970982 0.522321 0.058036 0.062500
0 0.973214 0.627232 0.053571 0.066964
0 0.968750 0.729911 0.062500 0.058036
0 0.970982 0.830357 0.058036 0.062500
0 0.968750 0.917411 0.062500 0.049107
