1 0.778750 0.651250 0.012500 0.027500
1 0.659375 0.806250 0.026250 0.032500
1 0.395625 0.860625 0.033750 0.036250
1 0.193125 0.352500 0.063750 0.110000
1 0.178125 0.113125 0.051250 0.058750
1 0.160000 0.380625 0.012500 0.038750
1 0.220625 0.485625 0.133750 0.121250
1 0.376250 0.414375 0.085000 0.136250
1 0.220625 0.655000 0.143750 0.127500
1 0.044375 0.500625 0.088750 0.103750
1 0.565625 0.656875 0.038750 0.053750
1 0.660625 0.868750 0.036250 0.045000
1 0.528125 0.728125 0.033750 0.046250
1 0.738125 0.683750 0.071250 0.107500
1 0.272500 0.215000 0.080000 0.130000
1 0.869375 0.658125 0.113750 0.066250
1 0.703750 0.766250 0.027500 0.045000
