1 0.484375 0.503906 0.125000 0.125000
4 0.847656 0.261719 0.070312 0.085938
4 0.925781 0.294922 0.070312 0.089844
4 0.966797 0.414062 0.066406 0.078125
4 0.894531 0.386719 0.070312 0.078125
4 0.816406 0.353516 0.070312 0.074219
4 0.771484 0.519531 0.066406 0.078125
4 0.742188 0.611328 0.070312 0.074219
4 0.832031 0.642578 0.078125 0.082031
4 0.902344 0.679688 0.062500 0.070312
4 0.931641 0.587891 0.058594 0.074219
4 0.861328 0.550781 0.074219 0.078125
4 0.798828 0.847656 0.050781 0.062500
4 0.851562 0.865234 0.046875 0.050781
4 0.869141 0.800781 0.050781 0.054688
4 0.742188 0.820312 0.046875 0.054688
