4 0.792969 0.433594 0.074219 0.058594
4 0.825195 0.380859 0.060547 0.058594
4 0.877930 0.333984 0.052734 0.046875
4 0.937500 0.383789 0.058594 0.044922
4 0.881836 0.430664 0.060547 0.056641
4 0.832031 0.483398 0.062500 0.052734
4 0.958008 0.485352 0.060547 0.060547
4 0.911133 0.541992 0.064453 0.056641
4 0.965820 0.588867 0.064453 0.064453
4 0.913086 0.177734 0.056641 0.058594
4 0.874023 0.232422 0.072266 0.054688
4 0.974609 0.220703 0.062500 0.054688
4 0.929688 0.278320 0.070312 0.064453
4 0.902344 0.065430 0.042969 0.044922
4 0.931641 0.035156 0.039062 0.035156
4 0.960938 0.011719 0.039062 0.019531
