2 0.124023 0.129883 0.072266 0.060547
2 0.369141 0.125977 0.085938 0.072266
2 0.620117 0.123047 0.076172 0.074219
2 0.862305 0.120117 0.083984 0.095703
2 0.123047 0.379883 0.046875 0.072266
2 0.369141 0.369141 0.050781 0.074219
2 0.620117 0.365234 0.076172 0.070312
2 0.866211 0.367188 0.076172 0.066406
2 0.120117 0.617188 0.080078 0.066406
2 0.373047 0.612305 0.085938 0.056641
2 0.622070 0.612305 0.083984 0.056641
2 0.874023 0.609375 0.091797 0.062500
2 0.122070 0.861328 0.080078 0.050781
2 0.373047 0.863281 0.082031 0.039062
2 0.621094 0.870117 0.082031 0.044922
2 0.874023 0.868164 0.091797 0.060547
