0 0.203125 0.053571 0.191964 0.107143
0 0.071429 0.160714 0.142857 0.125000
0 0.205357 0.270089 0.196429 0.129464
0 0.066964 0.383929 0.133929 0.133929
0 0.209821 0.479911 0.205357 0.156250
0 0.069196 0.598214 0.138393 0.142857
0 0.203125 0.698661 0.183036 0.102679
0 0.064732 0.808036 0.129464 0.160714
0 0.209821 0.930804 0.223214 0.138393
0 0.819196 0.084821 0.200893 0.133929
0 0.667411 0.196429 0.200893 0.142857
0 0.830357 0.301339 0.196429 0.111607
0 0.665179 0.421875 0.205357 0.129464
0 0.837054 0.520089 0.183036 0.147321
0 0.667411 0.647321 0.191964 0.151786
0 0.830357 0.736607 0.187500 0.160714
0 0.676339 0.868304 0.209821 0.156250
0 0.839286 0.948661 0.196429 0.102679
