4 0.648438 0.652344 0.031250 0.031250
4 0.714844 0.625000 0.031250 0.031250
4 0.773438 0.593750 0.031250 0.031250
4 0.828125 0.570312 0.031250 0.031250
4 0.968750 0.574219 0.031250 0.031250
4 0.867188 0.533203 0.031250 0.027344
4 0.783203 0.535156 0.035156 0.031250
4 0.716797 0.564453 0.035156 0.027344
4 0.933594 0.419922 0.031250 0.035156
4 0.839844 0.423828 0.039062 0.035156
4 0.779297 0.419922 0.042969 0.035156
4 0.929688 0.380859 0.023438 0.027344
4 0.865234 0.287109 0.027344 0.035156
4 0.785156 0.287109 0.031250 0.027344
3 0.187500 0.658203 0.023438 0.035156
3 0.607422 0.951172 0.035156 0.019531
