2 0.125000 0.126953 0.046875 0.074219
2 0.370117 0.125000 0.044922 0.078125
2 0.625977 0.122070 0.044922 0.083984
2 0.870117 0.127930 0.068359 0.080078
2 0.130859 0.366211 0.078125 0.099609
2 0.379883 0.370117 0.060547 0.080078
2 0.625977 0.368164 0.072266 0.087891
2 0.879883 0.366211 0.064453 0.068359
2 0.127930 0.620117 0.076172 0.083984
2 0.375977 0.624023 0.080078 0.080078
2 0.625977 0.623047 0.087891 0.070312
2 0.876953 0.625977 0.074219 0.064453
2 0.125000 0.874023 0.082031 0.064453
2 0.375000 0.875977 0.078125 0.048828
2 0.625000 0.878906 0.078125 0.035156
2 0.872070 0.876953 0.080078 0.031250
