2 0.119141 0.117188 0.066406 0.093750
2 0.372070 0.127930 0.052734 0.076172
2 0.625977 0.126953 0.044922 0.070312
2 0.875000 0.127930 0.046875 0.072266
2 0.125977 0.370117 0.056641 0.087891
2 0.375000 0.370117 0.058594 0.083984
2 0.624023 0.370117 0.076172 0.095703
2 0.879883 0.369141 0.064453 0.078125
2 0.127930 0.621094 0.064453 0.082031
2 0.377930 0.621094 0.068359 0.078125
2 0.628906 0.618164 0.074219 0.080078
2 0.875000 0.625000 0.074219 0.070312
2 0.117188 0.880859 0.070312 0.066406
2 0.375000 0.874023 0.085938 0.072266
2 0.624023 0.875977 0.083984 0.048828
2 0.874023 0.876953 0.087891 0.046875
