2 0.128906 0.124023 0.070312 0.037109
2 0.373047 0.118164 0.074219 0.048828
2 0.621094 0.119141 0.078125 0.050781
2 0.869141 0.121094 0.082031 0.058594
2 0.122070 0.368164 0.083984 0.068359
2 0.369141 0.366211 0.085938 0.072266
2 0.621094 0.368164 0.082031 0.072266
2 0.869141 0.368164 0.085938 0.080078
2 0.119141 0.616211 0.074219 0.083984
2 0.369141 0.621094 0.074219 0.082031
2 0.623047 0.629883 0.066406 0.060547
2 0.875977 0.628906 0.052734 0.050781
2 0.121094 0.879883 0.050781 0.044922
2 0.371094 0.873047 0.058594 0.054688
2 0.617188 0.878906 0.058594 0.062500
2 0.872070 0.866211 0.064453 0.076172
