2 0.125977 0.126953 0.080078 0.039062
2 0.375977 0.129883 0.083984 0.025391
2 0.622070 0.125000 0.087891 0.046875
2 0.872070 0.124023 0.091797 0.052734
2 0.123047 0.375977 0.082031 0.048828
2 0.374023 0.375000 0.091797 0.058594
2 0.624023 0.376953 0.091797 0.062500
2 0.875000 0.371094 0.089844 0.078125
2 0.121094 0.629883 0.085938 0.064453
2 0.375000 0.624023 0.089844 0.083984
2 0.625000 0.624023 0.089844 0.087891
2 0.870117 0.625977 0.087891 0.087891
2 0.124023 0.872070 0.087891 0.091797
2 0.371094 0.875000 0.082031 0.085938
2 0.625000 0.877930 0.062500 0.076172
2 0.876953 0.887695 0.054688 0.064453
