2 0.125000 0.129883 0.093750 0.072266
2 0.377930 0.129883 0.087891 0.068359
2 0.624023 0.127930 0.087891 0.068359
2 0.871094 0.128906 0.082031 0.050781
2 0.119141 0.379883 0.093750 0.052734
2 0.365234 0.379883 0.082031 0.048828
2 0.619141 0.373047 0.089844 0.089844
2 0.870117 0.375977 0.083984 0.083984
2 0.121094 0.622070 0.070312 0.083984
2 0.371094 0.623047 0.070312 0.089844
2 0.625977 0.628906 0.052734 0.062500
2 0.875977 0.636719 0.048828 0.058594
2 0.124023 0.875977 0.060547 0.080078
2 0.373047 0.867188 0.066406 0.085938
2 0.624023 0.868164 0.068359 0.083984
2 0.878906 0.869141 0.078125 0.085938
