2 0.125000 0.117188 0.082031 0.054688
2 0.370117 0.116211 0.083984 0.060547
2 0.622070 0.121094 0.095703 0.066406
2 0.867188 0.118164 0.078125 0.068359
2 0.125977 0.370117 0.072266 0.068359
2 0.368164 0.368164 0.087891 0.076172
2 0.619141 0.368164 0.085938 0.083984
2 0.869141 0.370117 0.078125 0.080078
2 0.118164 0.621094 0.080078 0.085938
2 0.373047 0.620117 0.066406 0.080078
2 0.620117 0.627930 0.068359 0.072266
2 0.877930 0.626953 0.052734 0.066406
2 0.124023 0.880859 0.044922 0.054688
2 0.373047 0.884766 0.042969 0.046875
2 0.621094 0.875977 0.031250 0.060547
2 0.868164 0.882812 0.041016 0.046875
