4 0.589844 0.724609 0.070312 0.074219
4 0.451172 0.751953 0.074219 0.082031
4 0.529297 0.748047 0.058594 0.074219
4 0.462891 0.837891 0.066406 0.058594
4 0.914062 0.673828 0.085938 0.089844
4 0.521484 0.621094 0.058594 0.078125
4 0.574219 0.544922 0.070312 0.082031
4 0.652344 0.441406 0.070312 0.070312
4 0.666016 0.529297 0.074219 0.066406
4 0.433594 0.601562 0.070312 0.070312
4 0.701172 0.158203 0.082031 0.082031
4 0.767578 0.091797 0.089844 0.082031
4 0.843750 0.171875 0.078125 0.078125
4 0.769531 0.210938 0.078125 0.062500
4 0.869141 0.273438 0.074219 0.070312
