0 0.886161 0.116071 0.075893 0.080357
0 0.763393 0.118304 0.080357 0.075893
0 0.638393 0.116071 0.071429 0.080357
0 0.506696 0.118304 0.075893 0.075893
0 0.386161 0.116071 0.084821 0.071429
0 0.256696 0.122768 0.058036 0.075893
0 0.138393 0.120536 0.080357 0.080357
0 0.004464 0.120536 0.089286 0.080357
0 0.776786 0.395089 0.044643 0.058036
0 0.823661 0.455357 0.066964 0.062500
0 0.930804 0.455357 0.049107 0.062500
0 0.984375 0.401786 0.049107 0.062500
0 0.948661 0.669643 0.049107 0.062500
0 0.843750 0.662946 0.044643 0.058036
0 0.743304 0.658482 0.058036 0.058036
0 0.638393 0.662946 0.035714 0.058036
0 0.533482 0.647321 0.066964 0.062500
0 0.426339 0.645089 0.058036 0.058036
0 0.319196 0.647321 0.040179 0.053571
0 0.698661 0.995536 0.049107 0.044643
0 0.774554 1.000000 0.040179 0.044643
0 0.843750 0.993304 0.035714 0.031250
0 0.915179 0.993304 0.035714 0.040179
0 0.982143 0.993304 0.044643 0.058036
