2 0.124023 0.121094 0.076172 0.085938
2 0.370117 0.119141 0.083984 0.085938
2 0.627930 0.124023 0.083984 0.080078
2 0.871094 0.124023 0.085938 0.080078
2 0.122070 0.375000 0.080078 0.074219
2 0.375977 0.376953 0.080078 0.054688
2 0.626953 0.373047 0.082031 0.046875
2 0.873047 0.384766 0.066406 0.031250
2 0.117188 0.629883 0.078125 0.048828
2 0.367188 0.628906 0.078125 0.042969
2 0.618164 0.628906 0.080078 0.054688
2 0.867188 0.625000 0.078125 0.054688
2 0.120117 0.876953 0.080078 0.062500
2 0.368164 0.876953 0.080078 0.062500
2 0.620117 0.880859 0.080078 0.062500
2 0.867188 0.879883 0.085938 0.072266
