4 0.044922 0.322266 0.082031 0.128906
4 0.041016 0.498047 0.074219 0.128906
4 0.152344 0.410156 0.125000 0.148438
4 0.240234 0.539062 0.136719 0.132812
4 0.224609 0.134766 0.136719 0.128906
4 0.285156 0.265625 0.125000 0.117188
4 0.519531 0.507812 0.093750 0.078125
4 0.601562 0.554688 0.078125 0.078125
4 0.662109 0.621094 0.074219 0.070312
4 0.742188 0.623047 0.078125 0.097656
4 0.853516 0.501953 0.074219 0.097656
4 0.792969 0.441406 0.078125 0.078125
4 0.787109 0.337891 0.082031 0.082031
4 0.833984 0.242188 0.082031 0.078125
4 0.896484 0.177734 0.074219 0.089844
4 0.951172 0.091797 0.074219 0.082031
