2 0.114258 0.125000 0.052734 0.074219
2 0.367188 0.121094 0.046875 0.074219
2 0.617188 0.132812 0.035156 0.050781
2 0.872070 0.119141 0.052734 0.066406
2 0.121094 0.383789 0.070312 0.072266
2 0.377930 0.370117 0.064453 0.064453
2 0.627930 0.368164 0.068359 0.060547
2 0.867188 0.373047 0.074219 0.050781
2 0.121094 0.624023 0.078125 0.044922
2 0.375000 0.624023 0.074219 0.041016
2 0.618164 0.623047 0.072266 0.031250
2 0.869141 0.618164 0.085938 0.068359
2 0.124023 0.877930 0.068359 0.052734
2 0.368164 0.874023 0.072266 0.064453
2 0.623047 0.872070 0.082031 0.068359
2 0.873047 0.874023 0.070312 0.072266
