2 0.125000 0.129883 0.062500 0.072266
2 0.374023 0.135742 0.044922 0.048828
2 0.624023 0.138672 0.044922 0.042969
2 0.876953 0.126953 0.054688 0.066406
2 0.127930 0.375000 0.072266 0.082031
2 0.376953 0.377930 0.074219 0.076172
2 0.627930 0.376953 0.076172 0.074219
2 0.868164 0.382812 0.068359 0.058594
2 0.126953 0.630859 0.082031 0.058594
2 0.373047 0.629883 0.066406 0.044922
2 0.623047 0.626953 0.082031 0.046875
2 0.873047 0.627930 0.070312 0.037109
2 0.122070 0.879883 0.080078 0.033203
2 0.373047 0.875977 0.078125 0.044922
2 0.620117 0.875977 0.087891 0.056641
2 0.871094 0.877930 0.078125 0.052734
