2 0.308594 0.935547 0.085938 0.066406
2 0.125977 0.674805 0.080078 0.107422
2 0.222656 0.637695 0.105469 0.134766
2 0.417969 0.500977 0.074219 0.123047
2 0.490234 0.460938 0.058594 0.109375
2 0.542969 0.454102 0.062500 0.091797
2 0.607422 0.415039 0.085938 0.142578
2 0.743164 0.326172 0.072266 0.109375
2 0.352539 0.888672 0.119141 0.089844
2 0.414062 0.853516 0.093750 0.082031
2 0.483398 0.829102 0.103516 0.083984
2 0.551758 0.792969 0.103516 0.093750
2 0.618164 0.749023 0.119141 0.095703
2 0.694336 0.721680 0.103516 0.080078
2 0.821289 0.642578 0.123047 0.093750
2 0.886719 0.613281 0.113281 0.085938
2 0.795898 0.323242 0.060547 0.083984
2 0.868164 0.278320 0.056641 0.138672
