4 0.542969 0.142578 0.132812 0.089844
4 0.638672 0.082031 0.128906 0.085938
4 0.523438 0.054688 0.132812 0.093750
4 0.501953 0.005859 0.128906 0.003906
4 0.292969 0.447266 0.109375 0.097656
4 0.277344 0.548828 0.117188 0.089844
4 0.275391 0.642578 0.113281 0.089844
4 0.177734 0.447266 0.113281 0.097656
4 0.167969 0.535156 0.093750 0.085938
4 0.164062 0.625000 0.109375 0.101562
4 0.042969 0.654297 0.078125 0.082031
4 0.042969 0.568359 0.078125 0.105469
4 0.048828 0.457031 0.089844 0.109375
4 0.048828 0.353516 0.089844 0.089844
