4 0.087891 0.130859 0.105469 0.128906
4 0.232422 0.148438 0.121094 0.125000
4 0.742188 0.044922 0.117188 0.082031
4 0.886719 0.054688 0.109375 0.101562
4 0.421875 0.164062 0.117188 0.132812
4 0.558594 0.177734 0.109375 0.136719
4 0.408203 0.337891 0.121094 0.128906
4 0.544922 0.351562 0.121094 0.140625
4 0.734375 0.193359 0.109375 0.136719
4 0.873047 0.208984 0.113281 0.128906
4 0.718750 0.414062 0.109375 0.132812
4 0.857422 0.427734 0.113281 0.136719
4 0.716797 0.587891 0.105469 0.136719
4 0.847656 0.603516 0.109375 0.128906
