0 0.185268 0.062500 0.165179 0.125000
0 0.060268 0.138393 0.120536 0.107143
0 0.185268 0.229911 0.165179 0.129464
0 0.060268 0.314732 0.120536 0.129464
0 0.187500 0.399554 0.151786 0.111607
0 0.185268 0.566964 0.147321 0.142857
0 0.053571 0.660714 0.107143 0.107143
0 0.176339 0.745536 0.156250 0.116071
0 0.058036 0.832589 0.116071 0.129464
0 0.705357 0.064732 0.160714 0.120536
0 0.709821 0.234375 0.160714 0.129464
0 0.573661 0.310268 0.156250 0.129464
0 0.712054 0.406250 0.156250 0.116071
0 0.573661 0.486607 0.147321 0.107143
0 0.716518 0.573661 0.138393 0.102679
0 0.578125 0.658482 0.156250 0.093750
0 0.714286 0.743304 0.160714 0.120536
0 0.725446 0.917411 0.147321 0.138393
0 0.573661 0.825893 0.156250 0.116071
