4 0.350586 0.967773 0.052734 0.064453
4 0.449219 0.957031 0.050781 0.062500
4 0.525391 0.971680 0.046875 0.056641
4 0.578125 0.961914 0.046875 0.052734
4 0.625977 0.953125 0.041016 0.050781
4 0.677734 0.943359 0.046875 0.058594
4 0.331055 0.657227 0.044922 0.052734
4 0.328125 0.712891 0.042969 0.050781
4 0.425781 0.808594 0.039062 0.046875
4 0.422852 0.869141 0.044922 0.050781
4 0.477539 0.812500 0.044922 0.054688
4 0.475586 0.875000 0.052734 0.054688
4 0.550781 0.817383 0.042969 0.048828
4 0.560547 0.876953 0.046875 0.050781
4 0.605469 0.808594 0.050781 0.054688
4 0.612305 0.867188 0.048828 0.050781
4 0.665039 0.793945 0.044922 0.052734
4 0.676758 0.854492 0.052734 0.056641
1 0.467773 0.463867 0.150391 0.048828
1 0.781250 0.443359 0.207031 0.066406
