0 0.203125 0.426339 0.147321 0.138393
0 0.319196 0.305804 0.120536 0.129464
0 0.428571 0.421875 0.125000 0.147321
0 0.540179 0.296875 0.125000 0.129464
0 0.654018 0.430804 0.111607 0.138393
0 0.763393 0.301339 0.125000 0.138393
0 0.879464 0.439732 0.116071 0.147321
0 0.977679 0.305804 0.125000 0.129464
0 0.212054 0.959821 0.129464 0.133929
0 0.323661 0.832589 0.120536 0.129464
0 0.444196 0.948661 0.129464 0.147321
0 0.549107 0.832589 0.116071 0.138393
0 0.662946 0.964286 0.120536 0.151786
0 0.770089 0.837054 0.138393 0.129464
0 0.875000 0.955357 0.125000 0.142857
0 0.988839 0.843750 0.111607 0.125000
