0 0.049107 0.002232 0.071429 0.075893
0 0.486607 0.241071 0.098214 0.080357
0 0.361607 0.243304 0.071429 0.084821
0 0.232143 0.241071 0.071429 0.071429
0 0.100446 0.245536 0.075893 0.080357
0 0.457589 0.522321 0.058036 0.062500
0 0.506696 0.578125 0.058036 0.066964
0 0.404018 0.580357 0.049107 0.062500
0 0.343750 0.522321 0.062500 0.062500
0 0.301339 0.582589 0.049107 0.058036
0 0.245536 0.524554 0.053571 0.066964
0 0.187500 0.580357 0.044643 0.062500
0 0.140625 0.526786 0.049107 0.053571
0 0.091518 0.578125 0.040179 0.058036
0 0.035714 0.533482 0.044643 0.066964
0 0.705357 0.830357 0.044643 0.080357
0 0.602679 0.828125 0.044643 0.066964
0 0.502232 0.825893 0.058036 0.062500
0 0.401786 0.825893 0.044643 0.062500
0 0.296875 0.821429 0.049107 0.062500
0 0.200893 0.816964 0.044643 0.062500
0 0.091518 0.816964 0.049107 0.062500
