2 0.500977 0.500977 0.064453 0.091797
2 0.425781 0.502930 0.062500 0.091797
2 0.350586 0.497070 0.064453 0.087891
2 0.274414 0.487305 0.048828 0.087891
2 0.208008 0.492188 0.052734 0.089844
2 0.128906 0.459961 0.050781 0.087891
2 0.053711 0.479492 0.060547 0.091797
2 0.626953 0.612305 0.132812 0.052734
2 0.307617 0.873047 0.068359 0.097656
2 0.242188 0.803711 0.066406 0.076172
2 0.167969 0.800781 0.058594 0.089844
2 0.090820 0.778320 0.064453 0.095703
2 0.066406 0.944336 0.066406 0.107422
2 0.159180 0.943359 0.056641 0.105469
2 0.582031 0.200195 0.128906 0.052734
2 0.524414 0.290039 0.111328 0.052734
2 0.434570 0.183594 0.119141 0.070312
