4 0.738281 0.160156 0.031250 0.031250
4 0.736328 0.189453 0.027344 0.027344
4 0.789062 0.187500 0.031250 0.031250
4 0.833984 0.191406 0.027344 0.031250
4 0.884766 0.193359 0.027344 0.027344
4 0.857422 0.230469 0.019531 0.023438
4 0.830078 0.230469 0.019531 0.023438
4 0.794922 0.226562 0.019531 0.023438
4 0.767578 0.226562 0.019531 0.023438
4 0.767578 0.250000 0.019531 0.023438
4 0.794922 0.250000 0.019531 0.023438
4 0.833984 0.250000 0.019531 0.023438
4 0.857422 0.250000 0.019531 0.023438
4 0.615234 0.457031 0.027344 0.031250
4 0.800781 0.673828 0.039062 0.035156
4 0.841797 0.732422 0.058594 0.050781
4 0.755859 0.722656 0.035156 0.031250
4 0.689453 0.720703 0.035156 0.035156
4 0.619141 0.722656 0.035156 0.031250
4 0.728516 0.677734 0.035156 0.035156
