2 0.122070 0.130859 0.056641 0.066406
2 0.372070 0.139648 0.052734 0.052734
2 0.626953 0.133789 0.050781 0.052734
2 0.872070 0.139648 0.044922 0.048828
2 0.120117 0.375000 0.060547 0.074219
2 0.373047 0.371094 0.074219 0.089844
2 0.628906 0.371094 0.078125 0.085938
2 0.877930 0.371094 0.083984 0.085938
2 0.128906 0.622070 0.089844 0.087891
2 0.376953 0.621094 0.089844 0.082031
2 0.624023 0.617188 0.080078 0.082031
2 0.875000 0.617188 0.093750 0.089844
2 0.126953 0.866211 0.097656 0.087891
2 0.375000 0.865234 0.093750 0.082031
2 0.625977 0.872070 0.091797 0.068359
2 0.880859 0.869141 0.085938 0.058594
