2 0.124023 0.123047 0.080078 0.082031
2 0.365234 0.124023 0.066406 0.076172
2 0.625977 0.135742 0.060547 0.072266
2 0.875000 0.133789 0.054688 0.068359
2 0.123047 0.383789 0.031250 0.076172
2 0.371094 0.392578 0.062500 0.066406
2 0.620117 0.387695 0.052734 0.072266
2 0.871094 0.382812 0.062500 0.078125
2 0.121094 0.633789 0.062500 0.072266
2 0.375977 0.629883 0.080078 0.083984
2 0.625000 0.630859 0.082031 0.082031
2 0.874023 0.628906 0.083984 0.078125
2 0.123047 0.878906 0.070312 0.054688
2 0.375000 0.878906 0.085938 0.054688
2 0.619141 0.875977 0.074219 0.033203
2 0.869141 0.874023 0.089844 0.044922
