0 0.246094 0.951172 0.023438 0.027344
0 0.212891 0.953125 0.019531 0.031250
0 0.181641 0.947266 0.019531 0.027344
0 0.146484 0.945312 0.019531 0.023438
0 0.119141 0.941406 0.019531 0.023438
0 0.087891 0.941406 0.019531 0.023438
0 0.048828 0.941406 0.019531 0.023438
0 0.017578 0.935547 0.019531 0.019531
0 0.248047 0.875000 0.019531 0.023438
0 0.230469 0.890625 0.023438 0.023438
0 0.216797 0.873047 0.019531 0.019531
0 0.199219 0.890625 0.015625 0.023438
0 0.187500 0.875000 0.015625 0.023438
0 0.167969 0.886719 0.015625 0.023438
0 0.154297 0.871094 0.019531 0.023438
0 0.136719 0.886719 0.015625 0.023438
0 0.123047 0.869141 0.019531 0.019531
0 0.105469 0.880859 0.015625 0.019531
0 0.089844 0.867188 0.015625 0.023438
0 0.074219 0.888672 0.015625 0.019531
0 0.056641 0.867188 0.019531 0.015625
0 0.009766 0.876953 0.019531 0.027344
0 0.238281 0.812500 0.023438 0.023438
0 0.207031 0.812500 0.023438 0.031250
0 0.171875 0.808594 0.015625 0.023438
0 0.142578 0.810547 0.019531 0.027344
0 0.853516 0.529297 0.042969 0.050781
0 0.800781 0.525391 0.046875 0.042969
0 0.757812 0.517578 0.046875 0.035156
0 0.718750 0.517578 0.039062 0.035156
