4 0.589844 0.861328 0.039062 0.027344
4 0.656250 0.857422 0.031250 0.035156
4 0.718750 0.857422 0.039062 0.027344
4 0.587891 0.812500 0.035156 0.031250
4 0.654297 0.810547 0.035156 0.027344
4 0.716797 0.810547 0.035156 0.027344
4 0.781250 0.812500 0.031250 0.031250
4 0.716797 0.765625 0.035156 0.031250
4 0.775391 0.765625 0.035156 0.031250
4 0.880859 0.820312 0.035156 0.031250
4 0.943359 0.820312 0.035156 0.023438
4 0.908203 0.798828 0.035156 0.027344
4 0.878906 0.781250 0.023438 0.023438
4 0.939453 0.781250 0.027344 0.015625
4 0.908203 0.761719 0.035156 0.023438
4 0.875000 0.751953 0.023438 0.027344
4 0.941406 0.753906 0.023438 0.023438
