4 0.117188 0.742188 0.132812 0.132812
4 0.064453 0.908203 0.121094 0.144531
4 0.226562 0.812500 0.125000 0.140625
4 0.179688 0.951172 0.117188 0.097656
4 0.396484 0.892578 0.128906 0.144531
4 0.527344 0.945312 0.109375 0.109375
4 0.468750 0.726562 0.093750 0.125000
4 0.597656 0.783203 0.101562 0.113281
4 0.060547 0.382812 0.113281 0.132812
4 0.193359 0.439453 0.113281 0.136719
4 0.324219 0.503906 0.125000 0.132812
4 0.498047 0.583984 0.105469 0.136719
4 0.621094 0.644531 0.109375 0.140625
4 0.681641 0.478516 0.121094 0.144531
4 0.541016 0.417969 0.113281 0.140625
4 0.376953 0.341797 0.113281 0.144531
4 0.248047 0.273438 0.121094 0.148438
4 0.117188 0.222656 0.117188 0.140625
