1 0.224609 0.226562 0.160156 0.179688
1 0.150391 0.062500 0.136719 0.117188
4 0.369141 0.187500 0.089844 0.078125
4 0.414062 0.248047 0.093750 0.074219
4 0.464844 0.308594 0.109375 0.085938
4 0.515625 0.384766 0.101562 0.097656
4 0.552734 0.187500 0.136719 0.093750
4 0.515625 0.117188 0.132812 0.085938
4 0.593750 0.445312 0.078125 0.070312
4 0.615234 0.513672 0.089844 0.082031
4 0.666016 0.576172 0.105469 0.105469
4 0.449219 0.033203 0.093750 0.058594
4 0.310547 0.095703 0.097656 0.089844
4 0.373047 0.064453 0.105469 0.082031
4 0.751953 0.214844 0.097656 0.085938
4 0.687500 0.267578 0.109375 0.082031
4 0.603516 0.306641 0.097656 0.082031
4 0.664062 0.363281 0.085938 0.085938
