4 0.570312 0.019531 0.066406 0.058594
4 0.648438 0.031250 0.074219 0.058594
4 0.482422 0.399414 0.074219 0.064453
4 0.557617 0.408203 0.068359 0.054688
4 0.646484 0.421875 0.062500 0.058594
4 0.716797 0.430664 0.062500 0.060547
4 0.812500 0.426758 0.046875 0.041016
4 0.812500 0.476562 0.058594 0.046875
4 0.804688 0.526367 0.054688 0.037109
4 0.791016 0.567383 0.050781 0.044922
4 0.708984 0.505859 0.066406 0.062500
4 0.643555 0.490234 0.064453 0.050781
4 0.549805 0.474609 0.068359 0.054688
4 0.474609 0.465820 0.078125 0.056641
4 0.456055 0.536133 0.076172 0.056641
4 0.525391 0.550781 0.050781 0.054688
4 0.625000 0.556641 0.066406 0.058594
4 0.704102 0.572266 0.068359 0.058594
1 0.084961 0.615234 0.029297 0.039062
