4 0.923828 0.720703 0.113281 0.097656
4 0.947266 0.808594 0.105469 0.085938
4 0.958984 0.890625 0.082031 0.085938
4 0.873047 0.980469 0.089844 0.039062
4 0.953125 0.974609 0.085938 0.050781
4 0.787109 0.996094 0.066406 0.007812
4 0.814453 0.720703 0.074219 0.066406
4 0.837891 0.789062 0.066406 0.062500
4 0.851562 0.843750 0.070312 0.070312
4 0.871094 0.914062 0.093750 0.078125
4 0.636719 0.580078 0.078125 0.058594
4 0.660156 0.648438 0.070312 0.062500
4 0.671875 0.712891 0.070312 0.058594
4 0.693359 0.845703 0.066406 0.074219
4 0.712891 0.916016 0.058594 0.058594
