4 0.281250 0.029297 0.046875 0.042969
4 0.199219 0.033203 0.046875 0.042969
4 0.107422 0.031250 0.042969 0.039062
4 0.291016 0.089844 0.042969 0.031250
4 0.201172 0.101562 0.058594 0.054688
4 0.089844 0.119141 0.031250 0.035156
4 0.033203 0.044922 0.035156 0.027344
4 0.031250 0.085938 0.031250 0.031250
4 0.347656 0.804688 0.023438 0.023438
4 0.351562 0.832031 0.023438 0.023438
4 0.351562 0.859375 0.023438 0.023438
4 0.304688 0.839844 0.031250 0.031250
4 0.304688 0.808594 0.031250 0.031250
4 0.306641 0.892578 0.027344 0.027344
4 0.244141 0.810547 0.042969 0.035156
4 0.253906 0.779297 0.023438 0.027344
4 0.226562 0.783203 0.023438 0.027344
4 0.205078 0.812500 0.027344 0.031250
3 0.501953 0.289062 0.035156 0.015625
