2 0.055664 0.114258 0.111328 0.146484
2 0.101562 0.154297 0.117188 0.152344
2 0.061523 0.416992 0.123047 0.150391
2 0.245117 0.297852 0.134766 0.146484
2 0.295898 0.344727 0.126953 0.142578
2 0.364258 0.391602 0.111328 0.126953
2 0.083008 0.719727 0.134766 0.115234
2 0.059570 0.794922 0.119141 0.128906
2 0.194336 0.876953 0.095703 0.113281
2 0.242188 0.918945 0.093750 0.103516
2 0.325195 0.951172 0.087891 0.093750
2 0.611328 0.954102 0.097656 0.087891
2 0.654297 0.897461 0.109375 0.095703
2 0.750977 0.749023 0.080078 0.056641
2 0.630859 0.616211 0.082031 0.099609
2 0.590820 0.576172 0.080078 0.101562
