4 0.781250 0.466797 0.031250 0.019531
4 0.771484 0.449219 0.027344 0.031250
4 0.708984 0.488281 0.027344 0.031250
4 0.732422 0.474609 0.035156 0.027344
4 0.697266 0.460938 0.027344 0.031250
4 0.724609 0.449219 0.027344 0.031250
4 0.685547 0.437500 0.027344 0.031250
4 0.710938 0.425781 0.031250 0.031250
4 0.839844 0.302734 0.046875 0.042969
4 0.824219 0.406250 0.046875 0.031250
4 0.763672 0.396484 0.035156 0.027344
3 0.582031 0.945312 0.046875 0.046875
4 0.656250 0.472656 0.031250 0.031250
4 0.638672 0.451172 0.027344 0.035156
4 0.775391 0.347656 0.035156 0.039062
4 0.832031 0.357422 0.031250 0.027344
