2 0.507812 0.049805 0.078125 0.099609
2 0.566406 0.060547 0.082031 0.105469
2 0.633789 0.080078 0.083984 0.121094
2 0.768555 0.111328 0.099609 0.156250
2 0.576172 0.212891 0.078125 0.101562
2 0.452148 0.156250 0.091797 0.121094
2 0.317383 0.109375 0.083984 0.105469
2 0.245117 0.101562 0.091797 0.125000
2 0.177734 0.092773 0.097656 0.111328
2 0.115234 0.060547 0.093750 0.113281
2 0.041992 0.369141 0.083984 0.128906
2 0.107422 0.369141 0.093750 0.121094
2 0.172852 0.386719 0.095703 0.117188
2 0.054688 0.495117 0.093750 0.123047
2 0.500977 0.500977 0.091797 0.123047
2 0.561523 0.538086 0.068359 0.087891
2 0.618164 0.575195 0.056641 0.060547
2 0.511719 0.638672 0.082031 0.121094
2 0.577148 0.686523 0.060547 0.064453
