2 0.123047 0.123047 0.066406 0.074219
2 0.373047 0.119141 0.062500 0.078125
2 0.625000 0.125000 0.050781 0.062500
2 0.867188 0.116211 0.066406 0.080078
2 0.121094 0.369141 0.078125 0.082031
2 0.372070 0.365234 0.060547 0.074219
2 0.618164 0.369141 0.068359 0.074219
2 0.870117 0.370117 0.072266 0.072266
2 0.120117 0.621094 0.072266 0.078125
2 0.373047 0.619141 0.058594 0.066406
2 0.618164 0.615234 0.083984 0.078125
2 0.867188 0.619141 0.078125 0.070312
2 0.118164 0.869141 0.076172 0.066406
2 0.370117 0.866211 0.064453 0.056641
2 0.616211 0.867188 0.072266 0.054688
2 0.870117 0.864258 0.080078 0.064453
