2 0.121094 0.119141 0.089844 0.093750
2 0.376953 0.125000 0.082031 0.074219
2 0.625000 0.127930 0.082031 0.068359
2 0.871094 0.122070 0.089844 0.080078
2 0.127930 0.375977 0.083984 0.068359
2 0.371094 0.374023 0.078125 0.056641
2 0.627930 0.375977 0.076172 0.044922
2 0.867188 0.380859 0.074219 0.035156
2 0.117188 0.627930 0.078125 0.044922
2 0.366211 0.629883 0.087891 0.052734
2 0.619141 0.628906 0.082031 0.058594
2 0.864258 0.625000 0.095703 0.066406
2 0.122070 0.875977 0.083984 0.068359
2 0.366211 0.875000 0.083984 0.074219
2 0.619141 0.875000 0.082031 0.078125
2 0.872070 0.875977 0.076172 0.076172
