4 0.941406 0.462891 0.117188 0.089844
4 0.859375 0.388672 0.125000 0.097656
4 0.789062 0.312500 0.117188 0.109375
4 0.705078 0.250000 0.113281 0.093750
4 0.937500 0.324219 0.125000 0.109375
4 0.865234 0.261719 0.121094 0.093750
4 0.796875 0.183594 0.125000 0.093750
4 0.617188 0.310547 0.156250 0.105469
4 0.587891 0.210938 0.144531 0.109375
4 0.486328 0.328125 0.128906 0.093750
4 0.462891 0.224609 0.144531 0.113281
4 0.167969 0.517578 0.132812 0.089844
4 0.263672 0.457031 0.128906 0.085938
4 0.246094 0.365234 0.132812 0.089844
4 0.148438 0.429688 0.132812 0.093750
4 0.126953 0.335938 0.128906 0.093750
4 0.958984 0.169922 0.082031 0.105469
4 0.914062 0.111328 0.125000 0.097656
4 0.960938 0.050781 0.078125 0.093750
