4 0.039062 0.757812 0.070312 0.101562
4 0.292969 0.878906 0.125000 0.101562
4 0.271484 0.970703 0.097656 0.058594
4 0.150391 0.830078 0.105469 0.089844
4 0.132812 0.902344 0.132812 0.078125
4 0.949219 0.056641 0.101562 0.105469
4 0.824219 0.105469 0.117188 0.109375
4 0.632812 0.173828 0.117188 0.105469
4 0.597656 0.044922 0.156250 0.082031
4 0.433594 0.080078 0.132812 0.105469
4 0.494141 0.220703 0.121094 0.097656
4 0.537109 0.357422 0.128906 0.105469
4 0.675781 0.296875 0.125000 0.109375
4 0.589844 0.486328 0.117188 0.097656
4 0.728516 0.429688 0.121094 0.101562
4 0.785156 0.574219 0.125000 0.109375
4 0.646484 0.626953 0.128906 0.105469
4 0.695312 0.755859 0.132812 0.105469
4 0.835938 0.708984 0.125000 0.105469
4 0.742188 0.888672 0.117188 0.105469
4 0.880859 0.839844 0.121094 0.109375
4 0.873047 0.236328 0.113281 0.113281
4 0.921875 0.369141 0.125000 0.105469
4 0.957031 0.505859 0.085938 0.105469
