1 0.676875 0.654375 0.036250 0.021250
1 0.558125 0.495625 0.048750 0.021250
1 0.041250 0.256875 0.055000 0.016250
1 0.331875 0.256875 0.051250 0.018750
1 0.087500 0.708125 0.035000 0.016250
1 0.466875 0.696875 0.031250 0.011250
1 0.323750 0.404375 0.025000 0.013750
1 0.100625 0.421875 0.048750 0.021250
1 0.250000 0.666875 0.050000 0.016250
1 0.283125 0.540000 0.043750 0.017500
1 0.253125 0.462500 0.018750 0.012500
1 0.426250 0.457500 0.042500 0.022500
1 0.399375 0.624375 0.036250 0.011250
1 0.214375 0.335625 0.046250 0.018750
1 0.936250 0.893125 0.127500 0.043750
1 0.341875 0.873125 0.073750 0.026250
