1 0.966797 0.255859 0.058594 0.058594
1 0.986328 0.144531 0.027344 0.031250
1 0.976562 0.015625 0.046875 0.023438
1 0.923828 0.298828 0.066406 0.035156
1 0.820312 0.410156 0.046875 0.031250
1 0.736328 0.488281 0.066406 0.039062
1 0.619141 0.523438 0.066406 0.046875
1 0.681641 0.427734 0.066406 0.050781
1 0.576172 0.437500 0.066406 0.046875
1 0.666016 0.542969 0.058594 0.046875
1 0.560547 0.613281 0.074219 0.062500
1 0.484375 0.630859 0.070312 0.050781
1 0.654297 0.744141 0.136719 0.121094
1 0.195312 0.890625 0.070312 0.031250
1 0.210938 0.781250 0.054688 0.031250
3 0.083984 0.832031 0.050781 0.335938
1 0.304688 0.767578 0.070312 0.042969
1 0.195312 0.662109 0.023438 0.050781
1 0.101562 0.927734 0.062500 0.050781
