2 0.118164 0.123047 0.095703 0.070312
2 0.369141 0.125000 0.089844 0.074219
2 0.620117 0.122070 0.087891 0.083984
2 0.872070 0.125000 0.080078 0.070312
2 0.120117 0.369141 0.072266 0.085938
2 0.371094 0.374023 0.078125 0.087891
2 0.624023 0.377930 0.064453 0.068359
2 0.875000 0.383789 0.039062 0.052734
2 0.122070 0.629883 0.052734 0.068359
2 0.371094 0.633789 0.050781 0.060547
2 0.621094 0.631836 0.046875 0.064453
2 0.873047 0.624023 0.058594 0.076172
2 0.127930 0.874023 0.068359 0.076172
2 0.372070 0.871094 0.072266 0.078125
2 0.620117 0.875977 0.064453 0.064453
2 0.873047 0.869141 0.082031 0.082031
