4 0.044922 0.671875 0.082031 0.132812
4 0.037109 0.916016 0.066406 0.121094
4 0.126953 0.804688 0.105469 0.125000
4 0.218750 0.939453 0.093750 0.121094
4 0.304688 0.150391 0.085938 0.089844
4 0.412109 0.128906 0.097656 0.093750
4 0.312500 0.273438 0.078125 0.109375
4 0.427734 0.251953 0.105469 0.105469
4 0.437500 0.382812 0.093750 0.093750
4 0.457031 0.515625 0.117188 0.109375
4 0.574219 0.164062 0.132812 0.140625
4 0.722656 0.136719 0.109375 0.132812
4 0.853516 0.109375 0.121094 0.140625
4 0.738281 0.347656 0.117188 0.125000
4 0.875000 0.326172 0.117188 0.128906
4 0.761719 0.515625 0.132812 0.125000
4 0.896484 0.486328 0.128906 0.144531
