2 0.120117 0.125000 0.083984 0.035156
2 0.373047 0.126953 0.074219 0.027344
2 0.623047 0.122070 0.085938 0.044922
2 0.874023 0.121094 0.083984 0.042969
2 0.120117 0.373047 0.076172 0.039062
2 0.373047 0.374023 0.085938 0.052734
2 0.620117 0.375000 0.080078 0.046875
2 0.875000 0.373047 0.085938 0.066406
2 0.127930 0.625977 0.076172 0.060547
2 0.374023 0.620117 0.087891 0.080078
2 0.621094 0.630859 0.042969 0.074219
2 0.875000 0.633789 0.050781 0.068359
2 0.120117 0.890625 0.048828 0.058594
2 0.372070 0.888672 0.048828 0.062500
2 0.621094 0.883789 0.062500 0.080078
2 0.869141 0.885742 0.062500 0.076172
