2 0.123047 0.125977 0.082031 0.052734
2 0.373047 0.125977 0.089844 0.048828
2 0.625977 0.125000 0.087891 0.039062
2 0.868164 0.126953 0.087891 0.031250
2 0.123047 0.375000 0.085938 0.046875
2 0.371094 0.375977 0.085938 0.044922
2 0.624023 0.374023 0.087891 0.056641
2 0.868164 0.372070 0.099609 0.076172
2 0.120117 0.625000 0.095703 0.070312
2 0.370117 0.625000 0.091797 0.074219
2 0.620117 0.625000 0.091797 0.074219
2 0.869141 0.625000 0.085938 0.085938
2 0.119141 0.875000 0.085938 0.085938
2 0.371094 0.873047 0.085938 0.093750
2 0.622070 0.873047 0.072266 0.089844
2 0.875000 0.877930 0.062500 0.087891
