1 0.120000 0.279375 0.027500 0.033750
1 0.396250 0.695625 0.030000 0.023750
1 0.041250 0.371250 0.047500 0.055000
1 0.439375 0.720000 0.018750 0.020000
1 0.006875 0.458750 0.011250 0.017500
1 0.573750 0.748750 0.012500 0.017500
1 0.016250 0.458750 0.007500 0.012500
1 0.545625 0.747500 0.013750 0.012500
1 0.423750 0.640625 0.010000 0.006250
1 0.262500 0.440625 0.020000 0.021250
1 0.820000 0.714375 0.052500 0.011250
1 0.369375 0.683125 0.038750 0.031250
1 0.382500 0.689375 0.030000 0.026250
1 0.666250 0.563125 0.015000 0.021250
1 0.176250 0.278750 0.032500 0.030000
1 0.163750 0.278125 0.017500 0.016250
1 0.182500 0.319375 0.020000 0.018750
