2 0.124023 0.118164 0.087891 0.080078
2 0.369141 0.117188 0.082031 0.074219
2 0.619141 0.117188 0.082031 0.074219
2 0.871094 0.117188 0.082031 0.082031
2 0.121094 0.369141 0.089844 0.089844
2 0.369141 0.367188 0.078125 0.082031
2 0.625000 0.373047 0.054688 0.066406
2 0.877930 0.373047 0.060547 0.070312
2 0.127930 0.628906 0.052734 0.054688
2 0.371094 0.618164 0.058594 0.068359
2 0.618164 0.620117 0.060547 0.072266
2 0.876953 0.610352 0.066406 0.083984
2 0.125977 0.872070 0.091797 0.091797
2 0.375977 0.871094 0.072266 0.085938
2 0.620117 0.867188 0.083984 0.089844
2 0.874023 0.869141 0.080078 0.082031
