2 0.131836 0.119141 0.072266 0.074219
2 0.376953 0.118164 0.074219 0.080078
2 0.626953 0.119141 0.078125 0.078125
2 0.870117 0.124023 0.064453 0.052734
2 0.127930 0.368164 0.076172 0.064453
2 0.376953 0.370117 0.074219 0.068359
2 0.627930 0.371094 0.072266 0.054688
2 0.875000 0.367188 0.074219 0.058594
2 0.128906 0.620117 0.089844 0.060547
2 0.374023 0.620117 0.080078 0.064453
2 0.625977 0.620117 0.076172 0.060547
2 0.875977 0.620117 0.076172 0.064453
2 0.127930 0.872070 0.080078 0.052734
2 0.373047 0.873047 0.074219 0.039062
2 0.616211 0.866211 0.083984 0.056641
2 0.870117 0.869141 0.083984 0.062500
