1 0.875000 0.005859 0.062500 0.003906
1 0.863281 0.128906 0.054688 0.039062
1 0.701172 0.146484 0.050781 0.035156
1 0.363281 0.470703 0.054688 0.050781
1 0.302734 0.654297 0.058594 0.058594
1 0.216797 0.630859 0.058594 0.058594
1 0.251953 0.519531 0.058594 0.031250
1 0.226562 0.386719 0.046875 0.031250
1 0.173828 0.673828 0.066406 0.035156
1 0.070312 0.785156 0.046875 0.031250
1 0.271484 0.335938 0.035156 0.070312
1 0.056641 0.644531 0.082031 0.070312
1 0.093750 0.724609 0.078125 0.050781
1 0.367188 0.572266 0.093750 0.050781
1 0.134766 0.595703 0.058594 0.058594
1 0.183594 0.521484 0.070312 0.082031
1 0.158203 0.437500 0.066406 0.046875
1 0.294922 0.433594 0.042969 0.039062
1 0.361328 0.378906 0.066406 0.046875
1 0.466797 0.416016 0.097656 0.074219
1 0.457031 0.496094 0.062500 0.039062
1 0.400391 0.246094 0.097656 0.039062
1 0.355469 0.308594 0.078125 0.046875
1 0.632812 0.312500 0.070312 0.085938
1 0.509766 0.197266 0.058594 0.089844
1 0.449219 0.312500 0.062500 0.046875
1 0.748047 0.208984 0.082031 0.058594
