4 0.156250 0.960938 0.054688 0.046875
4 0.207031 0.962891 0.031250 0.035156
4 0.244141 0.921875 0.042969 0.039062
4 0.101562 0.980469 0.039062 0.023438
4 0.041016 0.982422 0.042969 0.027344
4 0.068359 0.917969 0.042969 0.039062
4 0.128906 0.921875 0.039062 0.039062
4 0.185547 0.917969 0.042969 0.046875
4 0.056641 0.716797 0.050781 0.042969
4 0.052734 0.679688 0.042969 0.039062
4 0.101562 0.703125 0.023438 0.031250
4 0.099609 0.658203 0.027344 0.027344
4 0.214844 0.667969 0.031250 0.031250
4 0.216797 0.628906 0.035156 0.031250
4 0.216797 0.597656 0.027344 0.023438
4 0.230469 0.568359 0.023438 0.027344
4 0.123047 0.445312 0.035156 0.031250
4 0.189453 0.390625 0.035156 0.031250
4 0.117188 0.412109 0.023438 0.027344
4 0.056641 0.449219 0.035156 0.039062
4 0.023438 0.427734 0.031250 0.035156
4 0.023438 0.392578 0.031250 0.035156
4 0.054688 0.408203 0.023438 0.027344
4 0.054688 0.351562 0.039062 0.039062
4 0.107422 0.349609 0.035156 0.035156
