2 0.121094 0.130859 0.085938 0.054688
2 0.369141 0.117188 0.082031 0.058594
2 0.618164 0.113281 0.087891 0.066406
2 0.865234 0.118164 0.085938 0.072266
2 0.116211 0.373047 0.076172 0.058594
2 0.369141 0.369141 0.082031 0.058594
2 0.619141 0.370117 0.074219 0.064453
2 0.869141 0.370117 0.074219 0.064453
2 0.114258 0.616211 0.091797 0.087891
2 0.372070 0.616211 0.076172 0.076172
2 0.617188 0.615234 0.074219 0.074219
2 0.870117 0.615234 0.072266 0.082031
2 0.119141 0.867188 0.070312 0.078125
2 0.372070 0.864258 0.072266 0.083984
2 0.620117 0.863281 0.072266 0.082031
2 0.867188 0.863281 0.070312 0.082031
