5 0.833984 0.019531 0.097656 0.031250
5 0.890625 0.181641 0.078125 0.058594
5 0.904297 0.294922 0.082031 0.058594
5 0.894531 0.402344 0.101562 0.054688
5 0.894531 0.501953 0.109375 0.058594
5 0.880859 0.595703 0.121094 0.058594
4 0.169922 0.505859 0.027344 0.027344
4 0.201172 0.505859 0.027344 0.027344
4 0.197266 0.548828 0.027344 0.027344
4 0.150391 0.548828 0.027344 0.027344
4 0.091797 0.552734 0.027344 0.027344
4 0.091797 0.591797 0.027344 0.027344
4 0.150391 0.591797 0.027344 0.027344
4 0.197266 0.591797 0.027344 0.027344
4 0.197266 0.634766 0.027344 0.027344
4 0.197266 0.669922 0.027344 0.027344
4 0.150391 0.666016 0.027344 0.027344
4 0.107422 0.673828 0.027344 0.027344
4 0.048828 0.669922 0.027344 0.027344
4 0.044922 0.634766 0.027344 0.027344
4 0.087891 0.505859 0.027344 0.027344
4 0.123047 0.501953 0.027344 0.027344
4 0.138672 0.458984 0.027344 0.027344
4 0.138672 0.435547 0.027344 0.027344
4 0.130859 0.408203 0.027344 0.027344
4 0.564453 0.552734 0.011719 0.019531
4 0.580078 0.556641 0.011719 0.019531
4 0.595703 0.556641 0.011719 0.019531
4 0.615234 0.564453 0.011719 0.019531
4 0.630859 0.564453 0.011719 0.019531
4 0.623047 0.580078 0.011719 0.019531
4 0.591797 0.572266 0.011719 0.019531
4 0.607422 0.529297 0.011719 0.019531
4 0.623047 0.533203 0.011719 0.019531
4 0.634766 0.537109 0.011719 0.019531
4 0.642578 0.525391 0.011719 0.019531
4 0.623047 0.517578 0.011719 0.019531
4 0.611328 0.517578 0.011719 0.019531
4 0.615234 0.501953 0.011719 0.019531
4 0.626953 0.509766 0.011719 0.019531
4 0.642578 0.509766 0.011719 0.019531
4 0.654297 0.486328 0.011719 0.019531
4 0.634766 0.482422 0.011719 0.019531
4 0.619141 0.478516 0.011719 0.019531
4 0.623047 0.466797 0.011719 0.019531
4 0.638672 0.470703 0.011719 0.019531
4 0.658203 0.470703 0.011719 0.019531
4 0.662109 0.458984 0.011719 0.019531
4 0.666016 0.439453 0.011719 0.019531
4 0.107422 0.708984 0.011719 0.019531
4 0.119141 0.708984 0.011719 0.019531
4 0.107422 0.724609 0.011719 0.019531
4 0.123047 0.728516 0.011719 0.019531
