4 0.105469 0.906250 0.093750 0.117188
4 0.189453 0.822266 0.089844 0.105469
4 0.072266 0.583984 0.089844 0.128906
4 0.164062 0.476562 0.101562 0.125000
4 0.316406 0.505859 0.093750 0.113281
4 0.421875 0.486328 0.093750 0.105469
4 0.517578 0.468750 0.082031 0.101562
4 0.621094 0.449219 0.093750 0.117188
4 0.576172 0.607422 0.089844 0.089844
4 0.669922 0.591797 0.089844 0.097656
4 0.593750 0.718750 0.078125 0.101562
4 0.683594 0.707031 0.085938 0.101562
4 0.117188 0.179688 0.078125 0.093750
4 0.111328 0.300781 0.089844 0.101562
4 0.220703 0.187500 0.089844 0.109375
4 0.216797 0.312500 0.105469 0.109375
4 0.367188 0.197266 0.085938 0.097656
4 0.386719 0.316406 0.093750 0.101562
4 0.476562 0.179688 0.101562 0.109375
4 0.490234 0.296875 0.097656 0.101562
4 0.595703 0.150391 0.089844 0.105469
4 0.619141 0.271484 0.105469 0.113281
4 0.875000 0.957031 0.109375 0.085938
4 0.845703 0.816406 0.097656 0.125000
4 0.958984 0.697266 0.082031 0.128906
