2 0.765625 0.016602 0.109375 0.033203
2 0.774414 0.069336 0.087891 0.037109
2 0.565430 0.109375 0.115234 0.046875
2 0.738281 0.131836 0.089844 0.033203
2 0.734375 0.181641 0.101562 0.042969
2 0.592773 0.179688 0.087891 0.046875
2 0.536133 0.220703 0.119141 0.062500
2 0.702148 0.230469 0.111328 0.050781
2 0.715820 0.298828 0.103516 0.046875
2 0.718750 0.398438 0.121094 0.066406
2 0.688477 0.455078 0.115234 0.050781
2 0.500977 0.500977 0.119141 0.052734
2 0.517578 0.444336 0.121094 0.056641
2 0.513672 0.383789 0.109375 0.056641
2 0.676758 0.507812 0.134766 0.054688
2 0.662109 0.564453 0.117188 0.050781
2 0.653320 0.676758 0.123047 0.068359
2 0.675781 0.784180 0.101562 0.052734
2 0.479492 0.721680 0.115234 0.044922
2 0.469727 0.779297 0.134766 0.054688
2 0.612305 0.904297 0.119141 0.050781
2 0.454102 0.887695 0.115234 0.056641
2 0.606445 0.974609 0.126953 0.042969
2 0.110352 0.752930 0.115234 0.056641
2 0.124023 0.696289 0.123047 0.048828
2 0.143555 0.641602 0.123047 0.052734
2 0.150391 0.529297 0.117188 0.050781
2 0.150391 0.466797 0.128906 0.062500
2 0.166016 0.415039 0.097656 0.044922
2 0.184570 0.353516 0.107422 0.054688
2 0.205078 0.138672 0.097656 0.046875
2 0.207031 0.084961 0.121094 0.052734
2 0.226562 0.028320 0.113281 0.041016
