0 0.020089 0.049107 0.040179 0.071429
0 0.241071 0.486607 0.080357 0.098214
0 0.243304 0.361607 0.084821 0.071429
0 0.241071 0.232143 0.071429 0.071429
0 0.245536 0.100446 0.080357 0.075893
0 0.522321 0.457589 0.062500 0.058036
0 0.578125 0.506696 0.066964 0.058036
0 0.580357 0.404018 0.062500 0.049107
0 0.522321 0.343750 0.062500 0.062500
0 0.582589 0.301339 0.058036 0.049107
0 0.524554 0.245536 0.066964 0.053571
0 0.580357 0.187500 0.062500 0.044643
0 0.526786 0.140625 0.053571 0.049107
0 0.578125 0.091518 0.058036 0.040179
0 0.533482 0.035714 0.066964 0.044643
0 0.830357 0.705357 0.080357 0.044643
0 0.828125 0.602679 0.066964 0.044643
0 0.825893 0.502232 0.062500 0.058036
0 0.825893 0.401786 0.062500 0.044643
0 0.821429 0.296875 0.062500 0.049107
0 0.816964 0.200893 0.062500 0.044643
0 0.816964 0.091518 0.062500 0.049107
