4 0.060547 0.250977 0.062500 0.056641
4 0.135742 0.262695 0.052734 0.052734
4 0.052734 0.321289 0.058594 0.064453
4 0.118164 0.332031 0.060547 0.054688
4 0.034180 0.410156 0.060547 0.054688
4 0.107422 0.421875 0.054688 0.058594
4 0.179688 0.430664 0.054688 0.056641
4 0.405273 0.060547 0.056641 0.054688
4 0.475586 0.033203 0.056641 0.054688
4 0.432617 0.123047 0.052734 0.058594
4 0.499023 0.100586 0.056641 0.056641
4 0.458008 0.193359 0.056641 0.058594
4 0.529297 0.168945 0.058594 0.052734
4 0.552734 0.234375 0.058594 0.054688
4 0.484375 0.260742 0.058594 0.052734
4 0.505859 0.327148 0.058594 0.060547
4 0.578125 0.301758 0.054688 0.052734
4 0.546875 0.393555 0.058594 0.048828
4 0.615234 0.367188 0.054688 0.050781
4 0.689453 0.379883 0.054688 0.056641
4 0.603516 0.438477 0.054688 0.056641
4 0.676758 0.448242 0.052734 0.056641
4 0.594727 0.064453 0.056641 0.058594
4 0.666992 0.041016 0.056641 0.058594
4 0.623047 0.136719 0.058594 0.050781
4 0.696289 0.111328 0.048828 0.054688
4 0.646484 0.201172 0.058594 0.058594
4 0.720703 0.180664 0.058594 0.056641
4 0.673828 0.266602 0.054688 0.056641
4 0.743164 0.244141 0.052734 0.054688
4 0.826172 0.222656 0.054688 0.050781
4 0.812500 0.291992 0.054688 0.056641
4 0.883789 0.302734 0.056641 0.054688
4 0.897461 0.236328 0.056641 0.058594
4 0.973633 0.246094 0.064453 0.058594
4 0.954102 0.316406 0.060547 0.062500
1 0.534180 0.769531 0.173828 0.054688
