0 0.111328 0.046875 0.027344 0.039062
0 0.164062 0.052734 0.023438 0.042969
0 0.222656 0.054688 0.039062 0.039062
0 0.283203 0.056641 0.042969 0.035156
0 0.107422 0.187500 0.035156 0.039062
0 0.136719 0.152344 0.039062 0.031250
0 0.164062 0.191406 0.031250 0.039062
0 0.193359 0.154297 0.035156 0.035156
0 0.218750 0.195312 0.031250 0.039062
0 0.251953 0.162109 0.035156 0.042969
0 0.279297 0.203125 0.035156 0.039062
0 0.314453 0.164062 0.027344 0.046875
0 0.343750 0.195312 0.031250 0.039062
0 0.373047 0.171875 0.035156 0.046875
0 0.394531 0.203125 0.023438 0.031250
0 0.093750 0.304688 0.023438 0.031250
0 0.150391 0.308594 0.027344 0.039062
0 0.214844 0.316406 0.023438 0.039062
0 0.275391 0.320312 0.027344 0.046875
0 0.328125 0.320312 0.031250 0.046875
0 0.378906 0.318359 0.039062 0.035156
0 0.619141 0.029297 0.035156 0.042969
0 0.675781 0.033203 0.031250 0.042969
0 0.818359 0.015625 0.035156 0.023438
0 0.554688 0.154297 0.023438 0.035156
0 0.609375 0.162109 0.031250 0.035156
0 0.638672 0.125000 0.027344 0.031250
0 0.669922 0.166016 0.027344 0.035156
0 0.701172 0.136719 0.027344 0.039062
0 0.730469 0.167969 0.039062 0.039062
0 0.791016 0.179688 0.035156 0.054688
0 0.816406 0.140625 0.031250 0.046875
0 0.845703 0.179688 0.035156 0.046875
0 0.544922 0.304688 0.035156 0.046875
0 0.578125 0.265625 0.031250 0.039062
0 0.605469 0.300781 0.031250 0.039062
0 0.636719 0.267578 0.031250 0.035156
0 0.662109 0.306641 0.035156 0.042969
0 0.695312 0.271484 0.031250 0.035156
0 0.722656 0.310547 0.031250 0.035156
0 0.755859 0.279297 0.035156 0.042969
0 0.775391 0.312500 0.027344 0.039062
0 0.810547 0.285156 0.027344 0.039062
0 0.839844 0.322266 0.039062 0.050781
0 0.535156 0.437500 0.031250 0.039062
0 0.566406 0.406250 0.031250 0.039062
0 0.595703 0.443359 0.035156 0.042969
0 0.625000 0.406250 0.031250 0.031250
0 0.652344 0.445312 0.039062 0.031250
0 0.685547 0.412109 0.027344 0.035156
0 0.710938 0.449219 0.031250 0.039062
0 0.740234 0.416016 0.035156 0.035156
0 0.773438 0.457031 0.039062 0.046875
0 0.804688 0.425781 0.039062 0.046875
0 0.832031 0.453125 0.039062 0.054688
0 0.492188 0.619141 0.031250 0.035156
0 0.523438 0.591797 0.031250 0.042969
0 0.552734 0.628906 0.027344 0.039062
0 0.583984 0.591797 0.027344 0.042969
0 0.611328 0.626953 0.027344 0.042969
0 0.642578 0.593750 0.027344 0.031250
0 0.671875 0.628906 0.023438 0.046875
0 0.699219 0.595703 0.031250 0.035156
0 0.730469 0.636719 0.023438 0.039062
0 0.761719 0.601562 0.023438 0.039062
0 0.792969 0.636719 0.031250 0.039062
0 0.818359 0.607422 0.027344 0.042969
0 0.486328 0.792969 0.027344 0.039062
0 0.517578 0.763672 0.027344 0.042969
0 0.546875 0.794922 0.031250 0.035156
0 0.572266 0.759766 0.035156 0.035156
0 0.601562 0.796875 0.039062 0.046875
0 0.636719 0.767578 0.031250 0.042969
0 0.662109 0.802734 0.035156 0.050781
0 0.695312 0.771484 0.031250 0.042969
0 0.720703 0.804688 0.035156 0.046875
0 0.753906 0.771484 0.031250 0.042969
0 0.779297 0.810547 0.035156 0.035156
0 0.476562 0.935547 0.031250 0.042969
0 0.507812 0.898438 0.039062 0.039062
0 0.535156 0.931641 0.046875 0.035156
0 0.566406 0.904297 0.031250 0.035156
0 0.593750 0.935547 0.031250 0.035156
0 0.625000 0.906250 0.031250 0.031250
0 0.646484 0.943359 0.035156 0.042969
0 0.681641 0.906250 0.035156 0.046875
0 0.707031 0.941406 0.039062 0.039062
0 0.740234 0.910156 0.035156 0.039062
0 0.763672 0.949219 0.042969 0.039062
0 0.796875 0.914062 0.039062 0.046875
