2 0.120117 0.117188 0.076172 0.058594
2 0.372070 0.118164 0.087891 0.056641
2 0.621094 0.115234 0.078125 0.035156
2 0.870117 0.120117 0.076172 0.037109
2 0.119141 0.370117 0.078125 0.037109
2 0.373047 0.371094 0.082031 0.042969
2 0.624023 0.369141 0.083984 0.054688
2 0.871094 0.370117 0.089844 0.056641
2 0.121094 0.622070 0.085938 0.056641
2 0.371094 0.624023 0.089844 0.068359
2 0.621094 0.625977 0.089844 0.072266
2 0.875000 0.627930 0.082031 0.076172
2 0.123047 0.876953 0.078125 0.074219
2 0.375000 0.878906 0.074219 0.074219
2 0.624023 0.875000 0.072266 0.074219
2 0.869141 0.874023 0.082031 0.072266
