1 0.163750 0.741250 0.017500 0.012500
1 0.070000 0.584375 0.032500 0.033750
1 0.010000 0.800000 0.020000 0.017500
1 0.303125 0.836875 0.016250 0.016250
1 0.121875 0.749375 0.021250 0.021250
1 0.234375 0.812500 0.016250 0.017500
1 0.191250 0.780625 0.017500 0.021250
1 0.139375 0.940000 0.033750 0.025000
1 0.258125 0.802500 0.013750 0.015000
1 0.107500 0.625625 0.030000 0.026250
1 0.276875 0.860000 0.021250 0.022500
1 0.131250 0.643750 0.020000 0.020000
1 0.038750 0.851875 0.020000 0.011250
1 0.341875 0.885625 0.021250 0.021250
1 0.275625 0.818125 0.021250 0.021250
1 0.377500 0.906875 0.020000 0.018750
1 0.143125 0.732500 0.011250 0.012500
1 0.214375 0.761250 0.011250 0.012500
1 0.410625 0.921250 0.016250 0.017500
1 0.466250 0.982500 0.017500 0.020000
1 0.041875 0.552500 0.026250 0.027500
1 0.155625 0.766250 0.021250 0.025000
1 0.162500 0.760000 0.022500 0.022500
1 0.153750 0.778750 0.015000 0.015000
1 0.191250 0.809375 0.017500 0.013750
