2 0.123047 0.126953 0.074219 0.070312
2 0.375000 0.130859 0.074219 0.074219
2 0.618164 0.124023 0.072266 0.072266
2 0.873047 0.128906 0.070312 0.074219
2 0.123047 0.373047 0.062500 0.078125
2 0.370117 0.364258 0.072266 0.095703
2 0.623047 0.369141 0.050781 0.074219
2 0.873047 0.391602 0.054688 0.052734
2 0.125977 0.633789 0.041016 0.044922
2 0.373047 0.639648 0.042969 0.048828
2 0.623047 0.630859 0.046875 0.062500
2 0.872070 0.633789 0.041016 0.044922
2 0.124023 0.875000 0.048828 0.062500
2 0.375977 0.871094 0.064453 0.074219
2 0.631836 0.866211 0.091797 0.095703
2 0.875000 0.866211 0.066406 0.076172
