4 0.205078 0.177734 0.058594 0.058594
4 0.281250 0.188477 0.054688 0.060547
4 0.116211 0.236328 0.060547 0.062500
4 0.190430 0.246094 0.060547 0.058594
4 0.263672 0.259766 0.062500 0.058594
4 0.100586 0.625000 0.064453 0.058594
4 0.174805 0.636719 0.060547 0.058594
4 0.269531 0.649414 0.058594 0.060547
4 0.339844 0.660156 0.054688 0.058594
4 0.086914 0.692383 0.064453 0.060547
4 0.164062 0.705078 0.062500 0.058594
4 0.257812 0.719727 0.058594 0.060547
4 0.330078 0.730469 0.058594 0.054688
4 0.076172 0.761719 0.058594 0.062500
4 0.144531 0.773438 0.050781 0.062500
4 0.243164 0.787109 0.060547 0.062500
4 0.316406 0.799805 0.062500 0.056641
