2 0.043945 0.421875 0.087891 0.078125
2 0.081055 0.359375 0.107422 0.082031
2 0.197266 0.193359 0.101562 0.066406
2 0.247070 0.128906 0.150391 0.101562
2 0.296875 0.070312 0.128906 0.089844
2 0.142578 0.555664 0.097656 0.123047
2 0.198242 0.510742 0.087891 0.115234
2 0.237305 0.439453 0.083984 0.109375
2 0.281250 0.383789 0.093750 0.126953
2 0.317383 0.312500 0.080078 0.105469
2 0.367188 0.262695 0.078125 0.111328
2 0.418945 0.225586 0.064453 0.099609
2 0.458984 0.144531 0.078125 0.121094
2 0.500977 0.500977 0.123047 0.087891
2 0.424805 0.621094 0.099609 0.078125
2 0.375000 0.668945 0.089844 0.064453
2 0.350586 0.734375 0.095703 0.074219
2 0.300781 0.791016 0.105469 0.070312
2 0.558594 0.667969 0.109375 0.078125
2 0.527344 0.733398 0.117188 0.076172
2 0.485352 0.786133 0.103516 0.068359
2 0.437500 0.843750 0.105469 0.070312
2 0.403320 0.909180 0.130859 0.087891
