2 0.118164 0.126953 0.080078 0.089844
2 0.369141 0.123047 0.078125 0.089844
2 0.618164 0.127930 0.076172 0.080078
2 0.870117 0.127930 0.080078 0.076172
2 0.122070 0.380859 0.064453 0.062500
2 0.372070 0.379883 0.076172 0.060547
2 0.625000 0.377930 0.074219 0.052734
2 0.873047 0.379883 0.082031 0.052734
2 0.128906 0.628906 0.082031 0.054688
2 0.375000 0.628906 0.082031 0.042969
2 0.615234 0.629883 0.074219 0.037109
2 0.866211 0.629883 0.072266 0.033203
2 0.120117 0.879883 0.076172 0.044922
2 0.367188 0.876953 0.082031 0.058594
2 0.623047 0.879883 0.078125 0.052734
2 0.873047 0.877930 0.074219 0.060547
