0 0.392578 0.337891 0.011719 0.019531
0 0.404297 0.330078 0.011719 0.019531
0 0.416016 0.335938 0.011719 0.015625
0 0.423828 0.328125 0.011719 0.015625
0 0.435547 0.339844 0.011719 0.015625
0 0.445312 0.326172 0.015625 0.019531
0 0.455078 0.341797 0.011719 0.019531
0 0.466797 0.330078 0.011719 0.019531
0 0.474609 0.343750 0.011719 0.015625
0 0.488281 0.328125 0.015625 0.023438
0 0.517578 0.343750 0.011719 0.015625
0 0.419922 0.277344 0.019531 0.023438
0 0.445312 0.279297 0.015625 0.027344
0 0.468750 0.281250 0.015625 0.023438
0 0.490234 0.285156 0.019531 0.023438
0 0.513672 0.283203 0.019531 0.027344
0 0.412109 0.394531 0.019531 0.031250
0 0.470703 0.380859 0.019531 0.019531
0 0.482422 0.404297 0.019531 0.019531
0 0.453125 0.449219 0.023438 0.023438
0 0.472656 0.447266 0.015625 0.019531
0 0.500000 0.445312 0.015625 0.023438
0 0.523438 0.435547 0.015625 0.050781
