1 0.980469 0.148438 0.039062 0.046875
1 0.951172 0.062500 0.066406 0.046875
1 0.935547 0.238281 0.074219 0.062500
1 0.859375 0.255859 0.070312 0.050781
1 0.980469 0.369141 0.039062 0.121094
1 0.570312 0.515625 0.070312 0.031250
1 0.585938 0.406250 0.054688 0.031250
3 0.458984 0.570312 0.050781 0.562500
1 0.679688 0.392578 0.070312 0.042969
1 0.570312 0.287109 0.023438 0.050781
1 0.425781 0.656250 0.054688 0.031250
1 0.476562 0.552734 0.062500 0.050781
1 0.339844 0.597656 0.039062 0.031250
1 0.017578 0.912109 0.027344 0.035156
1 0.220703 0.578125 0.113281 0.046875
1 0.318359 0.488281 0.113281 0.054688
1 0.830078 0.183594 0.050781 0.039062
1 0.765625 0.320312 0.039062 0.039062
1 0.896484 0.517578 0.050781 0.050781
