4 0.589844 0.130859 0.039062 0.027344
4 0.656250 0.134766 0.031250 0.035156
4 0.718750 0.134766 0.039062 0.027344
4 0.587891 0.179688 0.035156 0.031250
4 0.654297 0.181641 0.035156 0.027344
4 0.716797 0.181641 0.035156 0.027344
4 0.781250 0.179688 0.031250 0.031250
4 0.716797 0.226562 0.035156 0.031250
4 0.775391 0.226562 0.035156 0.031250
4 0.880859 0.171875 0.035156 0.031250
4 0.943359 0.171875 0.035156 0.023438
4 0.908203 0.193359 0.035156 0.027344
4 0.878906 0.210938 0.023438 0.023438
4 0.939453 0.210938 0.027344 0.015625
4 0.908203 0.230469 0.035156 0.023438
4 0.875000 0.240234 0.023438 0.027344
4 0.941406 0.238281 0.023438 0.023438
