1 0.103125 0.928125 0.026250 0.006250
1 0.245625 0.111875 0.008750 0.018750
1 0.141250 0.998125 0.020000 0.003750
1 0.301250 0.918750 0.035000 0.012500
1 0.041250 0.249375 0.082500 0.021250
1 0.035000 0.529375 0.070000 0.028750
1 0.633750 0.061250 0.065000 0.020000
1 0.407500 0.885000 0.030000 0.007500
1 0.444375 0.276875 0.066250 0.021250
1 0.243125 0.825000 0.026250 0.010000
1 0.548750 0.758125 0.025000 0.011250
1 0.683750 0.803750 0.025000 0.010000
1 0.011875 0.978125 0.023750 0.006250
1 0.068750 0.991875 0.032500 0.008750
1 0.670000 0.651250 0.027500 0.010000
1 0.673125 0.525625 0.038750 0.011250
1 0.950000 0.212500 0.067500 0.037500
1 0.930000 0.207500 0.027500 0.012500
