2 0.542969 0.923828 0.136719 0.058594
2 0.539062 0.858398 0.113281 0.044922
2 0.545898 0.797852 0.130859 0.056641
2 0.532227 0.733398 0.119141 0.048828
2 0.542969 0.678711 0.140625 0.052734
2 0.543945 0.625977 0.138672 0.041016
2 0.516602 0.562500 0.123047 0.046875
2 0.500000 0.500000 0.105469 0.046875
2 0.920898 0.720703 0.115234 0.050781
2 0.916992 0.666992 0.111328 0.044922
2 0.906250 0.603516 0.121094 0.054688
2 0.911133 0.541992 0.123047 0.041016
2 0.904297 0.481445 0.125000 0.044922
2 0.901367 0.419922 0.130859 0.050781
2 0.901367 0.361328 0.146484 0.058594
2 0.908203 0.297852 0.113281 0.044922
2 0.883789 0.237305 0.119141 0.056641
2 0.881836 0.176758 0.119141 0.048828
2 0.876953 0.125000 0.140625 0.039062
2 0.895508 0.080078 0.150391 0.054688
2 0.484375 0.180664 0.113281 0.048828
2 0.479492 0.125977 0.107422 0.048828
2 0.492188 0.069336 0.113281 0.044922
