0 0.493304 0.022321 0.075893 0.044643
0 0.566964 0.073661 0.071429 0.058036
0 0.488839 0.140625 0.084821 0.058036
0 0.562500 0.198661 0.071429 0.066964
0 0.491071 0.254464 0.089286 0.071429
0 0.564732 0.323661 0.075893 0.066964
0 0.486607 0.392857 0.080357 0.053571
0 0.569196 0.457589 0.084821 0.066964
0 0.486607 0.515625 0.089286 0.066964
0 0.569196 0.566964 0.075893 0.053571
0 0.799107 0.026786 0.071429 0.053571
0 0.875000 0.073661 0.071429 0.058036
0 0.810268 0.129464 0.066964 0.062500
0 0.881696 0.200893 0.075893 0.071429
0 0.801339 0.267857 0.075893 0.071429
0 0.879464 0.334821 0.080357 0.062500
0 0.808036 0.392857 0.062500 0.062500
0 0.875000 0.453125 0.071429 0.058036
0 0.801339 0.517857 0.066964 0.062500
0 0.861607 0.566964 0.080357 0.062500
0 0.803571 0.649554 0.071429 0.075893
0 0.877232 0.703125 0.075893 0.066964
0 0.805804 0.758929 0.075893 0.071429
0 0.875000 0.830357 0.080357 0.071429
0 0.816964 0.881696 0.071429 0.058036
0 0.875000 0.955357 0.071429 0.062500
