4 0.416016 0.241211 0.058594 0.056641
4 0.490234 0.250977 0.062500 0.056641
4 0.565430 0.262695 0.052734 0.052734
4 0.407227 0.311523 0.060547 0.060547
4 0.482422 0.321289 0.058594 0.064453
4 0.547852 0.332031 0.060547 0.054688
4 0.391602 0.396484 0.052734 0.054688
4 0.463867 0.410156 0.060547 0.054688
4 0.537109 0.421875 0.054688 0.058594
4 0.609375 0.430664 0.054688 0.056641
4 0.834961 0.060547 0.056641 0.054688
4 0.905273 0.033203 0.056641 0.054688
4 0.862305 0.123047 0.052734 0.058594
4 0.928711 0.100586 0.056641 0.056641
4 0.887695 0.193359 0.056641 0.058594
4 0.958984 0.168945 0.058594 0.052734
4 0.976562 0.234375 0.046875 0.054688
4 0.914062 0.260742 0.058594 0.052734
4 0.935547 0.327148 0.058594 0.060547
4 0.990234 0.301758 0.019531 0.052734
4 0.973633 0.393555 0.052734 0.048828
4 0.998047 0.064453 0.003906 0.058594
1 0.938477 0.769531 0.123047 0.054688
