2 0.127930 0.127930 0.091797 0.048828
2 0.372070 0.125977 0.087891 0.052734
2 0.619141 0.125000 0.089844 0.062500
2 0.870117 0.124023 0.087891 0.068359
2 0.124023 0.377930 0.080078 0.064453
2 0.371094 0.374023 0.085938 0.076172
2 0.621094 0.374023 0.074219 0.076172
2 0.875000 0.376953 0.070312 0.070312
2 0.125000 0.627930 0.058594 0.072266
2 0.372070 0.626953 0.060547 0.078125
2 0.621094 0.632812 0.062500 0.082031
2 0.875000 0.647461 0.046875 0.056641
2 0.119141 0.875977 0.054688 0.083984
2 0.369141 0.876953 0.035156 0.074219
2 0.622070 0.879883 0.037109 0.072266
2 0.870117 0.876953 0.048828 0.078125
