4 0.398438 0.107422 0.070312 0.074219
4 0.318359 0.076172 0.074219 0.074219
4 0.396484 0.193359 0.066406 0.066406
4 0.318359 0.158203 0.066406 0.074219
4 0.431641 0.318359 0.074219 0.074219
4 0.082031 0.267578 0.078125 0.082031
4 0.152344 0.304688 0.062500 0.070312
4 0.261719 0.343750 0.078125 0.070312
4 0.351562 0.285156 0.070312 0.070312
4 0.341797 0.375000 0.066406 0.078125
4 0.421875 0.408203 0.070312 0.074219
4 0.271484 0.257812 0.074219 0.078125
4 0.181641 0.212891 0.058594 0.074219
4 0.111328 0.175781 0.074219 0.078125
4 0.048828 0.472656 0.050781 0.062500
4 0.101562 0.490234 0.046875 0.050781
4 0.119141 0.425781 0.050781 0.054688
