2 0.118164 0.121094 0.083984 0.078125
2 0.371094 0.123047 0.046875 0.066406
2 0.625000 0.132812 0.046875 0.070312
2 0.869141 0.117188 0.054688 0.078125
2 0.120117 0.371094 0.064453 0.078125
2 0.374023 0.362305 0.083984 0.064453
2 0.623047 0.365234 0.085938 0.062500
2 0.872070 0.362305 0.087891 0.060547
2 0.123047 0.610352 0.089844 0.056641
2 0.374023 0.611328 0.083984 0.054688
2 0.620117 0.620117 0.076172 0.033203
2 0.871094 0.616211 0.085938 0.044922
2 0.123047 0.866211 0.074219 0.029297
2 0.370117 0.870117 0.083984 0.044922
2 0.620117 0.867188 0.083984 0.050781
2 0.873047 0.870117 0.085938 0.052734
