2 0.125977 0.116211 0.080078 0.056641
2 0.378906 0.118164 0.078125 0.048828
2 0.625977 0.120117 0.076172 0.033203
2 0.874023 0.120117 0.072266 0.037109
2 0.128906 0.369141 0.066406 0.035156
2 0.374023 0.367188 0.076172 0.042969
2 0.629883 0.369141 0.080078 0.054688
2 0.876953 0.370117 0.093750 0.068359
2 0.131836 0.615234 0.080078 0.066406
2 0.375977 0.620117 0.080078 0.072266
2 0.617188 0.620117 0.078125 0.076172
2 0.875000 0.620117 0.085938 0.091797
2 0.125977 0.865234 0.068359 0.082031
2 0.380859 0.872070 0.062500 0.076172
2 0.629883 0.876953 0.060547 0.078125
2 0.868164 0.874023 0.068359 0.080078
