0 0.084821 0.522321 0.071429 0.089286
0 0.035714 0.457589 0.062500 0.084821
0 0.091518 0.718750 0.075893 0.080357
0 0.044643 0.783482 0.080357 0.093750
0 0.258929 0.984375 0.062500 0.084821
0 0.886161 0.116071 0.084821 0.071429
0 0.756696 0.122768 0.058036 0.075893
0 0.638393 0.120536 0.080357 0.080357
0 0.504464 0.120536 0.089286 0.080357
0 0.375000 0.113839 0.071429 0.075893
0 0.252232 0.113839 0.075893 0.075893
0 0.129464 0.122768 0.071429 0.075893
0 0.926339 0.645089 0.058036 0.058036
0 0.819196 0.647321 0.040179 0.053571
