0 0.015625 0.314732 0.066964 0.084821
0 0.080357 0.377232 0.062500 0.058036
0 0.140625 0.312500 0.058036 0.071429
0 0.212054 0.381696 0.066964 0.075893
0 0.279018 0.316964 0.066964 0.071429
0 0.334821 0.381696 0.062500 0.075893
0 0.216518 0.066964 0.066964 0.089286
0 0.343750 0.066964 0.071429 0.080357
0 0.464286 0.073661 0.080357 0.075893
0 0.598214 0.073661 0.062500 0.075893
0 0.401786 0.310268 0.062500 0.075893
0 0.462054 0.379464 0.066964 0.071429
0 0.529018 0.310268 0.066964 0.084821
0 0.587054 0.377232 0.066964 0.084821
0 0.656250 0.301339 0.071429 0.084821
0 0.647321 0.611607 0.080357 0.080357
0 0.524554 0.616071 0.066964 0.080357
0 0.395089 0.611607 0.075893 0.080357
0 0.263393 0.616071 0.080357 0.080357
0 0.140625 0.618304 0.075893 0.075893
0 0.011161 0.613839 0.084821 0.084821
0 0.040179 0.964286 0.053571 0.062500
0 0.087054 0.892857 0.049107 0.062500
0 0.138393 0.953125 0.044643 0.058036
0 0.191964 0.897321 0.053571 0.062500
0 0.245536 0.957589 0.053571 0.058036
0 0.303571 0.895089 0.053571 0.058036
0 0.354911 0.953125 0.049107 0.058036
0 0.404018 0.895089 0.058036 0.066964
0 0.459821 0.957589 0.044643 0.058036
0 0.515625 0.895089 0.058036 0.066964
0 0.564732 0.953125 0.058036 0.058036
0 0.618304 0.890625 0.049107 0.075893
0 0.662946 0.957589 0.058036 0.058036
