1 0.902500 0.566250 0.040000 0.027500
1 0.748125 0.546875 0.013750 0.006250
1 0.723750 0.416875 0.015000 0.008750
1 0.783750 0.573125 0.010000 0.013750
1 0.781875 0.438750 0.016250 0.015000
1 0.758750 0.575000 0.017500 0.010000
1 0.665625 0.346250 0.013750 0.007500
1 0.727500 0.565625 0.010000 0.008750
1 0.931250 0.629375 0.015000 0.006250
1 0.706250 0.548750 0.027500 0.010000
1 0.606875 0.043125 0.008750 0.031250
1 0.606875 0.015625 0.016250 0.023750
1 0.768750 0.545000 0.025000 0.007500
1 0.785625 0.540000 0.008750 0.012500
