0 0.149554 0.093750 0.120536 0.160714
0 0.325893 0.093750 0.133929 0.151786
0 0.495536 0.095982 0.107143 0.147321
0 0.665179 0.100446 0.116071 0.147321
0 0.832589 0.093750 0.120536 0.151786
0 0.055804 0.473214 0.120536 0.160714
0 0.149554 0.625000 0.111607 0.160714
0 0.229911 0.473214 0.120536 0.160714
0 0.390625 0.475446 0.129464 0.147321
0 0.571429 0.479911 0.133929 0.147321
0 0.738839 0.484375 0.129464 0.147321
0 0.482143 0.627232 0.125000 0.156250
0 0.649554 0.629464 0.120536 0.160714
0 0.995536 0.629464 0.142857 0.160714
