0 0.082589 0.042411 0.066964 0.075893
0 0.187500 0.044643 0.071429 0.080357
0 0.276786 0.033482 0.062500 0.084821
0 0.375000 0.037946 0.062500 0.084821
0 0.484375 0.040179 0.066964 0.089286
0 0.580357 0.035714 0.053571 0.080357
0 0.674107 0.026786 0.062500 0.080357
0 0.772321 0.033482 0.062500 0.075893
0 0.886161 0.026786 0.058036 0.080357
0 0.997768 0.223214 0.075893 0.089286
0 0.935268 0.281250 0.084821 0.089286
0 0.886161 0.218750 0.066964 0.080357
0 0.832589 0.281250 0.066964 0.089286
0 0.781250 0.218750 0.071429 0.089286
0 0.727679 0.281250 0.089286 0.089286
0 0.687500 0.227679 0.071429 0.089286
0 0.631696 0.279018 0.075893 0.102679
0 0.582589 0.223214 0.084821 0.089286
0 0.533482 0.287946 0.066964 0.093750
0 0.475446 0.236607 0.084821 0.089286
0 0.388393 0.234375 0.071429 0.084821
0 0.292411 0.236607 0.075893 0.080357
0 0.178571 0.229911 0.062500 0.075893
0 0.022321 0.303571 0.071429 0.071429
0 0.082589 0.517857 0.075893 0.080357
0 0.287946 0.504464 0.075893 0.098214
0 0.408482 0.513393 0.075893 0.089286
0 0.609375 0.502232 0.066964 0.075893
0 0.716518 0.502232 0.066964 0.084821
0 0.924107 0.495536 0.071429 0.080357
0 0.930804 0.718750 0.058036 0.098214
0 0.843750 0.723214 0.053571 0.089286
0 0.758929 0.720982 0.062500 0.093750
0 0.678571 0.725446 0.053571 0.084821
0 0.591518 0.716518 0.049107 0.093750
0 0.506696 0.723214 0.058036 0.098214
0 0.339286 0.727679 0.062500 0.089286
0 0.265625 0.725446 0.049107 0.093750
0 0.185268 0.732143 0.049107 0.089286
0 0.011161 0.732143 0.058036 0.089286
0 0.044643 0.968750 0.044643 0.062500
0 0.109375 0.968750 0.040179 0.071429
0 0.169643 0.964286 0.044643 0.062500
0 0.247768 0.964286 0.040179 0.062500
0 0.319196 0.964286 0.049107 0.062500
0 0.383929 0.964286 0.044643 0.062500
0 0.441964 0.957589 0.035714 0.058036
0 0.506696 0.950893 0.049107 0.062500
0 0.575893 0.950893 0.053571 0.062500
0 0.642857 0.955357 0.044643 0.062500
0 0.709821 0.955357 0.044643 0.062500
0 0.774554 0.953125 0.049107 0.058036
0 0.839286 0.948661 0.044643 0.058036
0 0.915179 0.946429 0.044643 0.053571
0 0.982143 0.948661 0.035714 0.058036
