1 0.281250 0.094727 0.066406 0.064453
4 0.600586 0.016602 0.044922 0.041016
4 0.645508 0.030273 0.044922 0.048828
4 0.468750 0.009766 0.039062 0.042969
4 0.501953 0.028320 0.039062 0.041016
4 0.541992 0.042969 0.033203 0.035156
4 0.590820 0.059570 0.037109 0.041016
4 0.627930 0.077148 0.037109 0.041016
4 0.435547 0.097656 0.039062 0.046875
4 0.426758 0.139648 0.037109 0.041016
4 0.481445 0.111328 0.044922 0.050781
4 0.470703 0.156250 0.042969 0.050781
4 0.500977 0.169922 0.037109 0.039062
4 0.514648 0.122070 0.044922 0.048828
4 0.568359 0.148438 0.042969 0.042969
4 0.554688 0.192383 0.050781 0.041016
4 0.603516 0.160156 0.039062 0.046875
4 0.645508 0.180664 0.037109 0.037109
4 0.594727 0.211914 0.048828 0.048828
4 0.635742 0.224609 0.044922 0.046875
