4 0.667969 0.072266 0.109375 0.097656
4 0.652344 0.173828 0.117188 0.089844
4 0.650391 0.267578 0.113281 0.089844
4 0.552734 0.072266 0.113281 0.097656
4 0.542969 0.160156 0.093750 0.085938
4 0.539062 0.250000 0.109375 0.101562
4 0.394531 0.279297 0.125000 0.082031
4 0.396484 0.193359 0.121094 0.105469
4 0.402344 0.082031 0.132812 0.109375
4 0.410156 0.013672 0.117188 0.019531
4 0.296875 0.009766 0.109375 0.011719
4 0.289062 0.072266 0.109375 0.097656
4 0.275391 0.177734 0.113281 0.089844
4 0.271484 0.281250 0.121094 0.117188
4 0.171875 0.015625 0.132812 0.023438
4 0.162109 0.074219 0.144531 0.117188
4 0.152344 0.179688 0.125000 0.109375
4 0.146484 0.269531 0.121094 0.125000
4 0.048828 0.009766 0.089844 0.011719
4 0.039062 0.054688 0.070312 0.101562
4 0.035156 0.154297 0.062500 0.089844
