4 0.613281 0.126953 0.117188 0.121094
4 0.343750 0.162109 0.101562 0.089844
4 0.242188 0.222656 0.093750 0.093750
4 0.308594 0.306641 0.093750 0.089844
4 0.404297 0.244141 0.097656 0.089844
4 0.466797 0.335938 0.105469 0.078125
4 0.375000 0.408203 0.093750 0.097656
4 0.554688 0.423828 0.125000 0.113281
4 0.636719 0.525391 0.117188 0.113281
4 0.439453 0.494141 0.105469 0.113281
4 0.529297 0.601562 0.128906 0.117188
4 0.240234 0.496094 0.121094 0.109375
4 0.123047 0.572266 0.113281 0.105469
4 0.310547 0.599609 0.113281 0.105469
4 0.205078 0.671875 0.121094 0.109375
4 0.398438 0.693359 0.132812 0.121094
4 0.289062 0.779297 0.140625 0.128906
