0 0.198661 0.397321 0.129464 0.142857
0 0.303571 0.261161 0.098214 0.138393
0 0.426339 0.399554 0.120536 0.138393
0 0.535714 0.263393 0.125000 0.142857
0 0.636161 0.397321 0.102679 0.142857
0 0.750000 0.276786 0.116071 0.142857
0 0.850446 0.401786 0.156250 0.142857
0 0.977679 0.281250 0.142857 0.133929
0 0.203125 0.926339 0.147321 0.138393
0 0.319196 0.805804 0.120536 0.129464
0 0.428571 0.921875 0.125000 0.147321
0 0.540179 0.796875 0.125000 0.129464
0 0.654018 0.930804 0.111607 0.138393
0 0.763393 0.801339 0.125000 0.138393
0 0.879464 0.939732 0.116071 0.147321
0 0.977679 0.805804 0.125000 0.129464
