4 0.494141 0.916016 0.136719 0.144531
4 0.369141 0.820312 0.128906 0.125000
4 0.390625 0.644531 0.117188 0.140625
4 0.517578 0.753906 0.128906 0.132812
4 0.253906 0.187500 0.125000 0.140625
4 0.314453 0.064453 0.128906 0.121094
4 0.363281 0.265625 0.117188 0.125000
4 0.427734 0.136719 0.121094 0.117188
4 0.521484 0.216797 0.097656 0.097656
4 0.464844 0.339844 0.109375 0.109375
4 0.613281 0.310547 0.101562 0.113281
4 0.550781 0.416016 0.085938 0.105469
4 0.707031 0.375000 0.085938 0.109375
4 0.636719 0.470703 0.093750 0.105469
4 0.619141 0.062500 0.105469 0.117188
