1 0.024375 0.935625 0.048750 0.021250
1 0.243125 0.886250 0.076250 0.027500
1 0.295000 0.340625 0.022500 0.008750
1 0.623750 0.170625 0.057500 0.021250
1 0.070625 0.560000 0.023750 0.010000
1 0.467500 0.893750 0.077500 0.025000
1 0.371875 0.691875 0.063750 0.021250
1 0.287500 0.262500 0.035000 0.010000
1 0.224375 0.260625 0.023750 0.011250
1 0.677500 0.314375 0.050000 0.018750
1 0.398750 0.342500 0.020000 0.015000
1 0.791250 0.256875 0.055000 0.016250
1 0.837500 0.708125 0.035000 0.016250
1 0.850625 0.421875 0.048750 0.021250
1 0.294375 0.611875 0.036250 0.016250
1 0.164375 0.686250 0.051250 0.020000
1 0.011250 0.774375 0.022500 0.016250
1 0.323750 0.491250 0.017500 0.010000
1 0.568125 0.360625 0.018750 0.011250
1 0.987500 0.665625 0.025000 0.013750
1 0.170625 0.438125 0.053750 0.018750
1 0.048750 0.298125 0.042500 0.013750
1 0.006250 0.523125 0.012500 0.011250
1 0.010000 0.669375 0.020000 0.013750
1 0.671875 0.303125 0.053750 0.018750
1 0.964375 0.335625 0.046250 0.018750
1 0.469375 0.549375 0.046250 0.018750
1 0.501875 0.429375 0.048750 0.023750
1 0.650625 0.749375 0.043750 0.018750
1 0.719375 0.488125 0.026250 0.011250
1 0.015000 0.405625 0.030000 0.013750
