0 0.517857 0.033482 0.098214 0.066964
0 0.453125 0.078125 0.075893 0.058036
0 0.522321 0.127232 0.080357 0.075893
0 0.776786 0.031250 0.080357 0.062500
0 0.698661 0.082589 0.084821 0.058036
0 0.712054 0.185268 0.093750 0.058036
0 0.776786 0.232143 0.089286 0.062500
0 0.700893 0.283482 0.071429 0.058036
0 0.767857 0.325893 0.098214 0.089286
0 0.964286 0.026786 0.071429 0.053571
0 0.962054 0.129464 0.075893 0.053571
0 0.962054 0.229911 0.075893 0.049107
0 0.957589 0.334821 0.075893 0.062500
0 0.959821 0.441964 0.080357 0.062500
0 0.957589 0.535714 0.084821 0.062500
0 0.071429 0.062500 0.071429 0.080357
0 0.066964 0.189732 0.080357 0.066964
0 0.071429 0.316964 0.080357 0.062500
0 0.071429 0.453125 0.071429 0.066964
0 0.071429 0.571429 0.071429 0.071429
0 0.020089 0.640625 0.040179 0.058036
0 0.071429 0.698661 0.080357 0.075893
0 0.066964 0.816964 0.071429 0.080357
0 0.066964 0.941964 0.071429 0.071429
0 0.310268 0.372768 0.066964 0.066964
0 0.383929 0.446429 0.071429 0.071429
0 0.305804 0.511161 0.084821 0.058036
0 0.375000 0.569196 0.071429 0.075893
0 0.310268 0.631696 0.066964 0.066964
0 0.381696 0.703125 0.066964 0.066964
0 0.310268 0.767857 0.075893 0.062500
0 0.377232 0.823661 0.084821 0.058036
0 0.308036 0.886161 0.062500 0.066964
0 0.381696 0.962054 0.075893 0.058036
0 0.613839 0.875000 0.075893 0.071429
0 0.613839 0.752232 0.075893 0.075893
0 0.622768 0.629464 0.075893 0.071429
