2 0.382812 0.916016 0.078125 0.042969
2 0.438477 0.854492 0.076172 0.033203
2 0.454102 0.778320 0.119141 0.048828
2 0.103516 0.874023 0.046875 0.076172
2 0.147461 0.822266 0.052734 0.082031
2 0.189453 0.762695 0.054688 0.083984
2 0.342773 0.500000 0.068359 0.113281
2 0.256836 0.638672 0.060547 0.097656
2 0.222656 0.699219 0.058594 0.101562
2 0.596680 0.606445 0.076172 0.044922
2 0.668945 0.474609 0.091797 0.046875
2 0.705078 0.408203 0.113281 0.042969
2 0.733398 0.338867 0.119141 0.044922
2 0.771484 0.270508 0.125000 0.052734
2 0.869141 0.130859 0.117188 0.058594
2 0.926758 0.067383 0.087891 0.041016
2 0.839844 0.202148 0.089844 0.052734
2 0.515625 0.182617 0.070312 0.091797
2 0.555664 0.127930 0.068359 0.091797
2 0.598633 0.054688 0.080078 0.109375
