1 0.097656 0.888672 0.148438 0.144531
4 0.472656 0.636719 0.070312 0.085938
4 0.550781 0.669922 0.070312 0.089844
4 0.628906 0.708984 0.070312 0.082031
4 0.720703 0.736328 0.066406 0.074219
4 0.814453 0.769531 0.066406 0.070312
4 0.773438 0.857422 0.070312 0.074219
4 0.693359 0.826172 0.074219 0.074219
4 0.595703 0.789062 0.074219 0.078125
4 0.519531 0.761719 0.070312 0.078125
4 0.441406 0.728516 0.070312 0.074219
4 0.771484 0.943359 0.066406 0.066406
4 0.693359 0.908203 0.066406 0.074219
4 0.396484 0.894531 0.066406 0.078125
4 0.556641 0.962891 0.058594 0.074219
4 0.486328 0.925781 0.074219 0.078125
