1 0.703125 0.221250 0.021250 0.032500
1 0.753125 0.160000 0.041250 0.050000
1 0.820000 0.072500 0.032500 0.035000
1 0.959375 0.118125 0.018750 0.021250
1 0.783125 0.266250 0.013750 0.020000
1 0.235000 0.985625 0.017500 0.008750
1 0.783125 0.109375 0.018750 0.021250
1 0.801875 0.266875 0.011250 0.016250
1 0.200000 0.788750 0.012500 0.005000
1 0.825625 0.238750 0.013750 0.020000
1 0.222500 0.782500 0.012500 0.005000
1 0.873125 0.167500 0.016250 0.017500
1 0.605625 0.423125 0.016250 0.021250
1 0.878125 0.011250 0.016250 0.017500
1 0.629375 0.381875 0.016250 0.018750
1 0.011875 0.766875 0.021250 0.011250
1 0.045625 0.755625 0.021250 0.013750
1 0.921250 0.108125 0.017500 0.021250
1 0.943750 0.091875 0.015000 0.016250
