5 0.158203 0.019531 0.097656 0.031250
5 0.101562 0.181641 0.078125 0.058594
5 0.087891 0.294922 0.082031 0.058594
5 0.097656 0.402344 0.101562 0.054688
5 0.097656 0.501953 0.109375 0.058594
5 0.111328 0.595703 0.121094 0.058594
4 0.822266 0.505859 0.027344 0.027344
4 0.791016 0.505859 0.027344 0.027344
4 0.794922 0.548828 0.027344 0.027344
4 0.841797 0.548828 0.027344 0.027344
4 0.900391 0.552734 0.027344 0.027344
4 0.900391 0.591797 0.027344 0.027344
4 0.841797 0.591797 0.027344 0.027344
4 0.794922 0.591797 0.027344 0.027344
4 0.794922 0.634766 0.027344 0.027344
4 0.794922 0.669922 0.027344 0.027344
4 0.841797 0.666016 0.027344 0.027344
4 0.884766 0.673828 0.027344 0.027344
4 0.943359 0.669922 0.027344 0.027344
4 0.947266 0.634766 0.027344 0.027344
4 0.904297 0.505859 0.027344 0.027344
4 0.869141 0.501953 0.027344 0.027344
4 0.853516 0.458984 0.027344 0.027344
4 0.853516 0.435547 0.027344 0.027344
4 0.861328 0.408203 0.027344 0.027344
4 0.425781 0.552734 0.015625 0.019531
4 0.410156 0.556641 0.015625 0.019531
4 0.394531 0.556641 0.015625 0.019531
4 0.375000 0.564453 0.015625 0.019531
4 0.359375 0.564453 0.015625 0.019531
4 0.367188 0.580078 0.015625 0.019531
4 0.398438 0.572266 0.015625 0.019531
4 0.382812 0.529297 0.015625 0.019531
4 0.367188 0.533203 0.015625 0.019531
4 0.355469 0.537109 0.015625 0.019531
4 0.347656 0.525391 0.015625 0.019531
4 0.367188 0.517578 0.015625 0.019531
4 0.378906 0.517578 0.015625 0.019531
4 0.375000 0.501953 0.015625 0.019531
4 0.363281 0.509766 0.015625 0.019531
4 0.347656 0.509766 0.015625 0.019531
4 0.335938 0.486328 0.015625 0.019531
4 0.355469 0.482422 0.015625 0.019531
4 0.371094 0.478516 0.015625 0.019531
4 0.367188 0.466797 0.015625 0.019531
4 0.351562 0.470703 0.015625 0.019531
4 0.332031 0.470703 0.015625 0.019531
4 0.328125 0.458984 0.015625 0.019531
4 0.324219 0.439453 0.015625 0.019531
4 0.882812 0.708984 0.015625 0.019531
4 0.871094 0.708984 0.015625 0.019531
4 0.882812 0.724609 0.015625 0.019531
4 0.867188 0.728516 0.015625 0.019531
