2 0.120117 0.116211 0.068359 0.083984
2 0.372070 0.119141 0.068359 0.082031
2 0.626953 0.125000 0.074219 0.082031
2 0.873047 0.120117 0.078125 0.083984
2 0.124023 0.370117 0.087891 0.091797
2 0.377930 0.375000 0.083984 0.085938
2 0.628906 0.374023 0.082031 0.068359
2 0.873047 0.374023 0.078125 0.072266
2 0.123047 0.625000 0.078125 0.066406
2 0.377930 0.626953 0.076172 0.046875
2 0.614258 0.628906 0.095703 0.039062
2 0.872070 0.629883 0.072266 0.072266
2 0.123047 0.875000 0.074219 0.082031
2 0.371094 0.873047 0.070312 0.085938
2 0.622070 0.874023 0.064453 0.076172
2 0.871094 0.874023 0.046875 0.068359
