4 0.189453 0.904297 0.062500 0.058594
4 0.184570 0.978516 0.064453 0.054688
4 0.265625 0.975586 0.070312 0.056641
4 0.426758 0.855469 0.056641 0.054688
4 0.439453 0.785156 0.058594 0.054688
4 0.522461 0.799805 0.060547 0.056641
4 0.588867 0.768555 0.056641 0.056641
4 0.666016 0.804688 0.062500 0.058594
4 0.732422 0.783203 0.054688 0.058594
4 0.714844 0.703125 0.062500 0.050781
4 0.639648 0.685547 0.056641 0.058594
4 0.566406 0.671875 0.062500 0.058594
4 0.478516 0.585938 0.058594 0.058594
4 0.407227 0.610352 0.060547 0.056641
4 0.340820 0.636719 0.064453 0.054688
4 0.275391 0.608398 0.062500 0.052734
4 0.542969 0.546875 0.062500 0.054688
4 0.742188 0.644531 0.050781 0.046875
1 0.039062 0.494141 0.089844 0.207031
1 0.019531 0.223633 0.027344 0.068359
