2 0.118164 0.119141 0.072266 0.085938
2 0.370117 0.120117 0.080078 0.095703
2 0.626953 0.129883 0.054688 0.060547
2 0.875977 0.129883 0.048828 0.052734
2 0.123047 0.383789 0.042969 0.041016
2 0.372070 0.375000 0.044922 0.054688
2 0.623047 0.375000 0.054688 0.078125
2 0.871094 0.377930 0.054688 0.068359
2 0.125000 0.624023 0.066406 0.080078
2 0.375000 0.627930 0.070312 0.076172
2 0.622070 0.628906 0.072266 0.078125
2 0.876953 0.624023 0.085938 0.083984
2 0.124023 0.877930 0.072266 0.060547
2 0.371094 0.879883 0.082031 0.064453
2 0.620117 0.876953 0.091797 0.070312
2 0.873047 0.878906 0.078125 0.058594
