1 0.097656 0.890625 0.140625 0.140625
4 0.474609 0.638672 0.066406 0.074219
4 0.544922 0.671875 0.066406 0.070312
4 0.625000 0.707031 0.070312 0.085938
4 0.441406 0.730469 0.070312 0.078125
4 0.517578 0.759766 0.058594 0.074219
4 0.597656 0.792969 0.070312 0.078125
4 0.691406 0.832031 0.070312 0.078125
4 0.718750 0.744141 0.070312 0.074219
4 0.810547 0.773438 0.074219 0.078125
4 0.771484 0.859375 0.066406 0.070312
4 0.777344 0.947266 0.070312 0.058594
4 0.689453 0.916016 0.066406 0.066406
4 0.490234 0.933594 0.082031 0.078125
4 0.396484 0.898438 0.066406 0.078125
