2 0.123047 0.123047 0.074219 0.054688
2 0.364258 0.119141 0.056641 0.066406
2 0.618164 0.124023 0.060547 0.072266
2 0.867188 0.130859 0.039062 0.050781
2 0.117188 0.384766 0.039062 0.054688
2 0.375977 0.363281 0.052734 0.066406
2 0.628906 0.364258 0.058594 0.056641
2 0.872070 0.368164 0.060547 0.056641
2 0.128906 0.620117 0.070312 0.056641
2 0.377930 0.619141 0.060547 0.046875
2 0.620117 0.622070 0.072266 0.044922
2 0.867188 0.621094 0.078125 0.050781
2 0.120117 0.873047 0.076172 0.042969
2 0.371094 0.877930 0.062500 0.025391
2 0.617188 0.873047 0.078125 0.046875
2 0.869141 0.872070 0.085938 0.048828
