1 0.246094 0.047852 0.097656 0.091797
1 0.158203 0.143555 0.070312 0.068359
4 0.285156 0.252930 0.046875 0.044922
4 0.332031 0.218750 0.054688 0.046875
4 0.315430 0.293945 0.044922 0.048828
4 0.364258 0.260742 0.048828 0.044922
4 0.394531 0.306641 0.046875 0.042969
4 0.350586 0.346680 0.048828 0.048828
4 0.287109 0.389648 0.078125 0.060547
4 0.223633 0.426758 0.064453 0.060547
4 0.267578 0.479492 0.054688 0.052734
4 0.319336 0.437500 0.060547 0.054688
4 0.380859 0.389648 0.058594 0.056641
4 0.438477 0.348633 0.068359 0.060547
4 0.480469 0.403320 0.066406 0.052734
4 0.424805 0.441406 0.072266 0.058594
4 0.365234 0.485352 0.074219 0.052734
4 0.310547 0.520508 0.066406 0.044922
4 0.416992 0.132812 0.056641 0.054688
4 0.459961 0.077148 0.056641 0.056641
4 0.505859 0.137695 0.054688 0.056641
4 0.469727 0.197266 0.068359 0.058594
4 0.510742 0.027344 0.056641 0.050781
