1 0.578750 0.428750 0.035000 0.012500
1 0.564375 0.593750 0.013750 0.010000
1 0.995625 0.040000 0.008750 0.017500
1 0.722500 0.503125 0.012500 0.011250
1 0.370000 0.398750 0.032500 0.007500
1 0.203125 0.555625 0.031250 0.008750
1 0.442500 0.413750 0.025000 0.007500
1 0.813750 0.203125 0.030000 0.016250
1 0.908750 0.273125 0.017500 0.011250
1 0.703125 0.547500 0.023750 0.010000
1 0.740000 0.440000 0.017500 0.007500
1 0.113750 0.743750 0.017500 0.025000
1 0.215625 0.820000 0.016250 0.025000
1 0.300000 0.941250 0.010000 0.020000
1 0.231250 0.867500 0.015000 0.025000
1 0.313125 0.922500 0.013750 0.025000
1 0.476875 0.331875 0.018750 0.016250
1 0.449375 0.360000 0.031250 0.007500
1 0.372500 0.328750 0.032500 0.007500
1 0.303750 0.971250 0.012500 0.022500
1 0.199375 0.886250 0.013750 0.025000
1 0.280625 0.988750 0.013750 0.020000
1 0.535625 0.353750 0.033750 0.010000
1 0.306875 0.375000 0.028750 0.010000
1 0.303125 0.467500 0.026250 0.015000
1 0.540625 0.275625 0.038750 0.011250
1 0.300625 0.506875 0.026250 0.008750
1 0.778125 0.244375 0.028750 0.011250
1 0.774375 0.425000 0.016250 0.007500
1 0.111250 0.776250 0.015000 0.017500
1 0.660625 0.486875 0.033750 0.013750
1 0.149375 0.791250 0.016250 0.025000
1 0.249375 0.503125 0.023750 0.008750
1 0.660000 0.345000 0.035000 0.015000
1 0.438750 0.492500 0.025000 0.007500
1 0.691250 0.396875 0.022500 0.018750
1 0.502500 0.556250 0.012500 0.007500
1 0.165000 0.846250 0.015000 0.022500
1 0.399375 0.286875 0.028750 0.008750
1 0.180625 0.830000 0.016250 0.022500
1 0.246875 0.914375 0.011250 0.023750
1 0.358750 0.959375 0.015000 0.026250
1 0.283750 0.905000 0.012500 0.025000
1 0.261250 0.321250 0.035000 0.007500
1 0.238750 0.935000 0.012500 0.022500
1 0.352500 0.963750 0.015000 0.025000
1 0.265625 0.955625 0.011250 0.021250
1 0.385625 0.994375 0.011250 0.011250
1 0.539375 0.189375 0.041250 0.011250
1 0.488750 0.485625 0.030000 0.018750
1 0.195000 0.505625 0.027500 0.008750
