4 0.931641 0.220703 0.105469 0.097656
4 0.855469 0.279297 0.109375 0.082031
4 0.773438 0.341797 0.093750 0.089844
4 0.957031 0.513672 0.085938 0.113281
4 0.869141 0.587891 0.152344 0.121094
4 0.701172 0.486328 0.160156 0.121094
4 0.830078 0.417969 0.082031 0.078125
4 0.921875 0.365234 0.101562 0.097656
4 0.494141 0.453125 0.136719 0.117188
4 0.388672 0.539062 0.152344 0.125000
4 0.261719 0.626953 0.117188 0.113281
4 0.457031 0.662109 0.125000 0.105469
4 0.564453 0.574219 0.113281 0.125000
4 0.757812 0.656250 0.125000 0.109375
4 0.851562 0.773438 0.140625 0.125000
4 0.941406 0.683594 0.117188 0.109375
1 0.398438 0.142578 0.382812 0.277344
1 0.066406 0.464844 0.125000 0.171875
