4 0.310547 0.037109 0.082031 0.066406
4 0.218750 0.060547 0.070312 0.074219
4 0.136719 0.080078 0.070312 0.082031
4 0.064453 0.091797 0.042969 0.042969
4 0.152344 0.175781 0.070312 0.078125
4 0.228516 0.154297 0.058594 0.074219
4 0.333984 0.132812 0.082031 0.078125
4 0.417969 0.111328 0.062500 0.074219
4 0.083984 0.220703 0.050781 0.050781
4 0.421875 0.630859 0.078125 0.082031
4 0.509766 0.617188 0.066406 0.070312
4 0.587891 0.599609 0.058594 0.074219
4 0.521484 0.707031 0.066406 0.070312
4 0.441406 0.726562 0.070312 0.078125
