1 0.977539 0.064453 0.033203 0.019531
1 0.918945 0.082031 0.033203 0.023438
1 0.950195 0.034180 0.033203 0.025391
1 0.897461 0.039062 0.033203 0.023438
1 0.942383 0.091797 0.029297 0.023438
1 0.889648 0.126953 0.037109 0.031250
1 0.851562 0.135742 0.035156 0.025391
1 0.936523 0.192383 0.068359 0.060547
1 0.707031 0.265625 0.035156 0.015625
1 0.714844 0.210938 0.027344 0.015625
3 0.651367 0.292969 0.025391 0.281250
1 0.761719 0.204102 0.035156 0.021484
1 0.707031 0.151367 0.011719 0.025391
1 0.634766 0.335938 0.027344 0.015625
1 0.660156 0.284180 0.031250 0.025391
1 0.591797 0.306641 0.019531 0.015625
1 0.422852 0.463867 0.029297 0.017578
1 0.532227 0.296875 0.056641 0.023438
1 0.581055 0.251953 0.056641 0.027344
1 0.061523 0.632812 0.033203 0.031250
