2 0.120117 0.127930 0.080078 0.060547
2 0.369141 0.127930 0.078125 0.068359
2 0.618164 0.126953 0.076172 0.074219
2 0.872070 0.129883 0.060547 0.068359
2 0.120117 0.381836 0.052734 0.064453
2 0.369141 0.383789 0.042969 0.056641
2 0.618164 0.387695 0.041016 0.044922
2 0.866211 0.383789 0.052734 0.056641
2 0.116211 0.630859 0.048828 0.062500
2 0.368164 0.625977 0.064453 0.076172
2 0.618164 0.628906 0.064453 0.074219
2 0.871094 0.625977 0.070312 0.076172
2 0.120117 0.874023 0.076172 0.068359
2 0.369141 0.871094 0.078125 0.074219
2 0.625977 0.882812 0.072266 0.058594
2 0.870117 0.883789 0.087891 0.060547
