2 0.115234 0.117188 0.054688 0.066406
2 0.373047 0.115234 0.054688 0.070312
2 0.617188 0.120117 0.074219 0.072266
2 0.868164 0.119141 0.068359 0.070312
2 0.119141 0.368164 0.066406 0.064453
2 0.367188 0.374023 0.074219 0.056641
2 0.622070 0.372070 0.064453 0.064453
2 0.869141 0.366211 0.062500 0.056641
2 0.122070 0.621094 0.064453 0.054688
2 0.369141 0.618164 0.070312 0.052734
2 0.629883 0.613281 0.099609 0.062500
2 0.877930 0.619141 0.091797 0.050781
2 0.119141 0.867188 0.074219 0.050781
2 0.368164 0.870117 0.080078 0.056641
2 0.621094 0.869141 0.074219 0.054688
2 0.870117 0.869141 0.072266 0.046875
