2 0.108398 0.117188 0.072266 0.074219
2 0.362305 0.121094 0.056641 0.062500
2 0.617188 0.124023 0.070312 0.080078
2 0.869141 0.118164 0.054688 0.064453
2 0.115234 0.365234 0.058594 0.074219
2 0.369141 0.375977 0.050781 0.064453
2 0.620117 0.374023 0.056641 0.072266
2 0.871094 0.382812 0.042969 0.054688
2 0.120117 0.635742 0.037109 0.044922
2 0.372070 0.623047 0.056641 0.062500
2 0.624023 0.619141 0.064453 0.074219
2 0.873047 0.619141 0.062500 0.070312
2 0.127930 0.877930 0.068359 0.076172
2 0.377930 0.875977 0.068359 0.072266
2 0.625000 0.872070 0.066406 0.064453
2 0.871094 0.870117 0.074219 0.064453
