0 0.015625 0.486607 0.066964 0.089286
0 0.066964 0.569196 0.053571 0.075893
0 0.017857 0.801339 0.062500 0.066964
0 0.066964 0.861607 0.062500 0.080357
0 0.149554 0.803571 0.075893 0.071429
0 0.203125 0.877232 0.066964 0.075893
0 0.258929 0.805804 0.071429 0.075893
0 0.330357 0.875000 0.071429 0.080357
0 0.381696 0.816964 0.058036 0.071429
0 0.455357 0.875000 0.062500 0.071429
0 0.515625 0.814732 0.066964 0.084821
0 0.580357 0.877232 0.062500 0.058036
0 0.640625 0.812500 0.058036 0.071429
0 0.712054 0.881696 0.066964 0.075893
0 0.779018 0.816964 0.066964 0.071429
0 0.834821 0.881696 0.062500 0.075893
0 0.716518 0.566964 0.066964 0.089286
0 0.843750 0.566964 0.071429 0.080357
0 0.964286 0.573661 0.080357 0.075893
0 0.901786 0.810268 0.062500 0.075893
0 0.962054 0.879464 0.066964 0.071429
