4 0.115234 0.957031 0.121094 0.085938
4 0.095703 0.810547 0.113281 0.128906
4 0.232422 0.875000 0.128906 0.140625
4 0.212891 0.695312 0.128906 0.148438
4 0.382812 0.839844 0.117188 0.125000
4 0.376953 0.662109 0.128906 0.136719
4 0.500000 0.632812 0.125000 0.140625
4 0.521484 0.804688 0.121094 0.132812
4 0.642578 0.603516 0.121094 0.136719
4 0.671875 0.787109 0.148438 0.144531
4 0.791016 0.669922 0.113281 0.128906
4 0.902344 0.558594 0.117188 0.125000
4 0.875000 0.802734 0.117188 0.121094
4 0.773438 0.140625 0.109375 0.132812
4 0.796875 0.312500 0.117188 0.140625
4 0.914062 0.109375 0.117188 0.125000
4 0.933594 0.285156 0.109375 0.140625
