0 0.040179 0.006696 0.053571 0.049107
0 0.004464 0.209821 0.062500 0.053571
0 0.051339 0.165179 0.058036 0.053571
0 0.082589 0.207589 0.066964 0.066964
0 0.122768 0.165179 0.058036 0.062500
0 0.160714 0.212054 0.062500 0.058036
0 0.212054 0.162946 0.058036 0.058036
0 0.243304 0.214286 0.066964 0.062500
0 0.024554 0.531250 0.066964 0.080357
0 0.073661 0.462054 0.058036 0.093750
0 0.133929 0.533482 0.071429 0.075893
0 0.178571 0.459821 0.062500 0.080357
0 0.216518 0.526786 0.066964 0.071429
0 0.272321 0.459821 0.071429 0.080357
0 0.319196 0.522321 0.066964 0.089286
0 0.379464 0.453125 0.062500 0.084821
0 0.426339 0.522321 0.075893 0.089286
0 0.479911 0.450893 0.058036 0.089286
0 0.524554 0.517857 0.084821 0.098214
0 0.578125 0.453125 0.058036 0.075893
0 0.627232 0.522321 0.075893 0.080357
0 0.029018 0.790179 0.066964 0.071429
0 0.082589 0.712054 0.049107 0.084821
0 0.129464 0.783482 0.062500 0.084821
0 0.180804 0.709821 0.049107 0.080357
0 0.232143 0.783482 0.071429 0.084821
0 0.281250 0.716518 0.053571 0.093750
0 0.323661 0.781250 0.075893 0.080357
0 0.383929 0.709821 0.062500 0.080357
0 0.430804 0.774554 0.066964 0.084821
0 0.477679 0.707589 0.053571 0.075893
0 0.531250 0.776786 0.062500 0.080357
0 0.582589 0.698661 0.058036 0.084821
0 0.685268 0.712054 0.058036 0.093750
0 0.732143 0.776786 0.062500 0.089286
0 0.783482 0.700893 0.058036 0.071429
0 0.825893 0.767857 0.089286 0.098214
0 0.035714 0.977679 0.053571 0.071429
0 0.133929 0.982143 0.062500 0.089286
0 0.225446 0.970982 0.058036 0.075893
0 0.325893 0.970982 0.053571 0.075893
0 0.428571 0.966518 0.071429 0.084821
0 0.522321 0.970982 0.062500 0.084821
0 0.629464 0.964286 0.053571 0.080357
0 0.729911 0.966518 0.049107 0.084821
0 0.834821 0.957589 0.062500 0.075893
0 0.941964 0.962054 0.062500 0.084821
0 0.562500 0.071429 0.080357 0.071429
0 0.689732 0.066964 0.066964 0.080357
0 0.816964 0.071429 0.062500 0.080357
0 0.953125 0.071429 0.066964 0.071429
0 0.872768 0.310268 0.066964 0.066964
0 0.946429 0.383929 0.071429 0.071429
