4 0.128906 0.041016 0.125000 0.074219
4 0.078125 0.152344 0.117188 0.109375
4 0.316406 0.054688 0.109375 0.101562
4 0.453125 0.091797 0.109375 0.113281
4 0.585938 0.152344 0.109375 0.125000
4 0.251953 0.171875 0.105469 0.117188
4 0.388672 0.230469 0.097656 0.117188
4 0.521484 0.283203 0.121094 0.113281
4 0.175781 0.332031 0.117188 0.117188
4 0.117188 0.464844 0.125000 0.117188
4 0.310547 0.392578 0.113281 0.121094
4 0.253906 0.529297 0.117188 0.121094
4 0.445312 0.453125 0.125000 0.117188
4 0.386719 0.580078 0.117188 0.113281
4 0.675781 0.394531 0.117188 0.117188
4 0.615234 0.527344 0.121094 0.117188
4 0.552734 0.652344 0.121094 0.109375
4 0.816406 0.449219 0.117188 0.117188
4 0.757812 0.580078 0.109375 0.121094
4 0.705078 0.708984 0.113281 0.113281
4 0.941406 0.656250 0.117188 0.140625
4 0.880859 0.787109 0.113281 0.128906
4 0.238281 0.763672 0.109375 0.128906
4 0.375000 0.824219 0.109375 0.125000
4 0.507812 0.876953 0.117188 0.128906
4 0.314453 0.945312 0.113281 0.109375
4 0.183594 0.888672 0.125000 0.121094
