2 0.790039 0.170898 0.056641 0.099609
2 0.539062 0.134766 0.117188 0.062500
2 0.537109 0.257812 0.109375 0.058594
2 0.525391 0.320312 0.121094 0.054688
2 0.521484 0.375977 0.121094 0.056641
2 0.480469 0.430664 0.121094 0.060547
2 0.500977 0.500977 0.150391 0.068359
2 0.493164 0.558594 0.123047 0.050781
2 0.500000 0.618164 0.121094 0.052734
2 0.181641 0.607422 0.097656 0.039062
2 0.193359 0.434570 0.125000 0.048828
2 0.208008 0.323242 0.126953 0.052734
2 0.194336 0.239258 0.115234 0.048828
2 0.054688 0.235352 0.109375 0.041016
2 0.297852 0.128906 0.107422 0.039062
2 0.055664 0.375000 0.111328 0.050781
2 0.049805 0.492188 0.099609 0.050781
2 0.050781 0.729492 0.101562 0.052734
