4 0.533203 0.470703 0.035156 0.027344
4 0.601562 0.498047 0.031250 0.027344
4 0.656250 0.529297 0.031250 0.027344
4 0.710938 0.548828 0.023438 0.027344
4 0.751953 0.589844 0.027344 0.023438
4 0.669922 0.587891 0.027344 0.027344
4 0.599609 0.560547 0.035156 0.027344
4 0.666016 0.699219 0.035156 0.031250
4 0.726562 0.703125 0.046875 0.039062
4 0.812500 0.703125 0.031250 0.031250
4 0.812500 0.742188 0.023438 0.023438
4 0.669922 0.833984 0.027344 0.019531
4 0.748047 0.833984 0.035156 0.027344
4 0.773438 0.781250 0.031250 0.023438
4 0.697266 0.769531 0.019531 0.015625
4 0.722656 0.771484 0.023438 0.019531
4 0.699219 0.791016 0.023438 0.011719
4 0.724609 0.792969 0.027344 0.015625
3 0.490234 0.173828 0.027344 0.019531
3 0.072266 0.468750 0.019531 0.031250
