1 0.800625 0.746250 0.026250 0.022500
1 0.758125 0.921875 0.018750 0.016250
1 0.705625 0.235000 0.008750 0.022500
1 0.726875 0.086250 0.011250 0.022500
1 0.778750 0.219375 0.015000 0.028750
1 0.768750 0.423125 0.012500 0.018750
1 0.850625 0.281250 0.023750 0.007500
1 0.746875 0.655000 0.016250 0.022500
1 0.990000 0.912500 0.020000 0.022500
1 0.823125 0.055625 0.013750 0.021250
1 0.794375 0.278750 0.013750 0.025000
1 0.759375 0.144375 0.013750 0.021250
1 0.725000 0.147500 0.017500 0.027500
1 0.751250 0.283125 0.020000 0.031250
1 0.738750 0.281250 0.015000 0.027500
1 0.721250 0.336250 0.012500 0.025000
1 0.773750 0.688125 0.020000 0.021250
1 0.773750 0.330625 0.015000 0.021250
1 0.820625 0.075000 0.013750 0.015000
1 0.839375 0.138750 0.011250 0.012500
1 0.769375 0.354375 0.013750 0.021250
1 0.851250 0.705625 0.017500 0.018750
1 0.788750 0.376875 0.015000 0.018750
1 0.803125 0.665000 0.013750 0.017500
1 0.751250 0.065000 0.012500 0.025000
1 0.701250 0.190000 0.010000 0.025000
1 0.726250 0.220625 0.010000 0.026250
1 0.740625 0.011250 0.021250 0.022500
1 0.665000 0.434375 0.012500 0.026250
1 0.733750 0.007500 0.015000 0.015000
1 0.804375 0.700000 0.013750 0.017500
1 0.818750 0.020000 0.012500 0.025000
1 0.954375 0.746250 0.013750 0.012500
1 0.809375 0.019375 0.013750 0.026250
1 0.703125 0.396875 0.011250 0.026250
1 0.731875 0.418750 0.011250 0.022500
1 0.184375 0.956875 0.033750 0.011250
1 0.020000 0.948125 0.015000 0.008750
1 0.093125 0.950000 0.011250 0.007500
1 0.589375 0.778125 0.023750 0.031250
