4 0.132812 0.058594 0.109375 0.109375
4 0.220703 0.187500 0.105469 0.117188
4 0.330078 0.076172 0.105469 0.113281
4 0.316406 0.326172 0.109375 0.136719
4 0.421875 0.214844 0.109375 0.125000
4 0.406250 0.458984 0.093750 0.113281
4 0.505859 0.349609 0.105469 0.121094
4 0.494141 0.589844 0.097656 0.117188
4 0.595703 0.482422 0.105469 0.121094
4 0.580078 0.734375 0.113281 0.132812
4 0.685547 0.621094 0.113281 0.125000
4 0.779297 0.753906 0.097656 0.117188
4 0.570312 0.066406 0.109375 0.125000
4 0.662109 0.203125 0.105469 0.125000
4 0.769531 0.091797 0.101562 0.121094
4 0.746094 0.332031 0.109375 0.125000
4 0.861328 0.218750 0.097656 0.117188
4 0.847656 0.472656 0.093750 0.140625
4 0.947266 0.357422 0.105469 0.136719
4 0.921875 0.603516 0.109375 0.136719
