2 0.160156 0.472656 0.066406 0.101562
2 0.231445 0.464844 0.068359 0.101562
2 0.291016 0.475586 0.058594 0.095703
2 0.364258 0.486328 0.056641 0.101562
2 0.438477 0.500977 0.048828 0.083984
2 0.500977 0.500977 0.048828 0.080078
2 0.579102 0.502930 0.048828 0.083984
2 0.137695 0.590820 0.060547 0.095703
2 0.212891 0.589844 0.054688 0.082031
2 0.342773 0.615234 0.064453 0.097656
2 0.484375 0.620117 0.050781 0.080078
2 0.714844 0.517578 0.054688 0.089844
2 0.626953 0.619141 0.058594 0.128906
2 0.029297 0.861328 0.058594 0.097656
2 0.098633 0.875977 0.060547 0.091797
2 0.248047 0.872070 0.054688 0.087891
2 0.375977 0.894531 0.064453 0.082031
